PIDS gateway=190 broker=188 probe=202
CLK_TCK=100 (Linux USER_HZ fallback=100 if getconf unavailable)
SAMPLE 5.91
PROCESS 190
190 (mqmgateway_iot) S 169 169 167 52288 169 4194304 181 0 15 0 4 4 0 0 20 0 6 0 477 181891072 806 18446744073709551615 187650259009536 187650259108896 281474124555712 0 0 0 0 4 16386 0 0 0 17 4 0 0 0 0 0 187650259114208 187650259116064 187650259120128 281474124557857 281474124558170 281474124558170 281474124558304 0
VmHWM:	    3224 kB
VmRSS:	    3224 kB
Threads:	6
THREAD 190 (mqmgateway_iot) S 169 169 167 52288 169 4194304 167 0 13 0 2 2 0 0 20 0 6 0 477 383217664 806 18446744073709551615 187650259009536 187650259108896 281474124555712 0 0 0 0 4 16386 1 0 0 17 4 0 0 0 0 0 187650259114208 187650259116064 187650259120128 281474124557857 281474124558170 281474124558170 281474124558304 0
THREAD 192 (mosquitto loop) R 169 169 167 52288 169 4194368 3 0 0 0 2 1 0 0 20 0 6 0 481 383217664 806 18446744073709551615 187650259009536 187650259108896 281474124555712 0 0 0 0 4 16386 0 0 0 -1 0 0 0 0 0 0 187650259114208 187650259116064 187650259120128 281474124557857 281474124558170 281474124558170 281474124558304 0
THREAD 193 (mqmgateway_iot) S 169 169 167 52288 169 4194368 5 0 0 0 3 1 0 0 20 0 6 0 481 383217664 806 18446744073709551615 187650259009536 187650259108896 281474124555712 0 0 0 0 4 16386 1 0 0 -1 7 0 0 0 0 0 187650259114208 187650259116064 187650259120128 281474124557857 281474124558170 281474124558170 281474124558304 0
THREAD 194 (mqmgateway_iot) R 169 169 167 52288 169 4194368 14 0 0 0 2 1 0 0 20 0 6 0 481 383217664 806 18446744073709551615 187650259009536 187650259108896 281474124555712 0 0 0 0 4 16386 0 0 0 -1 1 0 0 0 0 0 187650259114208 187650259116064 187650259120128 281474124557857 281474124558170 281474124558170 281474124558304 0
THREAD 195 (mqmgateway_iot) R 169 169 167 52288 169 4194368 14 0 0 0 2 2 0 0 20 0 6 0 481 383217664 806 18446744073709551615 187650259009536 187650259108896 281474124555712 0 0 0 0 4 16386 0 0 0 -1 6 0 0 0 0 0 187650259114208 187650259116064 187650259120128 281474124557857 281474124558170 281474124558170 281474124558304 0
THREAD 196 (mqmgateway_iot) S 169 169 167 52288 169 4194368 8 0 2 0 1 1 0 0 20 0 6 0 481 383217664 806 18446744073709551615 187650259009536 187650259108896 281474124555712 0 0 0 0 4 16386 1 0 0 -1 6 0 0 0 0 0 187650259114208 187650259116064 187650259120128 281474124557857 281474124558170 281474124558170 281474124558304 0
PROCESS 188
188 (mosquitto) R 169 169 167 52288 169 4194560 126 0 0 0 10 10 0 0 20 0 1 0 374 3772416 444 18446744073709551615 187650352189440 187650352432408 281474361296320 0 0 0 0 4100 18947 0 0 0 17 3 0 0 0 0 0 187650352437504 187650352439464 187650352467968 281474361298698 281474361298782 281474361298782 281474361298916 0
VmHWM:	    1776 kB
VmRSS:	    1776 kB
Threads:	1
THREAD 188 (mosquitto) R 169 169 167 52288 169 4194560 126 0 0 0 13 13 0 0 20 0 1 0 374 3772416 444 18446744073709551615 187650352189440 187650352432408 281474361296320 0 0 0 0 4100 18947 0 0 0 17 3 0 0 0 0 0 187650352437504 187650352439464 187650352467968 281474361298698 281474361298782 281474361298782 281474361298916 0
PROCESS 202
202 (mqmgateway_arm6) R 169 169 167 52288 169 4194304 827 0 2 0 19 14 0 0 20 0 2 0 588 85700608 1996 18446744073709551615 187650532155392 187650532191164 281474001041488 0 0 0 0 6 0 0 0 0 17 4 0 0 0 0 0 187650532194768 187650532196384 187650532200448 281474001043024 281474001043281 281474001043281 281474001043415 0
VmHWM:	    7984 kB
VmRSS:	    7984 kB
Threads:	2
THREAD 202 (mqmgateway_arm6) S 169 169 167 52288 169 4194304 825 0 1 0 12 8 0 0 20 0 2 0 588 85700608 1996 18446744073709551615 187650532155392 187650532191164 281474001041488 0 0 0 0 6 0 1 0 0 17 4 0 0 0 0 0 187650532194768 187650532196384 187650532200448 281474001043024 281474001043281 281474001043281 281474001043415 0
THREAD 206 (mosquitto loop) R 169 169 167 52288 169 4194368 2 0 1 0 10 10 0 0 20 0 2 0 592 85700608 1996 18446744073709551615 187650532155392 187650532191164 281474001041488 0 0 0 0 6 0 1 0 0 -1 2 0 0 0 0 0 187650532194768 187650532196384 187650532200448 281474001043024 281474001043281 281474001043281 281474001043415 0
SYSTEM cpu  214 0 196 4411 3 0 9 0 0 0
MemFree:          956420 kB
MemAvailable:     926856 kB
SwapFree:              0 kB
METRICS {"enqueued":0,"dequeued":0,"current_depth":0,"peak_depth":0,"rejected":0,"processing_latency_ms":0,"published":3,"publish_failures":0,"command_timeouts":0,"can_errors":0,"telemetry_qos":1,"mqtt_max_inflight":20,"pipeline_metrics_enabled":true,"can_pipeline":{"frames_read":0,"parsed":0,"rejected_frames":0,"read_errors":0,"parse":{"count":0,"mean_us":0,"max_us":0,"p50_upper_us":0,"p95_upper_us":0,"p99_upper_us":0}},"telemetry_enqueued":0,"telemetry_dequeued":0,"telemetry_queue_wait":{"count":0,"mean_us":0,"max_us":0,"p50_upper_us":0,"p95_upper_us":0,"p99_upper_us":0},"command_queue_wait":{"count":0,"mean_us":0,"max_us":0,"p50_upper_us":0,"p95_upper_us":0,"p99_upper_us":0},"telemetry_worker_before_publish":{"count":0,"mean_us":0,"max_us":0,"p50_upper_us":0,"p95_upper_us":0,"p99_upper_us":0},"mqtt_pipeline":{"publish_calls":3,"publish_accepted":3,"publish_api_errors":0,"puback_received":2,"qos0_local_completed":0,"telemetry_accepted":0,"telemetry_puback_received":0,"pending_tracked":1,"pending_peak":2,"oldest_pending_us":2737.42,"tracking_dropped":0,"unmatched_callbacks":0,"tracking_complete":true,"publish_api":{"count":3,"mean_us":459.413,"max_us":882.176,"p50_upper_us":512,"p95_upper_us":882.176,"p99_upper_us":882.176},"telemetry_puback":{"count":0,"mean_us":0,"max_us":0,"p50_upper_us":0,"p95_upper_us":0,"p99_upper_us":0}}}
SAMPLE 11.36
PROCESS 190
190 (mqmgateway_iot) S 169 169 167 52288 169 4194304 1280 0 15 0 645 530 0 0 20 0 6 0 477 383217664 1862 18446744073709551615 187650259009536 187650259108896 281474124555712 0 0 0 0 4 16386 0 0 0 17 4 0 0 0 0 0 187650259114208 187650259116064 187650259120128 281474124557857 281474124558170 281474124558170 281474124558304 0
VmHWM:	    7448 kB
VmRSS:	    7448 kB
Threads:	6
THREAD 190 (mqmgateway_iot) S 169 169 167 52288 169 4194304 167 0 13 0 2 3 0 0 20 0 6 0 477 383217664 1862 18446744073709551615 187650259009536 187650259108896 281474124555712 0 0 0 0 4 16386 1 0 0 17 4 0 0 0 0 0 187650259114208 187650259116064 187650259120128 281474124557857 281474124558170 281474124558170 281474124558304 0
THREAD 192 (mosquitto loop) R 169 169 167 52288 169 4194368 4 0 0 0 156 214 0 0 20 0 6 0 481 383217664 1862 18446744073709551615 187650259009536 187650259108896 281474124555712 0 0 0 0 4 16386 0 0 0 -1 0 0 0 0 0 0 187650259114208 187650259116064 187650259120128 281474124557857 281474124558170 281474124558170 281474124558304 0
THREAD 193 (mqmgateway_iot) S 169 169 167 52288 169 4194368 107 0 0 0 171 151 0 0 20 0 6 0 481 383217664 1862 18446744073709551615 187650259009536 187650259108896 281474124555712 0 0 0 0 4 16386 0 0 0 -1 7 0 0 0 0 0 187650259114208 187650259116064 187650259120128 281474124557857 281474124558170 281474124558170 281474124558304 0
THREAD 194 (mqmgateway_iot) S 169 169 167 52288 169 4194368 499 0 0 0 184 59 0 0 20 0 6 0 481 383217664 1862 18446744073709551615 187650259009536 187650259108896 281474124555712 0 0 0 0 4 16386 1 0 0 -1 1 0 0 0 0 0 187650259114208 187650259116064 187650259120128 281474124557857 281474124558170 281474124558170 281474124558304 0
THREAD 195 (mqmgateway_iot) R 169 169 167 52288 169 4194368 523 0 0 0 182 68 0 0 20 0 6 0 481 383217664 1862 18446744073709551615 187650259009536 187650259108896 281474124555712 0 0 0 0 4 16386 0 0 0 -1 5 0 0 0 0 0 187650259114208 187650259116064 187650259120128 281474124557857 281474124558170 281474124558170 281474124558304 0
THREAD 196 (mqmgateway_iot) S 169 169 167 52288 169 4194368 8 0 2 0 3 1 0 0 20 0 6 0 481 383217664 1894 18446744073709551615 187650259009536 187650259108896 281474124555712 0 0 0 0 4 16386 1 0 0 -1 6 0 0 0 0 0 187650259114208 187650259116064 187650259120128 281474124557857 281474124558170 281474124558170 281474124558304 0
PROCESS 188
188 (mosquitto) R 169 169 167 52288 169 4194560 137 0 0 0 177 390 0 0 20 0 1 0 374 3772416 444 18446744073709551615 187650352189440 187650352432408 281474361296320 0 0 0 0 4100 18947 0 0 0 17 3 0 0 0 0 0 187650352437504 187650352439464 187650352467968 281474361298698 281474361298782 281474361298782 281474361298916 0
VmHWM:	    1776 kB
VmRSS:	    1776 kB
Threads:	1
THREAD 188 (mosquitto) R 169 169 167 52288 169 4194560 137 0 0 0 179 393 0 0 20 0 1 0 374 3772416 444 18446744073709551615 187650352189440 187650352432408 281474361296320 0 0 0 0 4100 18947 0 0 0 17 3 0 0 0 0 0 187650352437504 187650352439464 187650352467968 281474361298698 281474361298782 281474361298782 281474361298916 0
PROCESS 202
202 (mqmgateway_arm6) S 169 169 167 52288 169 4194304 827 0 2 0 297 380 0 0 20 0 2 0 588 85700608 1996 18446744073709551615 187650532155392 187650532191164 281474001041488 0 0 0 0 6 0 0 0 0 17 4 0 0 0 0 0 187650532194768 187650532196384 187650532200448 281474001043024 281474001043281 281474001043281 281474001043415 0
VmHWM:	    7984 kB
VmRSS:	    7984 kB
Threads:	2
THREAD 202 (mqmgateway_arm6) S 169 169 167 52288 169 4194304 825 0 1 0 150 164 0 0 20 0 2 0 588 85700608 1996 18446744073709551615 187650532155392 187650532191164 281474001041488 0 0 0 0 6 0 1 0 0 17 4 0 0 0 0 0 187650532194768 187650532196384 187650532200448 281474001043024 281474001043281 281474001043281 281474001043415 0
THREAD 206 (mosquitto loop) S 169 169 167 52288 169 4194368 2 0 1 0 157 215 0 0 20 0 2 0 592 85700608 1996 18446744073709551615 187650532155392 187650532191164 281474001041488 0 0 0 0 6 0 1 0 0 -1 2 0 0 0 0 0 187650532194768 187650532196384 187650532200448 281474001043024 281474001043281 281474001043281 281474001043415 0
SYSTEM cpu  1006 0 1039 6022 3 0 133 0 0 0
MemFree:          953060 kB
MemAvailable:     923504 kB
SwapFree:              0 kB
METRICS {"enqueued":19819,"dequeued":19819,"current_depth":0,"peak_depth":20,"rejected":0,"processing_latency_ms":0.206017,"published":19827,"publish_failures":0,"command_timeouts":0,"can_errors":0,"telemetry_qos":1,"mqtt_max_inflight":20,"pipeline_metrics_enabled":true,"can_pipeline":{"frames_read":19820,"parsed":19820,"rejected_frames":0,"read_errors":0,"parse":{"count":19820,"mean_us":11.9136,"max_us":442.064,"p50_upper_us":8,"p95_upper_us":64,"p99_upper_us":128}},"telemetry_enqueued":19820,"telemetry_dequeued":19819,"telemetry_queue_wait":{"count":19819,"mean_us":200.12,"max_us":4341.25,"p50_upper_us":256,"p95_upper_us":512,"p99_upper_us":1024},"command_queue_wait":{"count":0,"mean_us":0,"max_us":0,"p50_upper_us":0,"p95_upper_us":0,"p99_upper_us":0},"telemetry_worker_before_publish":{"count":19819,"mean_us":41.8058,"max_us":3082.7,"p50_upper_us":32,"p95_upper_us":128,"p99_upper_us":512},"mqtt_pipeline":{"publish_calls":19827,"publish_accepted":19827,"publish_api_errors":0,"puback_received":7192,"qos0_local_completed":0,"telemetry_accepted":19819,"telemetry_puback_received":7188,"pending_tracked":4096,"pending_peak":4096,"oldest_pending_us":2.98724e+06,"tracking_dropped":8539,"unmatched_callbacks":684,"tracking_complete":false,"publish_api":{"count":19827,"mean_us":30.2293,"max_us":1005.22,"p50_upper_us":8,"p95_upper_us":128,"p99_upper_us":512},"telemetry_puback":{"count":7188,"mean_us":1.38424e+06,"max_us":2.98487e+06,"p50_upper_us":2.09715e+06,"p95_upper_us":2.98487e+06,"p99_upper_us":2.98487e+06}}}
SAMPLE 16.84
PROCESS 190
190 (mqmgateway_iot) S 169 169 167 52288 169 4194304 2315 0 15 0 1261 1046 0 0 20 0 6 0 477 383217664 2854 18446744073709551615 187650259009536 187650259108896 281474124555712 0 0 0 0 4 16386 0 0 0 17 4 0 0 0 0 0 187650259114208 187650259116064 187650259120128 281474124557857 281474124558170 281474124558170 281474124558304 0
VmHWM:	   11416 kB
VmRSS:	   11416 kB
Threads:	6
THREAD 190 (mqmgateway_iot) S 169 169 167 52288 169 4194304 167 0 13 0 2 3 0 0 20 0 6 0 477 383217664 2854 18446744073709551615 187650259009536 187650259108896 281474124555712 0 0 0 0 4 16386 1 0 0 17 4 0 0 0 0 0 187650259114208 187650259116064 187650259120128 281474124557857 281474124558170 281474124558170 281474124558304 0
THREAD 192 (mosquitto loop) R 169 169 167 52288 169 4194368 5 0 0 0 311 417 0 0 20 0 6 0 481 383217664 2854 18446744073709551615 187650259009536 187650259108896 281474124555712 0 0 0 0 4 16386 0 0 0 -1 0 0 0 0 0 0 187650259114208 187650259116064 187650259120128 281474124557857 281474124558170 281474124558170 281474124558304 0
THREAD 193 (mqmgateway_iot) R 169 169 167 52288 169 4194368 206 0 0 0 329 307 0 0 20 0 6 0 481 383217664 2854 18446744073709551615 187650259009536 187650259108896 281474124555712 0 0 0 0 4 16386 0 0 0 -1 5 0 0 0 0 0 187650259114208 187650259116064 187650259120128 281474124557857 281474124558170 281474124558170 281474124558304 0
THREAD 194 (mqmgateway_iot) R 169 169 167 52288 169 4194368 1031 0 0 0 340 127 0 0 20 0 6 0 481 383217664 2854 18446744073709551615 187650259009536 187650259108896 281474124555712 0 0 0 0 4 16386 0 0 0 -1 7 0 0 0 0 0 187650259114208 187650259116064 187650259120128 281474124557857 281474124558170 281474124558170 281474124558304 0
THREAD 195 (mqmgateway_iot) R 169 169 167 52288 169 4194368 921 0 0 0 345 132 0 0 20 0 6 0 481 383217664 2854 18446744073709551615 187650259009536 187650259108896 281474124555712 0 0 0 0 4 16386 0 0 0 -1 7 0 0 0 0 0 187650259114208 187650259116064 187650259120128 281474124557857 281474124558170 281474124558170 281474124558304 0
THREAD 196 (mqmgateway_iot) S 169 169 167 52288 169 4194368 8 0 2 0 5 2 0 0 20 0 6 0 481 383217664 2854 18446744073709551615 187650259009536 187650259108896 281474124555712 0 0 0 0 4 16386 1 0 0 -1 7 0 0 0 0 0 187650259114208 187650259116064 187650259120128 281474124557857 281474124558170 281474124558170 281474124558304 0
PROCESS 188
188 (mosquitto) R 169 169 167 52288 169 4194560 137 0 0 0 356 756 0 0 20 0 1 0 374 3772416 444 18446744073709551615 187650352189440 187650352432408 281474361296320 0 0 0 0 4100 18947 0 0 0 17 6 0 0 0 0 0 187650352437504 187650352439464 187650352467968 281474361298698 281474361298782 281474361298782 281474361298916 0
VmHWM:	    1776 kB
VmRSS:	    1776 kB
Threads:	1
THREAD 188 (mosquitto) R 169 169 167 52288 169 4194560 137 0 0 0 357 760 0 0 20 0 1 0 374 3772416 444 18446744073709551615 187650352189440 187650352432408 281474361296320 0 0 0 0 4100 18947 0 0 0 17 6 0 0 0 0 0 187650352437504 187650352439464 187650352467968 281474361298698 281474361298782 281474361298782 281474361298916 0
PROCESS 202
202 (mqmgateway_arm6) S 169 169 167 52288 169 4194304 827 0 2 0 573 737 0 0 20 0 2 0 588 85700608 1996 18446744073709551615 187650532155392 187650532191164 281474001041488 0 0 0 0 6 0 0 0 0 17 4 0 0 0 0 0 187650532194768 187650532196384 187650532200448 281474001043024 281474001043281 281474001043281 281474001043415 0
VmHWM:	    7984 kB
VmRSS:	    7984 kB
Threads:	2
THREAD 202 (mqmgateway_arm6) R 169 169 167 52288 169 4194304 825 0 1 0 292 308 0 0 20 0 2 0 588 85700608 1996 18446744073709551615 187650532155392 187650532191164 281474001041488 0 0 0 0 6 0 0 0 0 17 4 0 0 0 0 0 187650532194768 187650532196384 187650532200448 281474001043024 281474001043281 281474001043281 281474001043415 0
THREAD 206 (mosquitto loop) S 169 169 167 52288 169 4194368 2 0 1 0 299 416 0 0 20 0 2 0 592 85700608 1996 18446744073709551615 187650532155392 187650532191164 281474001041488 0 0 0 0 6 0 1 0 0 -1 3 0 0 0 0 0 187650532194768 187650532196384 187650532200448 281474001043024 281474001043281 281474001043281 281474001043415 0
SYSTEM cpu  1792 0 1861 7702 3 0 254 0 0 0
MemFree:          951876 kB
MemAvailable:     922348 kB
SwapFree:              0 kB
METRICS {"enqueued":44053,"dequeued":44051,"current_depth":2,"peak_depth":22,"rejected":0,"processing_latency_ms":0.198174,"published":44063,"publish_failures":0,"command_timeouts":0,"can_errors":0,"telemetry_qos":1,"mqtt_max_inflight":20,"pipeline_metrics_enabled":true,"can_pipeline":{"frames_read":44057,"parsed":44057,"rejected_frames":0,"read_errors":0,"parse":{"count":44057,"mean_us":11.6074,"max_us":843.136,"p50_upper_us":8,"p95_upper_us":64,"p99_upper_us":128}},"telemetry_enqueued":44057,"telemetry_dequeued":44051,"telemetry_queue_wait":{"count":44051,"mean_us":192.374,"max_us":4464.08,"p50_upper_us":256,"p95_upper_us":512,"p99_upper_us":1024},"command_queue_wait":{"count":0,"mean_us":0,"max_us":0,"p50_upper_us":0,"p95_upper_us":0,"p99_upper_us":0},"telemetry_worker_before_publish":{"count":44051,"mean_us":41.8823,"max_us":3082.7,"p50_upper_us":32,"p95_upper_us":128,"p99_upper_us":512},"mqtt_pipeline":{"publish_calls":44063,"publish_accepted":44063,"publish_api_errors":0,"puback_received":10921,"qos0_local_completed":0,"telemetry_accepted":44049,"telemetry_puback_received":10915,"pending_tracked":4096,"pending_peak":4096,"oldest_pending_us":6.63653e+06,"tracking_dropped":29046,"unmatched_callbacks":6595,"tracking_complete":false,"publish_api":{"count":44063,"mean_us":30.0608,"max_us":3025.02,"p50_upper_us":8,"p95_upper_us":128,"p99_upper_us":512},"telemetry_puback":{"count":10915,"mean_us":2.5573e+06,"max_us":6.63557e+06,"p50_upper_us":2.09715e+06,"p95_upper_us":6.63557e+06,"p99_upper_us":6.63557e+06}}}
SAMPLE 22.28
PROCESS 190
190 (mqmgateway_iot) S 169 169 167 52288 169 4194304 3225 0 15 0 1783 1471 0 0 20 0 6 0 477 383217664 3782 18446744073709551615 187650259009536 187650259108896 281474124555712 0 0 0 0 4 16386 0 0 0 17 4 0 0 0 0 0 187650259114208 187650259116064 187650259120128 281474124557857 281474124558170 281474124558170 281474124558304 0
VmHWM:	   15128 kB
VmRSS:	   15128 kB
Threads:	6
THREAD 190 (mqmgateway_iot) S 169 169 167 52288 169 4194304 167 0 13 0 2 3 0 0 20 0 6 0 477 383217664 3782 18446744073709551615 187650259009536 187650259108896 281474124555712 0 0 0 0 4 16386 1 0 0 17 4 0 0 0 0 0 187650259114208 187650259116064 187650259120128 281474124557857 281474124558170 281474124558170 281474124558304 0
THREAD 192 (mosquitto loop) R 169 169 167 52288 169 4194368 5 0 0 0 446 626 0 0 20 0 6 0 481 383217664 3782 18446744073709551615 187650259009536 187650259108896 281474124555712 0 0 0 0 4 16386 0 0 0 -1 0 0 0 0 0 0 187650259114208 187650259116064 187650259120128 281474124557857 281474124558170 281474124558170 281474124558304 0
THREAD 193 (mqmgateway_iot) S 169 169 167 52288 169 4194368 282 0 0 0 485 440 0 0 20 0 6 0 481 383217664 3782 18446744073709551615 187650259009536 187650259108896 281474124555712 0 0 0 0 4 16386 1 0 0 -1 5 0 0 0 0 0 187650259114208 187650259116064 187650259120128 281474124557857 281474124558170 281474124558170 281474124558304 0
THREAD 194 (mqmgateway_iot) S 169 169 167 52288 169 4194368 1438 0 0 0 453 169 0 0 20 0 6 0 481 383217664 3782 18446744073709551615 187650259009536 187650259108896 281474124555712 0 0 0 0 4 16386 1 0 0 -1 7 0 0 0 0 0 187650259114208 187650259116064 187650259120128 281474124557857 281474124558170 281474124558170 281474124558304 0
THREAD 195 (mqmgateway_iot) R 169 169 167 52288 169 4194368 1349 0 0 0 464 168 0 0 20 0 6 0 481 383217664 3782 18446744073709551615 187650259009536 187650259108896 281474124555712 0 0 0 0 4 16386 0 0 0 -1 7 0 0 0 0 0 187650259114208 187650259116064 187650259120128 281474124557857 281474124558170 281474124558170 281474124558304 0
THREAD 196 (mqmgateway_iot) S 169 169 167 52288 169 4194368 8 0 2 0 6 3 0 0 20 0 6 0 481 383217664 3814 18446744073709551615 187650259009536 187650259108896 281474124555712 0 0 0 0 4 16386 1 0 0 -1 3 0 0 0 0 0 187650259114208 187650259116064 187650259120128 281474124557857 281474124558170 281474124558170 281474124558304 0
PROCESS 188
188 (mosquitto) R 169 169 167 52288 169 4194560 137 0 0 0 529 1126 0 0 20 0 1 0 374 3772416 444 18446744073709551615 187650352189440 187650352432408 281474361296320 0 0 0 0 4100 18947 0 0 0 17 6 0 0 0 0 0 187650352437504 187650352439464 187650352467968 281474361298698 281474361298782 281474361298782 281474361298916 0
VmHWM:	    1776 kB
VmRSS:	    1776 kB
Threads:	1
THREAD 188 (mosquitto) R 169 169 167 52288 169 4194560 137 0 0 0 530 1131 0 0 20 0 1 0 374 3772416 444 18446744073709551615 187650352189440 187650352432408 281474361296320 0 0 0 0 4100 18947 0 0 0 17 6 0 0 0 0 0 187650352437504 187650352439464 187650352467968 281474361298698 281474361298782 281474361298782 281474361298916 0
PROCESS 202
202 (mqmgateway_arm6) S 169 169 167 52288 169 4194304 827 0 2 0 832 1097 0 0 20 0 2 0 588 85700608 1996 18446744073709551615 187650532155392 187650532191164 281474001041488 0 0 0 0 6 0 0 0 0 17 4 0 0 0 0 0 187650532194768 187650532196384 187650532200448 281474001043024 281474001043281 281474001043281 281474001043415 0
VmHWM:	    7984 kB
VmRSS:	    7984 kB
Threads:	2
THREAD 202 (mqmgateway_arm6) S 169 169 167 52288 169 4194304 825 0 1 0 420 455 0 0 20 0 2 0 588 85700608 1996 18446744073709551615 187650532155392 187650532191164 281474001041488 0 0 0 0 6 0 1 0 0 17 4 0 0 0 0 0 187650532194768 187650532196384 187650532200448 281474001043024 281474001043281 281474001043281 281474001043415 0
THREAD 206 (mosquitto loop) R 169 169 167 52288 169 4194368 2 0 1 0 439 621 0 0 20 0 2 0 592 85700608 1996 18446744073709551615 187650532155392 187650532191164 281474001041488 0 0 0 0 6 0 0 0 0 -1 3 0 0 0 0 0 187650532194768 187650532196384 187650532200448 281474001043024 281474001043281 281474001043281 281474001043415 0
SYSTEM cpu  2540 0 2654 9588 4 0 392 0 0 0
MemFree:          946108 kB
MemAvailable:     916588 kB
SwapFree:              0 kB
METRICS {"enqueued":64261,"dequeued":64261,"current_depth":0,"peak_depth":22,"rejected":0,"processing_latency_ms":0.19439,"published":64280,"publish_failures":0,"command_timeouts":0,"can_errors":0,"telemetry_qos":1,"mqtt_max_inflight":20,"pipeline_metrics_enabled":true,"can_pipeline":{"frames_read":64263,"parsed":64263,"rejected_frames":0,"read_errors":0,"parse":{"count":64263,"mean_us":11.2856,"max_us":843.136,"p50_upper_us":8,"p95_upper_us":64,"p99_upper_us":128}},"telemetry_enqueued":64263,"telemetry_dequeued":64261,"telemetry_queue_wait":{"count":64261,"mean_us":188.852,"max_us":4893.58,"p50_upper_us":256,"p95_upper_us":512,"p99_upper_us":1024},"command_queue_wait":{"count":0,"mean_us":0,"max_us":0,"p50_upper_us":0,"p95_upper_us":0,"p99_upper_us":0},"telemetry_worker_before_publish":{"count":64262,"mean_us":42.5214,"max_us":3082.7,"p50_upper_us":32,"p95_upper_us":128,"p99_upper_us":512},"mqtt_pipeline":{"publish_calls":64291,"publish_accepted":64291,"publish_api_errors":0,"puback_received":12365,"qos0_local_completed":0,"telemetry_accepted":64272,"telemetry_puback_received":12359,"pending_tracked":4095,"pending_peak":4096,"oldest_pending_us":9.32453e+06,"tracking_dropped":47831,"unmatched_callbacks":14605,"tracking_complete":false,"publish_api":{"count":64291,"mean_us":28.6595,"max_us":3025.02,"p50_upper_us":8,"p95_upper_us":128,"p99_upper_us":512},"telemetry_puback":{"count":12359,"mean_us":3.19445e+06,"max_us":9.32701e+06,"p50_upper_us":4.1943e+06,"p95_upper_us":8.38861e+06,"p99_upper_us":9.32701e+06}}}
SAMPLE 27.72
PROCESS 190
190 (mqmgateway_iot) S 169 169 167 52288 169 4194304 4144 0 15 0 2308 1897 0 0 20 0 6 0 477 383217664 4678 18446744073709551615 187650259009536 187650259108896 281474124555712 0 0 0 0 4 16386 0 0 0 17 4 0 0 0 0 0 187650259114208 187650259116064 187650259120128 281474124557857 281474124558170 281474124558170 281474124558304 0
VmHWM:	   18712 kB
VmRSS:	   18712 kB
Threads:	6
THREAD 190 (mqmgateway_iot) S 169 169 167 52288 169 4194304 167 0 13 0 2 4 0 0 20 0 6 0 477 383217664 4678 18446744073709551615 187650259009536 187650259108896 281474124555712 0 0 0 0 4 16386 1 0 0 17 4 0 0 0 0 0 187650259114208 187650259116064 187650259120128 281474124557857 281474124558170 281474124558170 281474124558304 0
THREAD 192 (mosquitto loop) R 169 169 167 52288 169 4194368 7 0 0 0 591 828 0 0 20 0 6 0 481 383217664 4678 18446744073709551615 187650259009536 187650259108896 281474124555712 0 0 0 0 4 16386 1 0 0 -1 0 0 0 0 0 0 187650259114208 187650259116064 187650259120128 281474124557857 281474124558170 281474124558170 281474124558304 0
THREAD 193 (mqmgateway_iot) R 169 169 167 52288 169 4194368 358 0 0 0 641 574 0 0 20 0 6 0 481 383217664 4710 18446744073709551615 187650259009536 187650259108896 281474124555712 0 0 0 0 4 16386 1 0 0 -1 5 0 0 0 0 0 187650259114208 187650259116064 187650259120128 281474124557857 281474124558170 281474124558170 281474124558304 0
THREAD 194 (mqmgateway_iot) R 169 169 167 52288 169 4194368 1828 0 0 0 569 209 0 0 20 0 6 0 481 383217664 4710 18446744073709551615 187650259009536 187650259108896 281474124555712 0 0 0 0 4 16386 0 0 0 -1 7 0 0 0 0 0 187650259114208 187650259116064 187650259120128 281474124557857 281474124558170 281474124558170 281474124558304 0
THREAD 195 (mqmgateway_iot) R 169 169 167 52288 169 4194368 1800 0 0 0 577 212 0 0 20 0 6 0 481 383217664 4710 18446744073709551615 187650259009536 187650259108896 281474124555712 0 0 0 0 4 16386 0 0 0 -1 7 0 0 0 0 0 187650259114208 187650259116064 187650259120128 281474124557857 281474124558170 281474124558170 281474124558304 0
THREAD 196 (mqmgateway_iot) S 169 169 167 52288 169 4194368 8 0 2 0 6 5 0 0 20 0 6 0 481 383217664 4710 18446744073709551615 187650259009536 187650259108896 281474124555712 0 0 0 0 4 16386 1 0 0 -1 3 0 0 0 0 0 187650259114208 187650259116064 187650259120128 281474124557857 281474124558170 281474124558170 281474124558304 0
PROCESS 188
188 (mosquitto) R 169 169 167 52288 169 4194560 137 0 0 0 707 1492 0 0 20 0 1 0 374 3772416 444 18446744073709551615 187650352189440 187650352432408 281474361296320 0 0 0 0 4100 18947 0 0 0 17 6 0 0 0 0 0 187650352437504 187650352439464 187650352467968 281474361298698 281474361298782 281474361298782 281474361298916 0
VmHWM:	    1776 kB
VmRSS:	    1776 kB
Threads:	1
THREAD 188 (mosquitto) R 169 169 167 52288 169 4194560 137 0 0 0 708 1496 0 0 20 0 1 0 374 3772416 444 18446744073709551615 187650352189440 187650352432408 281474361296320 0 0 0 0 4100 18947 0 0 0 17 6 0 0 0 0 0 187650352437504 187650352439464 187650352467968 281474361298698 281474361298782 281474361298782 281474361298916 0
PROCESS 202
202 (mqmgateway_arm6) R 169 169 167 52288 169 4194304 827 0 2 0 1100 1444 0 0 20 0 2 0 588 85700608 1996 18446744073709551615 187650532155392 187650532191164 281474001041488 0 0 0 0 6 0 0 0 0 17 4 0 0 0 0 0 187650532194768 187650532196384 187650532200448 281474001043024 281474001043281 281474001043281 281474001043415 0
VmHWM:	    7984 kB
VmRSS:	    7984 kB
Threads:	2
THREAD 202 (mqmgateway_arm6) S 169 169 167 52288 169 4194304 825 0 1 0 547 604 0 0 20 0 2 0 588 85700608 1996 18446744073709551615 187650532155392 187650532191164 281474001041488 0 0 0 0 6 0 1 0 0 17 4 0 0 0 0 0 187650532194768 187650532196384 187650532200448 281474001043024 281474001043281 281474001043281 281474001043415 0
THREAD 206 (mosquitto loop) S 169 169 167 52288 169 4194368 2 0 1 0 585 814 0 0 20 0 2 0 592 85700608 1996 18446744073709551615 187650532155392 187650532191164 281474001041488 0 0 0 0 6 0 1 0 0 -1 3 0 0 0 0 0 187650532194768 187650532196384 187650532200448 281474001043024 281474001043281 281474001043281 281474001043415 0
SYSTEM cpu  3311 0 3438 11477 4 0 528 0 0 0
MemFree:          943936 kB
MemAvailable:     914436 kB
SwapFree:              0 kB
METRICS {"enqueued":88582,"dequeued":88581,"current_depth":1,"peak_depth":22,"rejected":0,"processing_latency_ms":0.193568,"published":88606,"publish_failures":0,"command_timeouts":0,"can_errors":0,"telemetry_qos":1,"mqtt_max_inflight":20,"pipeline_metrics_enabled":true,"can_pipeline":{"frames_read":88583,"parsed":88583,"rejected_frames":0,"read_errors":0,"parse":{"count":88583,"mean_us":11.1766,"max_us":843.136,"p50_upper_us":8,"p95_upper_us":64,"p99_upper_us":128}},"telemetry_enqueued":88583,"telemetry_dequeued":88582,"telemetry_queue_wait":{"count":88582,"mean_us":188.283,"max_us":4893.58,"p50_upper_us":256,"p95_upper_us":512,"p99_upper_us":1024},"command_queue_wait":{"count":0,"mean_us":0,"max_us":0,"p50_upper_us":0,"p95_upper_us":0,"p99_upper_us":0},"telemetry_worker_before_publish":{"count":88582,"mean_us":42.4887,"max_us":3082.7,"p50_upper_us":32,"p95_upper_us":128,"p99_upper_us":512},"mqtt_pipeline":{"publish_calls":88607,"publish_accepted":88607,"publish_api_errors":0,"puback_received":14156,"qos0_local_completed":0,"telemetry_accepted":88582,"telemetry_puback_received":14149,"pending_tracked":4096,"pending_peak":4096,"oldest_pending_us":1.26277e+07,"tracking_dropped":70355,"unmatched_callbacks":23922,"tracking_complete":false,"publish_api":{"count":88607,"mean_us":28.0069,"max_us":3025.02,"p50_upper_us":8,"p95_upper_us":128,"p99_upper_us":512},"telemetry_puback":{"count":14149,"mean_us":4.18094e+06,"max_us":1.26268e+07,"p50_upper_us":4.1943e+06,"p95_upper_us":1.26268e+07,"p99_upper_us":1.26268e+07}}}
SAMPLE 33.16
PROCESS 190
190 (mqmgateway_iot) S 169 169 167 52288 169 4194304 5057 0 15 0 2838 2314 0 0 20 0 6 0 477 383217664 5574 18446744073709551615 187650259009536 187650259108896 281474124555712 0 0 0 0 4 16386 0 0 0 17 4 0 0 0 0 0 187650259114208 187650259116064 187650259120128 281474124557857 281474124558170 281474124558170 281474124558304 0
VmHWM:	   22424 kB
VmRSS:	   22424 kB
Threads:	6
THREAD 190 (mqmgateway_iot) S 169 169 167 52288 169 4194304 167 0 13 0 2 5 0 0 20 0 6 0 477 383217664 5606 18446744073709551615 187650259009536 187650259108896 281474124555712 0 0 0 0 4 16386 1 0 0 17 4 0 0 0 0 0 187650259114208 187650259116064 187650259120128 281474124557857 281474124558170 281474124558170 281474124558304 0
THREAD 192 (mosquitto loop) R 169 169 167 52288 169 4194368 7 0 0 0 747 1013 0 0 20 0 6 0 481 383217664 5606 18446744073709551615 187650259009536 187650259108896 281474124555712 0 0 0 0 4 16386 0 0 0 -1 0 0 0 0 0 0 187650259114208 187650259116064 187650259120128 281474124557857 281474124558170 281474124558170 281474124558304 0
THREAD 193 (mqmgateway_iot) R 169 169 167 52288 169 4194368 425 0 0 0 791 716 0 0 20 0 6 0 481 383217664 5606 18446744073709551615 187650259009536 187650259108896 281474124555712 0 0 0 0 4 16386 0 0 0 -1 5 0 0 0 0 0 187650259114208 187650259116064 187650259120128 281474124557857 281474124558170 281474124558170 281474124558304 0
THREAD 194 (mqmgateway_iot) R 169 169 167 52288 169 4194368 2240 0 0 0 679 252 0 0 20 0 6 0 481 383217664 5606 18446744073709551615 187650259009536 187650259108896 281474124555712 0 0 0 0 4 16386 0 0 0 -1 7 0 0 0 0 0 187650259114208 187650259116064 187650259120128 281474124557857 281474124558170 281474124558170 281474124558304 0
THREAD 195 (mqmgateway_iot) R 169 169 167 52288 169 4194368 2234 0 0 0 689 257 0 0 20 0 6 0 481 383217664 5606 18446744073709551615 187650259009536 187650259108896 281474124555712 0 0 0 0 4 16386 0 0 0 -1 7 0 0 0 0 0 187650259114208 187650259116064 187650259120128 281474124557857 281474124558170 281474124558170 281474124558304 0
THREAD 196 (mqmgateway_iot) S 169 169 167 52288 169 4194368 8 0 2 0 7 7 0 0 20 0 6 0 481 383217664 5606 18446744073709551615 187650259009536 187650259108896 281474124555712 0 0 0 0 4 16386 1 0 0 -1 3 0 0 0 0 0 187650259114208 187650259116064 187650259120128 281474124557857 281474124558170 281474124558170 281474124558304 0
PROCESS 188
188 (mosquitto) R 169 169 167 52288 169 4194560 137 0 0 0 879 1865 0 0 20 0 1 0 374 3772416 444 18446744073709551615 187650352189440 187650352432408 281474361296320 0 0 0 0 4100 18947 0 0 0 17 6 0 0 0 0 0 187650352437504 187650352439464 187650352467968 281474361298698 281474361298782 281474361298782 281474361298916 0
VmHWM:	    1776 kB
VmRSS:	    1776 kB
Threads:	1
THREAD 188 (mosquitto) R 169 169 167 52288 169 4194560 137 0 0 0 880 1869 0 0 20 0 1 0 374 3772416 444 18446744073709551615 187650352189440 187650352432408 281474361296320 0 0 0 0 4100 18947 0 0 0 17 6 0 0 0 0 0 187650352437504 187650352439464 187650352467968 281474361298698 281474361298782 281474361298782 281474361298916 0
PROCESS 202
202 (mqmgateway_arm6) R 169 169 167 52288 169 4194304 827 0 2 0 1369 1789 0 0 20 0 2 0 588 85700608 1996 18446744073709551615 187650532155392 187650532191164 281474001041488 0 0 0 0 6 0 0 0 0 17 4 0 0 0 0 0 187650532194768 187650532196384 187650532200448 281474001043024 281474001043281 281474001043281 281474001043415 0
VmHWM:	    7984 kB
VmRSS:	    7984 kB
Threads:	2
THREAD 202 (mqmgateway_arm6) R 169 169 167 52288 169 4194304 825 0 1 0 670 756 0 0 20 0 2 0 588 85700608 1996 18446744073709551615 187650532155392 187650532191164 281474001041488 0 0 0 0 6 0 0 0 0 17 4 0 0 0 0 0 187650532194768 187650532196384 187650532200448 281474001043024 281474001043281 281474001043281 281474001043415 0
THREAD 206 (mosquitto loop) R 169 169 167 52288 169 4194368 2 0 1 0 735 1003 0 0 20 0 2 0 592 85700608 1996 18446744073709551615 187650532155392 187650532191164 281474001041488 0 0 0 0 6 0 1 0 0 -1 3 0 0 0 0 0 187650532194768 187650532196384 187650532200448 281474001043024 281474001043281 281474001043281 281474001043415 0
SYSTEM cpu  4066 0 4203 13367 4 0 663 0 0 0
MemFree:          939956 kB
MemAvailable:     910472 kB
SwapFree:              0 kB
METRICS {"enqueued":108844,"dequeued":108843,"current_depth":1,"peak_depth":22,"rejected":0,"processing_latency_ms":0.191429,"published":108876,"publish_failures":0,"command_timeouts":0,"can_errors":0,"telemetry_qos":1,"mqtt_max_inflight":20,"pipeline_metrics_enabled":true,"can_pipeline":{"frames_read":108846,"parsed":108846,"rejected_frames":0,"read_errors":0,"parse":{"count":108846,"mean_us":11.0308,"max_us":843.136,"p50_upper_us":8,"p95_upper_us":64,"p99_upper_us":128}},"telemetry_enqueued":108846,"telemetry_dequeued":108846,"telemetry_queue_wait":{"count":108846,"mean_us":186.302,"max_us":4893.58,"p50_upper_us":256,"p95_upper_us":512,"p99_upper_us":1024},"command_queue_wait":{"count":0,"mean_us":0,"max_us":0,"p50_upper_us":0,"p95_upper_us":0,"p99_upper_us":0},"telemetry_worker_before_publish":{"count":108846,"mean_us":42.1981,"max_us":3082.7,"p50_upper_us":32,"p95_upper_us":128,"p99_upper_us":512},"mqtt_pipeline":{"publish_calls":108876,"publish_accepted":108876,"publish_api_errors":0,"puback_received":15267,"qos0_local_completed":0,"telemetry_accepted":108846,"telemetry_puback_received":15259,"pending_tracked":4096,"pending_peak":4096,"oldest_pending_us":1.53015e+07,"tracking_dropped":89513,"unmatched_callbacks":32376,"tracking_complete":false,"publish_api":{"count":108876,"mean_us":27.3516,"max_us":3025.02,"p50_upper_us":8,"p95_upper_us":128,"p99_upper_us":512},"telemetry_puback":{"count":15259,"mean_us":4.87389e+06,"max_us":1.53019e+07,"p50_upper_us":4.1943e+06,"p95_upper_us":1.53019e+07,"p99_upper_us":1.53019e+07}}}
SAMPLE 38.61
PROCESS 190
190 (mqmgateway_iot) S 169 169 167 52288 169 4194304 6007 0 15 0 3362 2729 0 0 20 0 6 0 477 383217664 6566 18446744073709551615 187650259009536 187650259108896 281474124555712 0 0 0 0 4 16386 0 0 0 17 4 0 0 0 0 0 187650259114208 187650259116064 187650259120128 281474124557857 281474124558170 281474124558170 281474124558304 0
VmHWM:	   26264 kB
VmRSS:	   26264 kB
Threads:	6
THREAD 190 (mqmgateway_iot) S 169 169 167 52288 169 4194304 167 0 13 0 2 5 0 0 20 0 6 0 477 383217664 6566 18446744073709551615 187650259009536 187650259108896 281474124555712 0 0 0 0 4 16386 1 0 0 17 4 0 0 0 0 0 187650259114208 187650259116064 187650259120128 281474124557857 281474124558170 281474124558170 281474124558304 0
THREAD 192 (mosquitto loop) S 169 169 167 52288 169 4194368 7 0 0 0 893 1200 0 0 20 0 6 0 481 383217664 6566 18446744073709551615 187650259009536 187650259108896 281474124555712 0 0 0 0 4 16386 1 0 0 -1 0 0 0 0 0 0 187650259114208 187650259116064 187650259120128 281474124557857 281474124558170 281474124558170 281474124558304 0
THREAD 193 (mqmgateway_iot) R 169 169 167 52288 169 4194368 473 0 0 0 942 852 0 0 20 0 6 0 481 383217664 6566 18446744073709551615 187650259009536 187650259108896 281474124555712 0 0 0 0 4 16386 0 0 0 -1 5 0 0 0 0 0 187650259114208 187650259116064 187650259120128 281474124557857 281474124558170 281474124558170 281474124558304 0
THREAD 194 (mqmgateway_iot) R 169 169 167 52288 169 4194368 2696 0 0 0 793 295 0 0 20 0 6 0 481 383217664 6566 18446744073709551615 187650259009536 187650259108896 281474124555712 0 0 0 0 4 16386 0 0 0 -1 7 0 0 0 0 0 187650259114208 187650259116064 187650259120128 281474124557857 281474124558170 281474124558170 281474124558304 0
THREAD 195 (mqmgateway_iot) R 169 169 167 52288 169 4194368 2682 0 0 0 797 306 0 0 20 0 6 0 481 383217664 6566 18446744073709551615 187650259009536 187650259108896 281474124555712 0 0 0 0 4 16386 1 0 0 -1 7 0 0 0 0 0 187650259114208 187650259116064 187650259120128 281474124557857 281474124558170 281474124558170 281474124558304 0
THREAD 196 (mqmgateway_iot) S 169 169 167 52288 169 4194368 9 0 2 0 7 9 0 0 20 0 6 0 481 383217664 6598 18446744073709551615 187650259009536 187650259108896 281474124555712 0 0 0 0 4 16386 1 0 0 -1 3 0 0 0 0 0 187650259114208 187650259116064 187650259120128 281474124557857 281474124558170 281474124558170 281474124558304 0
PROCESS 188
188 (mosquitto) R 169 169 167 52288 169 4194560 137 0 0 0 1059 2230 0 0 20 0 1 0 374 3772416 444 18446744073709551615 187650352189440 187650352432408 281474361296320 0 0 0 0 4100 18947 0 0 0 17 6 0 0 0 0 0 187650352437504 187650352439464 187650352467968 281474361298698 281474361298782 281474361298782 281474361298916 0
VmHWM:	    1776 kB
VmRSS:	    1776 kB
Threads:	1
THREAD 188 (mosquitto) R 169 169 167 52288 169 4194560 137 0 0 0 1060 2234 0 0 20 0 1 0 374 3772416 444 18446744073709551615 187650352189440 187650352432408 281474361296320 0 0 0 0 4100 18947 0 0 0 17 6 0 0 0 0 0 187650352437504 187650352439464 187650352467968 281474361298698 281474361298782 281474361298782 281474361298916 0
PROCESS 202
202 (mqmgateway_arm6) S 169 169 167 52288 169 4194304 827 0 2 0 1633 2131 0 0 20 0 2 0 588 85700608 1996 18446744073709551615 187650532155392 187650532191164 281474001041488 0 0 0 0 6 0 0 0 0 17 4 0 0 0 0 0 187650532194768 187650532196384 187650532200448 281474001043024 281474001043281 281474001043281 281474001043415 0
VmHWM:	    7984 kB
VmRSS:	    7984 kB
Threads:	2
THREAD 202 (mqmgateway_arm6) R 169 169 167 52288 169 4194304 825 0 1 0 796 908 0 0 20 0 2 0 588 85700608 1996 18446744073709551615 187650532155392 187650532191164 281474001041488 0 0 0 0 6 0 0 0 0 17 4 0 0 0 0 0 187650532194768 187650532196384 187650532200448 281474001043024 281474001043281 281474001043281 281474001043415 0
THREAD 206 (mosquitto loop) S 169 169 167 52288 169 4194368 2 0 1 0 875 1190 0 0 20 0 2 0 592 85700608 1996 18446744073709551615 187650532155392 187650532191164 281474001041488 0 0 0 0 6 0 1 0 0 -1 3 0 0 0 0 0 187650532194768 187650532196384 187650532200448 281474001043024 281474001043281 281474001043281 281474001043415 0
SYSTEM cpu  4839 0 4982 15266 5 0 790 0 0 0
MemFree:          927368 kB
MemAvailable:     897888 kB
SwapFree:              0 kB
METRICS {"enqueued":129091,"dequeued":129089,"current_depth":2,"peak_depth":22,"rejected":0,"processing_latency_ms":0.190716,"published":129123,"publish_failures":0,"command_timeouts":0,"can_errors":0,"telemetry_qos":1,"mqtt_max_inflight":20,"pipeline_metrics_enabled":true,"can_pipeline":{"frames_read":129092,"parsed":129092,"rejected_frames":0,"read_errors":0,"parse":{"count":129092,"mean_us":10.8867,"max_us":843.136,"p50_upper_us":8,"p95_upper_us":64,"p99_upper_us":128}},"telemetry_enqueued":129092,"telemetry_dequeued":129091,"telemetry_queue_wait":{"count":129091,"mean_us":185.69,"max_us":4893.58,"p50_upper_us":256,"p95_upper_us":512,"p99_upper_us":1024},"command_queue_wait":{"count":0,"mean_us":0,"max_us":0,"p50_upper_us":0,"p95_upper_us":0,"p99_upper_us":0},"telemetry_worker_before_publish":{"count":129090,"mean_us":42.2077,"max_us":3082.7,"p50_upper_us":32,"p95_upper_us":128,"p99_upper_us":512},"mqtt_pipeline":{"publish_calls":129124,"publish_accepted":129124,"publish_api_errors":0,"puback_received":16242,"qos0_local_completed":0,"telemetry_accepted":129089,"telemetry_puback_received":16234,"pending_tracked":4096,"pending_peak":4096,"oldest_pending_us":1.63775e+07,"tracking_dropped":108786,"unmatched_callbacks":40384,"tracking_complete":false,"publish_api":{"count":129124,"mean_us":27.0586,"max_us":3025.02,"p50_upper_us":8,"p95_upper_us":128,"p99_upper_us":512},"telemetry_puback":{"count":16234,"mean_us":4.85639e+06,"max_us":1.63796e+07,"p50_upper_us":4.1943e+06,"p95_upper_us":1.63796e+07,"p99_upper_us":1.63796e+07}}}
SAMPLE 44.06
PROCESS 190
190 (mqmgateway_iot) S 169 169 167 52288 169 4194304 6962 0 15 0 3880 3148 0 0 20 0 6 0 477 383217664 7494 18446744073709551615 187650259009536 187650259108896 281474124555712 0 0 0 0 4 16386 0 0 0 17 4 0 0 0 0 0 187650259114208 187650259116064 187650259120128 281474124557857 281474124558170 281474124558170 281474124558304 0
VmHWM:	   29976 kB
VmRSS:	   29976 kB
Threads:	6
THREAD 190 (mqmgateway_iot) S 169 169 167 52288 169 4194304 167 0 13 0 2 6 0 0 20 0 6 0 477 383217664 7494 18446744073709551615 187650259009536 187650259108896 281474124555712 0 0 0 0 4 16386 1 0 0 17 4 0 0 0 0 0 187650259114208 187650259116064 187650259120128 281474124557857 281474124558170 281474124558170 281474124558304 0
THREAD 192 (mosquitto loop) R 169 169 167 52288 169 4194368 7 0 0 0 1036 1388 0 0 20 0 6 0 481 383217664 7494 18446744073709551615 187650259009536 187650259108896 281474124555712 0 0 0 0 4 16386 1 0 0 -1 0 0 0 0 0 0 187650259114208 187650259116064 187650259120128 281474124557857 281474124558170 281474124558170 281474124558304 0
THREAD 193 (mqmgateway_iot) R 169 169 167 52288 169 4194368 515 0 0 0 1092 992 0 0 20 0 6 0 481 383217664 7526 18446744073709551615 187650259009536 187650259108896 281474124555712 0 0 0 0 4 16386 0 0 0 -1 5 0 0 0 0 0 187650259114208 187650259116064 187650259120128 281474124557857 281474124558170 281474124558170 281474124558304 0
THREAD 194 (mqmgateway_iot) S 169 169 167 52288 169 4194368 3156 0 0 0 906 339 0 0 20 0 6 0 481 383217664 7526 18446744073709551615 187650259009536 187650259108896 281474124555712 0 0 0 0 4 16386 1 0 0 -1 7 0 0 0 0 0 187650259114208 187650259116064 187650259120128 281474124557857 281474124558170 281474124558170 281474124558304 0
THREAD 195 (mqmgateway_iot) R 169 169 167 52288 169 4194368 3135 0 0 0 915 347 0 0 20 0 6 0 481 383217664 7526 18446744073709551615 187650259009536 187650259108896 281474124555712 0 0 0 0 4 16386 0 0 0 -1 7 0 0 0 0 0 187650259114208 187650259116064 187650259120128 281474124557857 281474124558170 281474124558170 281474124558304 0
THREAD 196 (mqmgateway_iot) S 169 169 167 52288 169 4194368 9 0 2 0 7 11 0 0 20 0 6 0 481 383217664 7526 18446744073709551615 187650259009536 187650259108896 281474124555712 0 0 0 0 4 16386 1 0 0 -1 3 0 0 0 0 0 187650259114208 187650259116064 187650259120128 281474124557857 281474124558170 281474124558170 281474124558304 0
PROCESS 188
188 (mosquitto) R 169 169 167 52288 169 4194560 137 0 0 0 1233 2602 0 0 20 0 1 0 374 3772416 444 18446744073709551615 187650352189440 187650352432408 281474361296320 0 0 0 0 4100 18947 0 0 0 17 6 0 0 0 0 0 187650352437504 187650352439464 187650352467968 281474361298698 281474361298782 281474361298782 281474361298916 0
VmHWM:	    1776 kB
VmRSS:	    1776 kB
Threads:	1
THREAD 188 (mosquitto) R 169 169 167 52288 169 4194560 137 0 0 0 1235 2605 0 0 20 0 1 0 374 3772416 444 18446744073709551615 187650352189440 187650352432408 281474361296320 0 0 0 0 4100 18947 0 0 0 17 6 0 0 0 0 0 187650352437504 187650352439464 187650352467968 281474361298698 281474361298782 281474361298782 281474361298916 0
PROCESS 202
202 (mqmgateway_arm6) S 169 169 167 52288 169 4194304 827 0 2 0 1891 2482 0 0 20 0 2 0 588 85700608 1996 18446744073709551615 187650532155392 187650532191164 281474001041488 0 0 0 0 6 0 0 0 0 17 4 0 0 0 0 0 187650532194768 187650532196384 187650532200448 281474001043024 281474001043281 281474001043281 281474001043415 0
VmHWM:	    7984 kB
VmRSS:	    7984 kB
Threads:	2
THREAD 202 (mqmgateway_arm6) S 169 169 167 52288 169 4194304 825 0 1 0 916 1066 0 0 20 0 2 0 588 85700608 1996 18446744073709551615 187650532155392 187650532191164 281474001041488 0 0 0 0 6 0 1 0 0 17 4 0 0 0 0 0 187650532194768 187650532196384 187650532200448 281474001043024 281474001043281 281474001043281 281474001043415 0
THREAD 206 (mosquitto loop) R 169 169 167 52288 169 4194368 2 0 1 0 1017 1381 0 0 20 0 2 0 592 85700608 1996 18446744073709551615 187650532155392 187650532191164 281474001041488 0 0 0 0 6 0 1 0 0 -1 3 0 0 0 0 0 187650532194768 187650532196384 187650532200448 281474001043024 281474001043281 281474001043281 281474001043415 0
SYSTEM cpu  5592 0 5745 17159 5 0 936 0 0 0
MemFree:          928636 kB
MemAvailable:     899164 kB
SwapFree:              0 kB
METRICS {"enqueued":153440,"dequeued":153440,"current_depth":0,"peak_depth":22,"rejected":0,"processing_latency_ms":0.190658,"published":153481,"publish_failures":0,"command_timeouts":0,"can_errors":0,"telemetry_qos":1,"mqtt_max_inflight":20,"pipeline_metrics_enabled":true,"can_pipeline":{"frames_read":153442,"parsed":153442,"rejected_frames":0,"read_errors":0,"parse":{"count":153442,"mean_us":10.8015,"max_us":843.136,"p50_upper_us":8,"p95_upper_us":64,"p99_upper_us":128}},"telemetry_enqueued":153442,"telemetry_dequeued":153441,"telemetry_queue_wait":{"count":153441,"mean_us":185.685,"max_us":4893.58,"p50_upper_us":256,"p95_upper_us":512,"p99_upper_us":1024},"command_queue_wait":{"count":0,"mean_us":0,"max_us":0,"p50_upper_us":0,"p95_upper_us":0,"p99_upper_us":0},"telemetry_worker_before_publish":{"count":153441,"mean_us":42.2167,"max_us":3082.7,"p50_upper_us":32,"p95_upper_us":128,"p99_upper_us":512},"mqtt_pipeline":{"publish_calls":153482,"publish_accepted":153482,"publish_api_errors":0,"puback_received":17577,"qos0_local_completed":0,"telemetry_accepted":153441,"telemetry_puback_received":17569,"pending_tracked":4096,"pending_peak":4096,"oldest_pending_us":1.63784e+07,"tracking_dropped":131809,"unmatched_callbacks":49747,"tracking_complete":false,"publish_api":{"count":153482,"mean_us":26.8977,"max_us":3025.02,"p50_upper_us":8,"p95_upper_us":128,"p99_upper_us":512},"telemetry_puback":{"count":17569,"mean_us":4.74876e+06,"max_us":1.63796e+07,"p50_upper_us":4.1943e+06,"p95_upper_us":1.63796e+07,"p99_upper_us":1.63796e+07}}}
SAMPLE 49.52
PROCESS 190
190 (mqmgateway_iot) S 169 169 167 52288 169 4194304 7857 0 15 0 4393 3575 0 0 20 0 6 0 477 383217664 8390 18446744073709551615 187650259009536 187650259108896 281474124555712 0 0 0 0 4 16386 0 0 0 17 4 0 0 0 0 0 187650259114208 187650259116064 187650259120128 281474124557857 281474124558170 281474124558170 281474124558304 0
VmHWM:	   33560 kB
VmRSS:	   33560 kB
Threads:	6
THREAD 190 (mqmgateway_iot) S 169 169 167 52288 169 4194304 167 0 13 0 2 7 0 0 20 0 6 0 477 383217664 8390 18446744073709551615 187650259009536 187650259108896 281474124555712 0 0 0 0 4 16386 1 0 0 17 4 0 0 0 0 0 187650259114208 187650259116064 187650259120128 281474124557857 281474124558170 281474124558170 281474124558304 0
THREAD 192 (mosquitto loop) R 169 169 167 52288 169 4194368 7 0 0 0 1179 1590 0 0 20 0 6 0 481 383217664 8390 18446744073709551615 187650259009536 187650259108896 281474124555712 0 0 0 0 4 16386 0 0 0 -1 0 0 0 0 0 0 187650259114208 187650259116064 187650259120128 281474124557857 281474124558170 281474124558170 281474124558304 0
THREAD 193 (mqmgateway_iot) R 169 169 167 52288 169 4194368 556 0 0 0 1237 1130 0 0 20 0 6 0 481 383217664 8390 18446744073709551615 187650259009536 187650259108896 281474124555712 0 0 0 0 4 16386 0 0 0 -1 5 0 0 0 0 0 187650259114208 187650259116064 187650259120128 281474124557857 281474124558170 281474124558170 281474124558304 0
THREAD 194 (mqmgateway_iot) R 169 169 167 52288 169 4194368 3589 0 0 0 1017 380 0 0 20 0 6 0 481 383217664 8390 18446744073709551615 187650259009536 187650259108896 281474124555712 0 0 0 0 4 16386 0 0 0 -1 7 0 0 0 0 0 187650259114208 187650259116064 187650259120128 281474124557857 281474124558170 281474124558170 281474124558304 0
THREAD 195 (mqmgateway_iot) R 169 169 167 52288 169 4194368 3551 0 0 0 1027 389 0 0 20 0 6 0 481 383217664 8390 18446744073709551615 187650259009536 187650259108896 281474124555712 0 0 0 0 4 16386 0 0 0 -1 7 0 0 0 0 0 187650259114208 187650259116064 187650259120128 281474124557857 281474124558170 281474124558170 281474124558304 0
THREAD 196 (mqmgateway_iot) S 169 169 167 52288 169 4194368 9 0 2 0 7 14 0 0 20 0 6 0 481 383217664 8422 18446744073709551615 187650259009536 187650259108896 281474124555712 0 0 0 0 4 16386 1 0 0 -1 3 0 0 0 0 0 187650259114208 187650259116064 187650259120128 281474124557857 281474124558170 281474124558170 281474124558304 0
PROCESS 188
188 (mosquitto) R 169 169 167 52288 169 4194560 137 0 0 0 1407 2971 0 0 20 0 1 0 374 3772416 444 18446744073709551615 187650352189440 187650352432408 281474361296320 0 0 0 0 4100 18947 0 0 0 17 6 0 0 0 0 0 187650352437504 187650352439464 187650352467968 281474361298698 281474361298782 281474361298782 281474361298916 0
VmHWM:	    1776 kB
VmRSS:	    1776 kB
Threads:	1
THREAD 188 (mosquitto) R 169 169 167 52288 169 4194560 137 0 0 0 1410 2973 0 0 20 0 1 0 374 3772416 444 18446744073709551615 187650352189440 187650352432408 281474361296320 0 0 0 0 4100 18947 0 0 0 17 6 0 0 0 0 0 187650352437504 187650352439464 187650352467968 281474361298698 281474361298782 281474361298782 281474361298916 0
PROCESS 202
202 (mqmgateway_arm6) R 169 169 167 52288 169 4194304 827 0 2 0 2165 2820 0 0 20 0 2 0 588 85700608 1996 18446744073709551615 187650532155392 187650532191164 281474001041488 0 0 0 0 6 0 0 0 0 17 4 0 0 0 0 0 187650532194768 187650532196384 187650532200448 281474001043024 281474001043281 281474001043281 281474001043415 0
VmHWM:	    7984 kB
VmRSS:	    7984 kB
Threads:	2
THREAD 202 (mqmgateway_arm6) R 169 169 167 52288 169 4194304 825 0 1 0 1040 1214 0 0 20 0 2 0 588 85700608 1996 18446744073709551615 187650532155392 187650532191164 281474001041488 0 0 0 0 6 0 0 0 0 17 4 0 0 0 0 0 187650532194768 187650532196384 187650532200448 281474001043024 281474001043281 281474001043281 281474001043415 0
THREAD 206 (mosquitto loop) S 169 169 167 52288 169 4194368 2 0 1 0 1168 1568 0 0 20 0 2 0 592 85700608 1996 18446744073709551615 187650532155392 187650532191164 281474001041488 0 0 0 0 6 0 1 0 0 -1 3 0 0 0 0 0 187650532194768 187650532196384 187650532200448 281474001043024 281474001043281 281474001043281 281474001043415 0
SYSTEM cpu  6334 0 6539 19053 6 0 1056 0 0 0
MemFree:          923412 kB
MemAvailable:     893944 kB
SwapFree:              0 kB
METRICS {"enqueued":173707,"dequeued":173707,"current_depth":0,"peak_depth":22,"rejected":0,"processing_latency_ms":0.18955,"published":173754,"publish_failures":0,"command_timeouts":0,"can_errors":0,"telemetry_qos":1,"mqtt_max_inflight":20,"pipeline_metrics_enabled":true,"can_pipeline":{"frames_read":173708,"parsed":173708,"rejected_frames":0,"read_errors":0,"parse":{"count":173708,"mean_us":10.7449,"max_us":843.136,"p50_upper_us":8,"p95_upper_us":64,"p99_upper_us":128}},"telemetry_enqueued":173708,"telemetry_dequeued":173708,"telemetry_queue_wait":{"count":173708,"mean_us":184.652,"max_us":4893.58,"p50_upper_us":256,"p95_upper_us":512,"p99_upper_us":1024},"command_queue_wait":{"count":0,"mean_us":0,"max_us":0,"p50_upper_us":0,"p95_upper_us":0,"p99_upper_us":0},"telemetry_worker_before_publish":{"count":173708,"mean_us":41.9215,"max_us":3082.7,"p50_upper_us":32,"p95_upper_us":128,"p99_upper_us":512},"mqtt_pipeline":{"publish_calls":173754,"publish_accepted":173754,"publish_api_errors":0,"puback_received":18878,"qos0_local_completed":0,"telemetry_accepted":173708,"telemetry_puback_received":18870,"pending_tracked":4096,"pending_peak":4096,"oldest_pending_us":1.63757e+07,"tracking_dropped":150780,"unmatched_callbacks":58191,"tracking_complete":false,"publish_api":{"count":173754,"mean_us":26.5921,"max_us":3025.02,"p50_upper_us":8,"p95_upper_us":128,"p99_upper_us":512},"telemetry_puback":{"count":18870,"mean_us":4.86827e+06,"max_us":1.63796e+07,"p50_upper_us":4.1943e+06,"p95_upper_us":1.63796e+07,"p99_upper_us":1.63796e+07}}}
SAMPLE 54.95
PROCESS 190
190 (mqmgateway_iot) S 169 169 167 52288 169 4194304 8740 0 15 0 4922 3999 0 0 20 0 6 0 477 383217664 9254 18446744073709551615 187650259009536 187650259108896 281474124555712 0 0 0 0 4 16386 0 0 0 17 4 0 0 0 0 0 187650259114208 187650259116064 187650259120128 281474124557857 281474124558170 281474124558170 281474124558304 0
VmHWM:	   37016 kB
VmRSS:	   37016 kB
Threads:	6
THREAD 190 (mqmgateway_iot) S 169 169 167 52288 169 4194304 167 0 13 0 2 7 0 0 20 0 6 0 477 383217664 9286 18446744073709551615 187650259009536 187650259108896 281474124555712 0 0 0 0 4 16386 1 0 0 17 4 0 0 0 0 0 187650259114208 187650259116064 187650259120128 281474124557857 281474124558170 281474124558170 281474124558304 0
THREAD 192 (mosquitto loop) R 169 169 167 52288 169 4194368 7 0 0 0 1318 1802 0 0 20 0 6 0 481 383217664 9286 18446744073709551615 187650259009536 187650259108896 281474124555712 0 0 0 0 4 16386 0 0 0 -1 0 0 0 0 0 0 187650259114208 187650259116064 187650259120128 281474124557857 281474124558170 281474124558170 281474124558304 0
THREAD 193 (mqmgateway_iot) R 169 169 167 52288 169 4194368 590 0 0 0 1390 1264 0 0 20 0 6 0 481 383217664 9286 18446744073709551615 187650259009536 187650259108896 281474124555712 0 0 0 0 4 16386 0 0 0 -1 5 0 0 0 0 0 187650259114208 187650259116064 187650259120128 281474124557857 281474124558170 281474124558170 281474124558304 0
THREAD 194 (mqmgateway_iot) R 169 169 167 52288 169 4194368 4011 0 0 0 1137 416 0 0 20 0 6 0 481 383217664 9286 18446744073709551615 187650259009536 187650259108896 281474124555712 0 0 0 0 4 16386 0 0 0 -1 7 0 0 0 0 0 187650259114208 187650259116064 187650259120128 281474124557857 281474124558170 281474124558170 281474124558304 0
THREAD 195 (mqmgateway_iot) R 169 169 167 52288 169 4194368 3981 0 0 0 1148 426 0 0 20 0 6 0 481 383217664 9286 18446744073709551615 187650259009536 187650259108896 281474124555712 0 0 0 0 4 16386 1 0 0 -1 7 0 0 0 0 0 187650259114208 187650259116064 187650259120128 281474124557857 281474124558170 281474124558170 281474124558304 0
THREAD 196 (mqmgateway_iot) S 169 169 167 52288 169 4194368 9 0 2 0 8 15 0 0 20 0 6 0 481 383217664 9286 18446744073709551615 187650259009536 187650259108896 281474124555712 0 0 0 0 4 16386 1 0 0 -1 3 0 0 0 0 0 187650259114208 187650259116064 187650259120128 281474124557857 281474124558170 281474124558170 281474124558304 0
PROCESS 188
188 (mosquitto) R 169 169 167 52288 169 4194560 137 0 0 0 1575 3348 0 0 20 0 1 0 374 3772416 444 18446744073709551615 187650352189440 187650352432408 281474361296320 0 0 0 0 4100 18947 0 0 0 17 6 0 0 0 0 0 187650352437504 187650352439464 187650352467968 281474361298698 281474361298782 281474361298782 281474361298916 0
VmHWM:	    1776 kB
VmRSS:	    1776 kB
Threads:	1
THREAD 188 (mosquitto) R 169 169 167 52288 169 4194560 137 0 0 0 1577 3350 0 0 20 0 1 0 374 3772416 444 18446744073709551615 187650352189440 187650352432408 281474361296320 0 0 0 0 4100 18947 0 0 0 17 6 0 0 0 0 0 187650352437504 187650352439464 187650352467968 281474361298698 281474361298782 281474361298782 281474361298916 0
PROCESS 202
202 (mqmgateway_arm6) S 169 169 167 52288 169 4194304 827 0 2 0 2437 3162 0 0 20 0 2 0 588 85700608 1996 18446744073709551615 187650532155392 187650532191164 281474001041488 0 0 0 0 6 0 0 0 0 17 4 0 0 0 0 0 187650532194768 187650532196384 187650532200448 281474001043024 281474001043281 281474001043281 281474001043415 0
VmHWM:	    7984 kB
VmRSS:	    7984 kB
Threads:	2
THREAD 202 (mqmgateway_arm6) R 169 169 167 52288 169 4194304 825 0 1 0 1155 1372 0 0 20 0 2 0 588 85700608 1996 18446744073709551615 187650532155392 187650532191164 281474001041488 0 0 0 0 6 0 0 0 0 17 4 0 0 0 0 0 187650532194768 187650532196384 187650532200448 281474001043024 281474001043281 281474001043281 281474001043415 0
THREAD 206 (mosquitto loop) R 169 169 167 52288 169 4194368 2 0 1 0 1321 1756 0 0 20 0 2 0 592 85700608 1996 18446744073709551615 187650532155392 187650532191164 281474001041488 0 0 0 0 6 0 0 0 0 -1 3 0 0 0 0 0 187650532194768 187650532196384 187650532200448 281474001043024 281474001043281 281474001043281 281474001043415 0
SYSTEM cpu  7097 0 7331 20933 7 0 1176 0 0 0
MemFree:          923372 kB
MemAvailable:     893908 kB
SwapFree:              0 kB
METRICS {"enqueued":193980,"dequeued":193980,"current_depth":0,"peak_depth":22,"rejected":0,"processing_latency_ms":0.189349,"published":194033,"publish_failures":0,"command_timeouts":0,"can_errors":0,"telemetry_qos":1,"mqtt_max_inflight":20,"pipeline_metrics_enabled":true,"can_pipeline":{"frames_read":193982,"parsed":193982,"rejected_frames":0,"read_errors":0,"parse":{"count":193982,"mean_us":10.6964,"max_us":843.136,"p50_upper_us":8,"p95_upper_us":64,"p99_upper_us":128}},"telemetry_enqueued":193982,"telemetry_dequeued":193982,"telemetry_queue_wait":{"count":193982,"mean_us":184.458,"max_us":4893.58,"p50_upper_us":256,"p95_upper_us":512,"p99_upper_us":1024},"command_queue_wait":{"count":0,"mean_us":0,"max_us":0,"p50_upper_us":0,"p95_upper_us":0,"p99_upper_us":0},"telemetry_worker_before_publish":{"count":193982,"mean_us":41.8866,"max_us":3082.7,"p50_upper_us":32,"p95_upper_us":128,"p99_upper_us":512},"mqtt_pipeline":{"publish_calls":194033,"publish_accepted":194033,"publish_api_errors":0,"puback_received":20152,"qos0_local_completed":0,"telemetry_accepted":193982,"telemetry_puback_received":20144,"pending_tracked":4096,"pending_peak":4096,"oldest_pending_us":1.04171e+07,"tracking_dropped":169785,"unmatched_callbacks":66663,"tracking_complete":false,"publish_api":{"count":194033,"mean_us":26.5099,"max_us":3025.02,"p50_upper_us":8,"p95_upper_us":128,"p99_upper_us":512},"telemetry_puback":{"count":20144,"mean_us":5.13677e+06,"max_us":1.63796e+07,"p50_upper_us":8.38861e+06,"p95_upper_us":1.63796e+07,"p99_upper_us":1.63796e+07}}}
SAMPLE 60.40
PROCESS 190
190 (mqmgateway_iot) S 169 169 167 52288 169 4194304 9641 0 15 0 5459 4404 0 0 20 0 6 0 477 383217664 10150 18446744073709551615 187650259009536 187650259108896 281474124555712 0 0 0 0 4 16386 0 0 0 17 4 0 0 0 0 0 187650259114208 187650259116064 187650259120128 281474124557857 281474124558170 281474124558170 281474124558304 0
VmHWM:	   40600 kB
VmRSS:	   40600 kB
Threads:	6
THREAD 190 (mqmgateway_iot) S 169 169 167 52288 169 4194304 167 0 13 0 2 8 0 0 20 0 6 0 477 383217664 10182 18446744073709551615 187650259009536 187650259108896 281474124555712 0 0 0 0 4 16386 1 0 0 17 4 0 0 0 0 0 187650259114208 187650259116064 187650259120128 281474124557857 281474124558170 281474124558170 281474124558304 0
THREAD 192 (mosquitto loop) S 169 169 167 52288 169 4194368 8 0 0 0 1477 1988 0 0 20 0 6 0 481 383217664 10182 18446744073709551615 187650259009536 187650259108896 281474124555712 0 0 0 0 4 16386 1 0 0 -1 0 0 0 0 0 0 187650259114208 187650259116064 187650259120128 281474124557857 281474124558170 281474124558170 281474124558304 0
THREAD 193 (mqmgateway_iot) R 169 169 167 52288 169 4194368 626 0 0 0 1542 1397 0 0 20 0 6 0 481 383217664 10182 18446744073709551615 187650259009536 187650259108896 281474124555712 0 0 0 0 4 16386 1 0 0 -1 5 0 0 0 0 0 187650259114208 187650259116064 187650259120128 281474124557857 281474124558170 281474124558170 281474124558304 0
THREAD 194 (mqmgateway_iot) S 169 169 167 52288 169 4194368 4443 0 0 0 1244 462 0 0 20 0 6 0 481 383217664 10182 18446744073709551615 187650259009536 187650259108896 281474124555712 0 0 0 0 4 16386 1 0 0 -1 7 0 0 0 0 0 187650259114208 187650259116064 187650259120128 281474124557857 281474124558170 281474124558170 281474124558304 0
THREAD 195 (mqmgateway_iot) S 169 169 167 52288 169 4194368 4414 0 0 0 1265 464 0 0 20 0 6 0 481 383217664 10182 18446744073709551615 187650259009536 187650259108896 281474124555712 0 0 0 0 4 16386 1 0 0 -1 7 0 0 0 0 0 187650259114208 187650259116064 187650259120128 281474124557857 281474124558170 281474124558170 281474124558304 0
THREAD 196 (mqmgateway_iot) S 169 169 167 52288 169 4194368 9 0 2 0 9 17 0 0 20 0 6 0 481 383217664 10182 18446744073709551615 187650259009536 187650259108896 281474124555712 0 0 0 0 4 16386 1 0 0 -1 3 0 0 0 0 0 187650259114208 187650259116064 187650259120128 281474124557857 281474124558170 281474124558170 281474124558304 0
PROCESS 188
188 (mosquitto) R 169 169 167 52288 169 4194560 137 0 0 0 1744 3721 0 0 20 0 1 0 374 3772416 444 18446744073709551615 187650352189440 187650352432408 281474361296320 0 0 0 0 4100 18947 0 0 0 17 6 0 0 0 0 0 187650352437504 187650352439464 187650352467968 281474361298698 281474361298782 281474361298782 281474361298916 0
VmHWM:	    1776 kB
VmRSS:	    1776 kB
Threads:	1
THREAD 188 (mosquitto) R 169 169 167 52288 169 4194560 137 0 0 0 1746 3725 0 0 20 0 1 0 374 3772416 444 18446744073709551615 187650352189440 187650352432408 281474361296320 0 0 0 0 4100 18947 0 0 0 17 6 0 0 0 0 0 187650352437504 187650352439464 187650352467968 281474361298698 281474361298782 281474361298782 281474361298916 0
PROCESS 202
202 (mqmgateway_arm6) R 169 169 167 52288 169 4194304 827 0 2 0 2706 3510 0 0 20 0 2 0 588 85700608 1996 18446744073709551615 187650532155392 187650532191164 281474001041488 0 0 0 0 6 0 0 0 0 17 4 0 0 0 0 0 187650532194768 187650532196384 187650532200448 281474001043024 281474001043281 281474001043281 281474001043415 0
VmHWM:	    7984 kB
VmRSS:	    7984 kB
Threads:	2
THREAD 202 (mqmgateway_arm6) S 169 169 167 52288 169 4194304 825 0 1 0 1279 1523 0 0 20 0 2 0 588 85700608 1996 18446744073709551615 187650532155392 187650532191164 281474001041488 0 0 0 0 6 0 1 0 0 17 4 0 0 0 0 0 187650532194768 187650532196384 187650532200448 281474001043024 281474001043281 281474001043281 281474001043415 0
THREAD 206 (mosquitto loop) R 169 169 167 52288 169 4194368 2 0 1 0 1471 1949 0 0 20 0 2 0 592 85700608 1996 18446744073709551615 187650532155392 187650532191164 281474001041488 0 0 0 0 6 0 0 0 0 -1 3 0 0 0 0 0 187650532194768 187650532196384 187650532200448 281474001043024 281474001043281 281474001043281 281474001043415 0
SYSTEM cpu  7864 0 8106 22831 7 0 1301 0 0 0
MemFree:          914004 kB
MemAvailable:     884544 kB
SwapFree:              0 kB
METRICS {"enqueued":218303,"dequeued":218303,"current_depth":0,"peak_depth":22,"rejected":0,"processing_latency_ms":0.189187,"published":218360,"publish_failures":0,"command_timeouts":0,"can_errors":0,"telemetry_qos":1,"mqtt_max_inflight":20,"pipeline_metrics_enabled":true,"can_pipeline":{"frames_read":218303,"parsed":218303,"rejected_frames":0,"read_errors":0,"parse":{"count":218303,"mean_us":10.6437,"max_us":843.136,"p50_upper_us":8,"p95_upper_us":64,"p99_upper_us":128}},"telemetry_enqueued":218303,"telemetry_dequeued":218303,"telemetry_queue_wait":{"count":218303,"mean_us":184.343,"max_us":4893.58,"p50_upper_us":256,"p95_upper_us":512,"p99_upper_us":1024},"command_queue_wait":{"count":0,"mean_us":0,"max_us":0,"p50_upper_us":0,"p95_upper_us":0,"p99_upper_us":0},"telemetry_worker_before_publish":{"count":218303,"mean_us":41.8096,"max_us":3082.7,"p50_upper_us":32,"p95_upper_us":128,"p99_upper_us":512},"mqtt_pipeline":{"publish_calls":218360,"publish_accepted":218360,"publish_api_errors":0,"puback_received":21736,"qos0_local_completed":0,"telemetry_accepted":218303,"telemetry_puback_received":21728,"pending_tracked":4096,"pending_peak":4096,"oldest_pending_us":1.36253e+07,"tracking_dropped":192528,"unmatched_callbacks":76560,"tracking_complete":false,"publish_api":{"count":218360,"mean_us":26.3525,"max_us":3025.02,"p50_upper_us":8,"p95_upper_us":128,"p99_upper_us":256},"telemetry_puback":{"count":21728,"mean_us":5.64353e+06,"max_us":1.63796e+07,"p50_upper_us":8.38861e+06,"p95_upper_us":1.63796e+07,"p99_upper_us":1.63796e+07}}}
SAMPLE 65.85
PROCESS 190
190 (mqmgateway_iot) S 169 169 167 52288 169 4194304 10555 0 15 0 5977 4830 0 0 20 0 6 0 477 383217664 11078 18446744073709551615 187650259009536 187650259108896 281474124555712 0 0 0 0 4 16386 0 0 0 17 4 0 0 0 0 0 187650259114208 187650259116064 187650259120128 281474124557857 281474124558170 281474124558170 281474124558304 0
VmHWM:	   44312 kB
VmRSS:	   44312 kB
Threads:	6
THREAD 190 (mqmgateway_iot) S 169 169 167 52288 169 4194304 167 0 13 0 2 9 0 0 20 0 6 0 477 383217664 11078 18446744073709551615 187650259009536 187650259108896 281474124555712 0 0 0 0 4 16386 1 0 0 17 4 0 0 0 0 0 187650259114208 187650259116064 187650259120128 281474124557857 281474124558170 281474124558170 281474124558304 0
THREAD 192 (mosquitto loop) R 169 169 167 52288 169 4194368 8 0 0 0 1624 2184 0 0 20 0 6 0 481 383217664 11078 18446744073709551615 187650259009536 187650259108896 281474124555712 0 0 0 0 4 16386 0 0 0 -1 0 0 0 0 0 0 187650259114208 187650259116064 187650259120128 281474124557857 281474124558170 281474124558170 281474124558304 0
THREAD 193 (mqmgateway_iot) S 169 169 167 52288 169 4194368 657 0 0 0 1686 1538 0 0 20 0 6 0 481 383217664 11078 18446744073709551615 187650259009536 187650259108896 281474124555712 0 0 0 0 4 16386 1 0 0 -1 5 0 0 0 0 0 187650259114208 187650259116064 187650259120128 281474124557857 281474124558170 281474124558170 281474124558304 0
THREAD 194 (mqmgateway_iot) S 169 169 167 52288 169 4194368 4884 0 0 0 1357 504 0 0 20 0 6 0 481 383217664 11078 18446744073709551615 187650259009536 187650259108896 281474124555712 0 0 0 0 4 16386 1 0 0 -1 7 0 0 0 0 0 187650259114208 187650259116064 187650259120128 281474124557857 281474124558170 281474124558170 281474124558304 0
THREAD 195 (mqmgateway_iot) S 169 169 167 52288 169 4194368 4844 0 0 0 1380 504 0 0 20 0 6 0 481 383217664 11078 18446744073709551615 187650259009536 187650259108896 281474124555712 0 0 0 0 4 16386 1 0 0 -1 7 0 0 0 0 0 187650259114208 187650259116064 187650259120128 281474124557857 281474124558170 281474124558170 281474124558304 0
THREAD 196 (mqmgateway_iot) S 169 169 167 52288 169 4194368 9 0 2 0 9 19 0 0 20 0 6 0 481 383217664 11078 18446744073709551615 187650259009536 187650259108896 281474124555712 0 0 0 0 4 16386 1 0 0 -1 3 0 0 0 0 0 187650259114208 187650259116064 187650259120128 281474124557857 281474124558170 281474124558170 281474124558304 0
PROCESS 188
188 (mosquitto) R 169 169 167 52288 169 4194560 137 0 0 0 1914 4095 0 0 20 0 1 0 374 3772416 444 18446744073709551615 187650352189440 187650352432408 281474361296320 0 0 0 0 4100 18947 0 0 0 17 6 0 0 0 0 0 187650352437504 187650352439464 187650352467968 281474361298698 281474361298782 281474361298782 281474361298916 0
VmHWM:	    1776 kB
VmRSS:	    1776 kB
Threads:	1
THREAD 188 (mosquitto) R 169 169 167 52288 169 4194560 137 0 0 0 1915 4098 0 0 20 0 1 0 374 3772416 444 18446744073709551615 187650352189440 187650352432408 281474361296320 0 0 0 0 4100 18947 0 0 0 17 6 0 0 0 0 0 187650352437504 187650352439464 187650352467968 281474361298698 281474361298782 281474361298782 281474361298916 0
PROCESS 202
202 (mqmgateway_arm6) S 169 169 167 52288 169 4194304 827 0 2 0 2970 3854 0 0 20 0 2 0 588 85700608 1996 18446744073709551615 187650532155392 187650532191164 281474001041488 0 0 0 0 6 0 0 0 0 17 4 0 0 0 0 0 187650532194768 187650532196384 187650532200448 281474001043024 281474001043281 281474001043281 281474001043415 0
VmHWM:	    7984 kB
VmRSS:	    7984 kB
Threads:	2
THREAD 202 (mqmgateway_arm6) S 169 169 167 52288 169 4194304 825 0 1 0 1397 1669 0 0 20 0 2 0 588 85700608 1996 18446744073709551615 187650532155392 187650532191164 281474001041488 0 0 0 0 6 0 1 0 0 17 4 0 0 0 0 0 187650532194768 187650532196384 187650532200448 281474001043024 281474001043281 281474001043281 281474001043415 0
THREAD 206 (mosquitto loop) S 169 169 167 52288 169 4194368 2 0 1 0 1618 2142 0 0 20 0 2 0 592 85700608 1996 18446744073709551615 187650532155392 187650532191164 281474001041488 0 0 0 0 6 0 1 0 0 -1 3 0 0 0 0 0 187650532194768 187650532196384 187650532200448 281474001043024 281474001043281 281474001043281 281474001043415 0
SYSTEM cpu  8592 0 8893 24758 8 0 1430 0 0 0
MemFree:          913584 kB
MemAvailable:     884128 kB
SwapFree:              0 kB
METRICS {"enqueued":238527,"dequeued":238527,"current_depth":0,"peak_depth":22,"rejected":0,"processing_latency_ms":0.189073,"published":238589,"publish_failures":0,"command_timeouts":0,"can_errors":0,"telemetry_qos":1,"mqtt_max_inflight":20,"pipeline_metrics_enabled":true,"can_pipeline":{"frames_read":238529,"parsed":238529,"rejected_frames":0,"read_errors":0,"parse":{"count":238529,"mean_us":10.6139,"max_us":843.136,"p50_upper_us":8,"p95_upper_us":64,"p99_upper_us":128}},"telemetry_enqueued":238529,"telemetry_dequeued":238529,"telemetry_queue_wait":{"count":238529,"mean_us":184.227,"max_us":4893.58,"p50_upper_us":256,"p95_upper_us":512,"p99_upper_us":1024},"command_queue_wait":{"count":0,"mean_us":0,"max_us":0,"p50_upper_us":0,"p95_upper_us":0,"p99_upper_us":0},"telemetry_worker_before_publish":{"count":238529,"mean_us":41.8175,"max_us":3082.7,"p50_upper_us":32,"p95_upper_us":128,"p99_upper_us":512},"mqtt_pipeline":{"publish_calls":238591,"publish_accepted":238591,"publish_api_errors":0,"puback_received":22657,"qos0_local_completed":0,"telemetry_accepted":238529,"telemetry_puback_received":22649,"pending_tracked":4096,"pending_peak":4096,"oldest_pending_us":1.6319e+07,"tracking_dropped":211838,"unmatched_callbacks":85064,"tracking_complete":false,"publish_api":{"count":238591,"mean_us":26.2418,"max_us":3025.02,"p50_upper_us":8,"p95_upper_us":128,"p99_upper_us":256},"telemetry_puback":{"count":22649,"mean_us":6.02416e+06,"max_us":1.63796e+07,"p50_upper_us":8.38861e+06,"p95_upper_us":1.63796e+07,"p99_upper_us":1.63796e+07}}}
