PIDS gateway=143 broker=141 probe=157
CLK_TCK=100 (Linux USER_HZ fallback=100 if getconf unavailable)
SAMPLE 5.43
PROCESS 143
143 (mqmgateway_iot) S 123 123 120 52288 123 4194304 191 0 15 0 4 3 0 0 20 0 12 0 429 232615936 847 18446744073709551615 187650838261760 187650838361120 281474353640624 0 0 0 0 4 16386 0 0 0 17 1 0 0 0 0 0 187650838366432 187650838368288 187650838372352 281474353643041 281474353643354 281474353643354 281474353643488 0
VmHWM:	    3516 kB
VmRSS:	    3516 kB
Threads:	12
THREAD 143 (mqmgateway_iot) S 123 123 120 52288 123 4194304 171 0 13 0 2 1 0 0 20 0 12 0 429 836595712 879 18446744073709551615 187650838261760 187650838361120 281474353640624 0 0 0 0 4 16386 1 0 0 17 1 0 0 0 0 0 187650838366432 187650838368288 187650838372352 281474353643041 281474353643354 281474353643354 281474353643488 0
THREAD 145 (mosquitto loop) R 123 123 120 52288 123 4194368 4 0 0 0 0 1 0 0 20 0 12 0 434 836595712 879 18446744073709551615 187650838261760 187650838361120 281474353640624 0 0 0 0 4 16386 0 0 0 -1 0 0 0 0 0 0 187650838366432 187650838368288 187650838372352 281474353643041 281474353643354 281474353643354 281474353643488 0
THREAD 146 (mqmgateway_iot) R 123 123 120 52288 123 4194368 9 0 0 0 0 1 0 0 20 0 12 0 434 836595712 879 18446744073709551615 187650838261760 187650838361120 281474353640624 0 0 0 0 4 16386 0 0 0 -1 1 0 0 0 0 0 187650838366432 187650838368288 187650838372352 281474353643041 281474353643354 281474353643354 281474353643488 0
THREAD 147 (mqmgateway_iot) R 123 123 120 52288 123 4194368 7 0 0 0 0 0 0 0 20 0 12 0 434 836595712 879 18446744073709551615 187650838261760 187650838361120 281474353640624 0 0 0 0 4 16386 0 0 0 -1 1 0 0 0 0 0 187650838366432 187650838368288 187650838372352 281474353643041 281474353643354 281474353643354 281474353643488 0
THREAD 148 (mqmgateway_iot) S 123 123 120 52288 123 4194368 6 0 0 0 0 0 0 0 20 0 12 0 434 836595712 911 18446744073709551615 187650838261760 187650838361120 281474353640624 0 0 0 0 4 16386 1 0 0 -1 1 0 0 0 0 0 187650838366432 187650838368288 187650838372352 281474353643041 281474353643354 281474353643354 281474353643488 0
THREAD 149 (mqmgateway_iot) S 123 123 120 52288 123 4194368 11 0 0 0 0 0 0 0 20 0 12 0 434 836595712 911 18446744073709551615 187650838261760 187650838361120 281474353640624 0 0 0 0 4 16386 1 0 0 -1 1 0 0 0 0 0 187650838366432 187650838368288 187650838372352 281474353643041 281474353643354 281474353643354 281474353643488 0
THREAD 150 (mqmgateway_iot) R 123 123 120 52288 123 4194368 6 0 0 0 0 0 0 0 20 0 12 0 434 836595712 911 18446744073709551615 187650838261760 187650838361120 281474353640624 0 0 0 0 4 16386 0 0 0 -1 1 0 0 0 0 0 187650838366432 187650838368288 187650838372352 281474353643041 281474353643354 281474353643354 281474353643488 0
THREAD 151 (mqmgateway_iot) S 123 123 120 52288 123 4194368 7 0 0 0 0 0 0 0 20 0 12 0 434 836595712 911 18446744073709551615 187650838261760 187650838361120 281474353640624 0 0 0 0 4 16386 1 0 0 -1 1 0 0 0 0 0 187650838366432 187650838368288 187650838372352 281474353643041 281474353643354 281474353643354 281474353643488 0
THREAD 152 (mqmgateway_iot) S 123 123 120 52288 123 4194368 7 0 0 0 0 0 0 0 20 0 12 0 434 836595712 911 18446744073709551615 187650838261760 187650838361120 281474353640624 0 0 0 0 4 16386 1 0 0 -1 1 0 0 0 0 0 187650838366432 187650838368288 187650838372352 281474353643041 281474353643354 281474353643354 281474353643488 0
THREAD 153 (mqmgateway_iot) R 123 123 120 52288 123 4194368 7 0 0 0 0 0 0 0 20 0 12 0 434 836595712 911 18446744073709551615 187650838261760 187650838361120 281474353640624 0 0 0 0 4 16386 0 0 0 -1 1 0 0 0 0 0 187650838366432 187650838368288 187650838372352 281474353643041 281474353643354 281474353643354 281474353643488 0
THREAD 154 (mqmgateway_iot) S 123 123 120 52288 123 4194368 8 0 0 0 0 0 0 0 20 0 12 0 434 836595712 911 18446744073709551615 187650838261760 187650838361120 281474353640624 0 0 0 0 4 16386 1 0 0 -1 1 0 0 0 0 0 187650838366432 187650838368288 187650838372352 281474353643041 281474353643354 281474353643354 281474353643488 0
THREAD 155 (mqmgateway_iot) S 123 123 120 52288 123 4194368 8 0 2 0 0 2 0 0 20 0 12 0 434 836595712 911 18446744073709551615 187650838261760 187650838361120 281474353640624 0 0 0 0 4 16386 1 0 0 -1 1 0 0 0 0 0 187650838366432 187650838368288 187650838372352 281474353643041 281474353643354 281474353643354 281474353643488 0
PROCESS 141
141 (mosquitto) R 123 123 120 52288 123 4194560 128 0 0 0 6 9 0 0 20 0 1 0 327 3772416 441 18446744073709551615 187650951065600 187650951308568 281474747862368 0 0 0 0 4100 18947 0 0 0 17 1 0 0 0 0 0 187650951313664 187650951315624 187650951344128 281474747866890 281474747866974 281474747866974 281474747867108 0
VmHWM:	    1764 kB
VmRSS:	    1764 kB
Threads:	1
THREAD 141 (mosquitto) R 123 123 120 52288 123 4194560 128 0 0 0 7 12 0 0 20 0 1 0 327 3772416 441 18446744073709551615 187650951065600 187650951308568 281474747862368 0 0 0 0 4100 18947 0 0 0 17 0 0 0 0 0 0 187650951313664 187650951315624 187650951344128 281474747866890 281474747866974 281474747866974 281474747867108 0
PROCESS 157
157 (mqmgateway_arm6) R 123 123 120 52288 123 4194304 318 0 2 0 9 19 0 0 20 0 2 0 540 85700608 1999 18446744073709551615 187650602725376 187650602761148 281474659285984 0 0 0 0 6 0 0 0 0 17 1 0 0 0 0 0 187650602764752 187650602766368 187650602770432 281474659286608 281474659286865 281474659286865 281474659286999 0
VmHWM:	    7996 kB
VmRSS:	    7996 kB
Threads:	2
THREAD 157 (mqmgateway_arm6) S 123 123 120 52288 123 4194304 316 0 1 0 4 15 0 0 20 0 2 0 540 85700608 1999 18446744073709551615 187650602725376 187650602761148 281474659285984 0 0 0 0 6 0 1 0 0 17 1 0 0 0 0 0 187650602764752 187650602766368 187650602770432 281474659286608 281474659286865 281474659286865 281474659286999 0
THREAD 161 (mosquitto loop) R 123 123 120 52288 123 4194368 2 0 1 0 6 10 0 0 20 0 2 0 544 85700608 1999 18446744073709551615 187650602725376 187650602761148 281474659285984 0 0 0 0 6 0 0 0 0 -1 0 0 0 0 0 0 187650602764752 187650602766368 187650602770432 281474659286608 281474659286865 281474659286865 281474659286999 0
SYSTEM cpu  204 0 159 827 2 0 11 0 0 0
MemFree:          981848 kB
MemAvailable:     951808 kB
SwapFree:              0 kB
METRICS {"enqueued":0,"dequeued":0,"current_depth":0,"peak_depth":0,"rejected":0,"processing_latency_ms":0,"published":3,"publish_failures":0,"command_timeouts":0,"can_errors":0,"telemetry_qos":1,"mqtt_max_inflight":20,"pipeline_metrics_enabled":true,"can_pipeline":{"frames_read":0,"parsed":0,"rejected_frames":0,"read_errors":0,"parse":{"count":0,"mean_us":0,"max_us":0,"p50_upper_us":0,"p95_upper_us":0,"p99_upper_us":0}},"telemetry_enqueued":0,"telemetry_dequeued":0,"telemetry_queue_wait":{"count":0,"mean_us":0,"max_us":0,"p50_upper_us":0,"p95_upper_us":0,"p99_upper_us":0},"command_queue_wait":{"count":0,"mean_us":0,"max_us":0,"p50_upper_us":0,"p95_upper_us":0,"p99_upper_us":0},"telemetry_worker_before_publish":{"count":0,"mean_us":0,"max_us":0,"p50_upper_us":0,"p95_upper_us":0,"p99_upper_us":0},"mqtt_pipeline":{"publish_calls":3,"publish_accepted":3,"publish_api_errors":0,"puback_received":2,"qos0_local_completed":0,"telemetry_accepted":0,"telemetry_puback_received":0,"pending_tracked":1,"pending_peak":2,"oldest_pending_us":5565.47,"tracking_dropped":0,"unmatched_callbacks":0,"tracking_complete":true,"publish_api":{"count":3,"mean_us":911.877,"max_us":2244.4,"p50_upper_us":512,"p95_upper_us":2244.4,"p99_upper_us":2244.4},"telemetry_puback":{"count":0,"mean_us":0,"max_us":0,"p50_upper_us":0,"p95_upper_us":0,"p99_upper_us":0}}}
SAMPLE 11.38
PROCESS 143
143 (mqmgateway_iot) S 123 123 120 52288 123 4194304 700 0 15 0 234 294 0 0 20 0 12 0 429 836595712 1359 18446744073709551615 187650838261760 187650838361120 281474353640624 0 0 0 0 4 16386 0 0 0 17 1 0 0 0 0 0 187650838366432 187650838368288 187650838372352 281474353643041 281474353643354 281474353643354 281474353643488 0
VmHWM:	    5436 kB
VmRSS:	    5436 kB
Threads:	12
THREAD 143 (mqmgateway_iot) S 123 123 120 52288 123 4194304 171 0 13 0 2 1 0 0 20 0 12 0 429 836595712 1359 18446744073709551615 187650838261760 187650838361120 281474353640624 0 0 0 0 4 16386 1 0 0 17 1 0 0 0 0 0 187650838366432 187650838368288 187650838372352 281474353643041 281474353643354 281474353643354 281474353643488 0
THREAD 145 (mosquitto loop) R 123 123 120 52288 123 4194368 4 0 0 0 64 114 0 0 20 0 12 0 434 836595712 1359 18446744073709551615 187650838261760 187650838361120 281474353640624 0 0 0 0 4 16386 0 0 0 -1 0 0 0 0 0 0 187650838366432 187650838368288 187650838372352 281474353643041 281474353643354 281474353643354 281474353643488 0
THREAD 146 (mqmgateway_iot) R 123 123 120 52288 123 4194368 50 0 0 0 45 98 0 0 20 0 12 0 434 836595712 1359 18446744073709551615 187650838261760 187650838361120 281474353640624 0 0 0 0 4 16386 0 0 0 -1 0 0 0 0 0 0 187650838366432 187650838368288 187650838372352 281474353643041 281474353643354 281474353643354 281474353643488 0
THREAD 147 (mqmgateway_iot) S 123 123 120 52288 123 4194368 53 0 0 0 13 11 0 0 20 0 12 0 434 836595712 1359 18446744073709551615 187650838261760 187650838361120 281474353640624 0 0 0 0 4 16386 1 0 0 -1 0 0 0 0 0 0 187650838366432 187650838368288 187650838372352 281474353643041 281474353643354 281474353643354 281474353643488 0
THREAD 148 (mqmgateway_iot) S 123 123 120 52288 123 4194368 77 0 0 0 21 5 0 0 20 0 12 0 434 836595712 1359 18446744073709551615 187650838261760 187650838361120 281474353640624 0 0 0 0 4 16386 1 0 0 -1 0 0 0 0 0 0 187650838366432 187650838368288 187650838372352 281474353643041 281474353643354 281474353643354 281474353643488 0
THREAD 149 (mqmgateway_iot) S 123 123 120 52288 123 4194368 64 0 0 0 13 13 0 0 20 0 12 0 434 836595712 1359 18446744073709551615 187650838261760 187650838361120 281474353640624 0 0 0 0 4 16386 1 0 0 -1 1 0 0 0 0 0 187650838366432 187650838368288 187650838372352 281474353643041 281474353643354 281474353643354 281474353643488 0
THREAD 150 (mqmgateway_iot) S 123 123 120 52288 123 4194368 62 0 0 0 16 12 0 0 20 0 12 0 434 836595712 1359 18446744073709551615 187650838261760 187650838361120 281474353640624 0 0 0 0 4 16386 1 0 0 -1 1 0 0 0 0 0 187650838366432 187650838368288 187650838372352 281474353643041 281474353643354 281474353643354 281474353643488 0
THREAD 151 (mqmgateway_iot) S 123 123 120 52288 123 4194368 54 0 0 0 21 7 0 0 20 0 12 0 434 836595712 1359 18446744073709551615 187650838261760 187650838361120 281474353640624 0 0 0 0 4 16386 1 0 0 -1 0 0 0 0 0 0 187650838366432 187650838368288 187650838372352 281474353643041 281474353643354 281474353643354 281474353643488 0
THREAD 152 (mqmgateway_iot) S 123 123 120 52288 123 4194368 59 0 0 0 16 9 0 0 20 0 12 0 434 836595712 1359 18446744073709551615 187650838261760 187650838361120 281474353640624 0 0 0 0 4 16386 1 0 0 -1 1 0 0 0 0 0 187650838366432 187650838368288 187650838372352 281474353643041 281474353643354 281474353643354 281474353643488 0
THREAD 153 (mqmgateway_iot) S 123 123 120 52288 123 4194368 53 0 0 0 17 10 0 0 20 0 12 0 434 836595712 1391 18446744073709551615 187650838261760 187650838361120 281474353640624 0 0 0 0 4 16386 1 0 0 -1 0 0 0 0 0 0 187650838366432 187650838368288 187650838372352 281474353643041 281474353643354 281474353643354 281474353643488 0
THREAD 154 (mqmgateway_iot) S 123 123 120 52288 123 4194368 69 0 0 0 18 8 0 0 20 0 12 0 434 836595712 1391 18446744073709551615 187650838261760 187650838361120 281474353640624 0 0 0 0 4 16386 1 0 0 -1 0 0 0 0 0 0 187650838366432 187650838368288 187650838372352 281474353643041 281474353643354 281474353643354 281474353643488 0
THREAD 155 (mqmgateway_iot) S 123 123 120 52288 123 4194368 8 0 2 0 2 2 0 0 20 0 12 0 434 836595712 1391 18446744073709551615 187650838261760 187650838361120 281474353640624 0 0 0 0 4 16386 1 0 0 -1 1 0 0 0 0 0 187650838366432 187650838368288 187650838372352 281474353643041 281474353643354 281474353643354 281474353643488 0
PROCESS 141
141 (mosquitto) R 123 123 120 52288 123 4194560 262 0 0 0 109 189 0 0 20 0 1 0 327 4313088 579 18446744073709551615 187650951065600 187650951308568 281474747862368 0 0 0 0 4100 18947 0 0 0 17 1 0 0 0 0 0 187650951313664 187650951315624 187650951344128 281474747866890 281474747866974 281474747866974 281474747867108 0
VmHWM:	    2316 kB
VmRSS:	    2316 kB
Threads:	1
THREAD 141 (mosquitto) R 123 123 120 52288 123 4194560 262 0 0 0 111 192 0 0 20 0 1 0 327 4313088 579 18446744073709551615 187650951065600 187650951308568 281474747862368 0 0 0 18947 4100 18947 0 0 0 17 1 0 0 0 0 0 187650951313664 187650951315624 187650951344128 281474747866890 281474747866974 281474747866974 281474747867108 0
PROCESS 157
157 (mqmgateway_arm6) R 123 123 120 52288 123 4194304 318 0 2 0 91 274 0 0 20 0 2 0 540 85700608 1999 18446744073709551615 187650602725376 187650602761148 281474659285984 0 0 0 0 6 0 0 0 0 17 0 0 0 0 0 0 187650602764752 187650602766368 187650602770432 281474659286608 281474659286865 281474659286865 281474659286999 0
VmHWM:	    7996 kB
VmRSS:	    7996 kB
Threads:	2
THREAD 157 (mqmgateway_arm6) S 123 123 120 52288 123 4194304 316 0 1 0 24 159 0 0 20 0 2 0 540 85700608 1999 18446744073709551615 187650602725376 187650602761148 281474659285984 0 0 0 0 6 0 1 0 0 17 0 0 0 0 0 0 187650602764752 187650602766368 187650602770432 281474659286608 281474659286865 281474659286865 281474659286999 0
THREAD 161 (mosquitto loop) S 123 123 120 52288 123 4194368 2 0 1 0 62 127 0 0 20 0 2 0 544 85700608 1999 18446744073709551615 187650602725376 187650602761148 281474659285984 0 0 0 0 6 0 1 0 0 -1 1 0 0 0 0 0 187650602764752 187650602766368 187650602770432 281474659286608 281474659286865 281474659286865 281474659286999 0
SYSTEM cpu  662 0 788 846 2 0 124 0 0 0
MemFree:          979104 kB
MemAvailable:     949076 kB
SwapFree:              0 kB
METRICS {"enqueued":28084,"dequeued":28084,"current_depth":0,"peak_depth":41,"rejected":0,"processing_latency_ms":0.304827,"published":28094,"publish_failures":0,"command_timeouts":0,"can_errors":0,"telemetry_qos":1,"mqtt_max_inflight":20,"pipeline_metrics_enabled":true,"can_pipeline":{"frames_read":28085,"parsed":28085,"rejected_frames":0,"read_errors":0,"parse":{"count":28085,"mean_us":8.03501,"max_us":4841.15,"p50_upper_us":4,"p95_upper_us":16,"p99_upper_us":128}},"telemetry_enqueued":28085,"telemetry_dequeued":28085,"telemetry_queue_wait":{"count":28085,"mean_us":302.847,"max_us":6716.35,"p50_upper_us":256,"p95_upper_us":1024,"p99_upper_us":4096},"command_queue_wait":{"count":0,"mean_us":0,"max_us":0,"p50_upper_us":0,"p95_upper_us":0,"p99_upper_us":0},"telemetry_worker_before_publish":{"count":28085,"mean_us":35.4212,"max_us":6356.06,"p50_upper_us":32,"p95_upper_us":128,"p99_upper_us":512},"mqtt_pipeline":{"publish_calls":28095,"publish_accepted":28095,"publish_api_errors":0,"puback_received":20867,"qos0_local_completed":0,"telemetry_accepted":28085,"telemetry_puback_received":20859,"pending_tracked":4096,"pending_peak":4096,"oldest_pending_us":1.61437e+06,"tracking_dropped":3132,"unmatched_callbacks":761,"tracking_complete":false,"publish_api":{"count":28095,"mean_us":15.8702,"max_us":5389.09,"p50_upper_us":8,"p95_upper_us":64,"p99_upper_us":256},"telemetry_puback":{"count":20859,"mean_us":657830,"max_us":1.61249e+06,"p50_upper_us":1.04858e+06,"p95_upper_us":1.61249e+06,"p99_upper_us":1.61249e+06}}}
SAMPLE 17.60
PROCESS 143
143 (mqmgateway_iot) S 123 123 120 52288 123 4194304 1232 0 15 0 469 568 0 0 20 0 12 0 429 836595712 1871 18446744073709551615 187650838261760 187650838361120 281474353640624 0 0 0 0 4 16386 0 0 0 17 1 0 0 0 0 0 187650838366432 187650838368288 187650838372352 281474353643041 281474353643354 281474353643354 281474353643488 0
VmHWM:	    7484 kB
VmRSS:	    7484 kB
Threads:	12
THREAD 143 (mqmgateway_iot) S 123 123 120 52288 123 4194304 171 0 13 0 2 1 0 0 20 0 12 0 429 836595712 1871 18446744073709551615 187650838261760 187650838361120 281474353640624 0 0 0 0 4 16386 1 0 0 17 1 0 0 0 0 0 187650838366432 187650838368288 187650838372352 281474353643041 281474353643354 281474353643354 281474353643488 0
THREAD 145 (mosquitto loop) R 123 123 120 52288 123 4194368 5 0 0 0 121 213 0 0 20 0 12 0 434 836595712 1871 18446744073709551615 187650838261760 187650838361120 281474353640624 0 0 0 0 4 16386 0 0 0 -1 0 0 0 0 0 0 187650838366432 187650838368288 187650838372352 281474353643041 281474353643354 281474353643354 281474353643488 0
THREAD 146 (mqmgateway_iot) S 123 123 120 52288 123 4194368 102 0 0 0 97 180 0 0 20 0 12 0 434 836595712 1871 18446744073709551615 187650838261760 187650838361120 281474353640624 0 0 0 0 4 16386 1 0 0 -1 1 0 0 0 0 0 187650838366432 187650838368288 187650838372352 281474353643041 281474353643354 281474353643354 281474353643488 0
THREAD 147 (mqmgateway_iot) S 123 123 120 52288 123 4194368 116 0 0 0 25 23 0 0 20 0 12 0 434 836595712 1871 18446744073709551615 187650838261760 187650838361120 281474353640624 0 0 0 0 4 16386 1 0 0 -1 0 0 0 0 0 0 187650838366432 187650838368288 187650838372352 281474353643041 281474353643354 281474353643354 281474353643488 0
THREAD 148 (mqmgateway_iot) S 123 123 120 52288 123 4194368 116 0 0 0 38 17 0 0 20 0 12 0 434 836595712 1903 18446744073709551615 187650838261760 187650838361120 281474353640624 0 0 0 0 4 16386 1 0 0 -1 1 0 0 0 0 0 187650838366432 187650838368288 187650838372352 281474353643041 281474353643354 281474353643354 281474353643488 0
THREAD 149 (mqmgateway_iot) S 123 123 120 52288 123 4194368 119 0 0 0 28 23 0 0 20 0 12 0 434 836595712 1903 18446744073709551615 187650838261760 187650838361120 281474353640624 0 0 0 0 4 16386 1 0 0 -1 0 0 0 0 0 0 187650838366432 187650838368288 187650838372352 281474353643041 281474353643354 281474353643354 281474353643488 0
THREAD 150 (mqmgateway_iot) S 123 123 120 52288 123 4194368 127 0 0 0 34 25 0 0 20 0 12 0 434 836595712 1935 18446744073709551615 187650838261760 187650838361120 281474353640624 0 0 0 0 4 16386 1 0 0 -1 0 0 0 0 0 0 187650838366432 187650838368288 187650838372352 281474353643041 281474353643354 281474353643354 281474353643488 0
THREAD 151 (mqmgateway_iot) S 123 123 120 52288 123 4194368 128 0 0 0 36 18 0 0 20 0 12 0 434 836595712 1935 18446744073709551615 187650838261760 187650838361120 281474353640624 0 0 0 0 4 16386 1 0 0 -1 0 0 0 0 0 0 187650838366432 187650838368288 187650838372352 281474353643041 281474353643354 281474353643354 281474353643488 0
THREAD 152 (mqmgateway_iot) S 123 123 120 52288 123 4194368 122 0 0 0 33 19 0 0 20 0 12 0 434 836595712 1935 18446744073709551615 187650838261760 187650838361120 281474353640624 0 0 0 0 4 16386 1 0 0 -1 0 0 0 0 0 0 187650838366432 187650838368288 187650838372352 281474353643041 281474353643354 281474353643354 281474353643488 0
THREAD 153 (mqmgateway_iot) S 123 123 120 52288 123 4194368 117 0 0 0 35 18 0 0 20 0 12 0 434 836595712 1935 18446744073709551615 187650838261760 187650838361120 281474353640624 0 0 0 0 4 16386 1 0 0 -1 0 0 0 0 0 0 187650838366432 187650838368288 187650838372352 281474353643041 281474353643354 281474353643354 281474353643488 0
THREAD 154 (mqmgateway_iot) S 123 123 120 52288 123 4194368 131 0 0 0 37 15 0 0 20 0 12 0 434 836595712 1935 18446744073709551615 187650838261760 187650838361120 281474353640624 0 0 0 0 4 16386 1 0 0 -1 1 0 0 0 0 0 187650838366432 187650838368288 187650838372352 281474353643041 281474353643354 281474353643354 281474353643488 0
THREAD 155 (mqmgateway_iot) S 123 123 120 52288 123 4194368 8 0 2 0 2 3 0 0 20 0 12 0 434 836595712 1935 18446744073709551615 187650838261760 187650838361120 281474353640624 0 0 0 0 4 16386 1 0 0 -1 0 0 0 0 0 0 187650838366432 187650838368288 187650838372352 281474353643041 281474353643354 281474353643354 281474353643488 0
PROCESS 141
141 (mosquitto) R 123 123 120 52288 123 4194560 262 0 0 0 208 386 0 0 20 0 1 0 327 4313088 579 18446744073709551615 187650951065600 187650951308568 281474747862368 0 0 0 0 4100 18947 0 0 0 17 0 0 0 0 0 0 187650951313664 187650951315624 187650951344128 281474747866890 281474747866974 281474747866974 281474747867108 0
VmHWM:	    2316 kB
VmRSS:	    2316 kB
Threads:	1
THREAD 141 (mosquitto) S 123 123 120 52288 123 4194560 262 0 0 0 210 389 0 0 20 0 1 0 327 4313088 579 18446744073709551615 187650951065600 187650951308568 281474747862368 0 0 0 18947 4100 18947 1 0 0 17 0 0 0 0 0 0 187650951313664 187650951315624 187650951344128 281474747866890 281474747866974 281474747866974 281474747867108 0
PROCESS 157
157 (mqmgateway_arm6) R 123 123 120 52288 123 4194304 318 0 2 0 188 534 0 0 20 0 2 0 540 85700608 1999 18446744073709551615 187650602725376 187650602761148 281474659285984 0 0 0 0 6 0 0 0 0 17 1 0 0 0 0 0 187650602764752 187650602766368 187650602770432 281474659286608 281474659286865 281474659286865 281474659286999 0
VmHWM:	    7996 kB
VmRSS:	    7996 kB
Threads:	2
THREAD 157 (mqmgateway_arm6) R 123 123 120 52288 123 4194304 316 0 1 0 47 306 0 0 20 0 2 0 540 85700608 1999 18446744073709551615 187650602725376 187650602761148 281474659285984 0 0 0 0 6 0 0 0 0 17 1 0 0 0 0 0 187650602764752 187650602766368 187650602770432 281474659286608 281474659286865 281474659286865 281474659286999 0
THREAD 161 (mosquitto loop) R 123 123 120 52288 123 4194368 2 0 1 0 125 251 0 0 20 0 2 0 544 85700608 1999 18446744073709551615 187650602725376 187650602761148 281474659285984 0 0 0 0 6 0 0 0 0 -1 0 0 0 0 0 0 187650602764752 187650602766368 187650602770432 281474659286608 281474659286865 281474659286865 281474659286999 0
SYSTEM cpu  1130 0 1396 882 2 0 234 0 0 0
MemFree:          975788 kB
MemAvailable:     945768 kB
SwapFree:              0 kB
METRICS {"enqueued":52367,"dequeued":52365,"current_depth":2,"peak_depth":41,"rejected":0,"processing_latency_ms":0.287982,"published":52381,"publish_failures":0,"command_timeouts":0,"can_errors":0,"telemetry_qos":1,"mqtt_max_inflight":20,"pipeline_metrics_enabled":true,"can_pipeline":{"frames_read":52367,"parsed":52367,"rejected_frames":0,"read_errors":0,"parse":{"count":52367,"mean_us":7.37712,"max_us":5904.34,"p50_upper_us":4,"p95_upper_us":16,"p99_upper_us":128}},"telemetry_enqueued":52367,"telemetry_dequeued":52365,"telemetry_queue_wait":{"count":52365,"mean_us":285.838,"max_us":6716.35,"p50_upper_us":256,"p95_upper_us":1024,"p99_upper_us":4096},"command_queue_wait":{"count":0,"mean_us":0,"max_us":0,"p50_upper_us":0,"p95_upper_us":0,"p99_upper_us":0},"telemetry_worker_before_publish":{"count":52365,"mean_us":36.6583,"max_us":6356.06,"p50_upper_us":32,"p95_upper_us":128,"p99_upper_us":512},"mqtt_pipeline":{"publish_calls":52381,"publish_accepted":52381,"publish_api_errors":0,"puback_received":29762,"qos0_local_completed":0,"telemetry_accepted":52365,"telemetry_puback_received":29753,"pending_tracked":4096,"pending_peak":4096,"oldest_pending_us":3.24598e+06,"tracking_dropped":18523,"unmatched_callbacks":9610,"tracking_complete":false,"publish_api":{"count":52381,"mean_us":14.754,"max_us":5909.06,"p50_upper_us":8,"p95_upper_us":64,"p99_upper_us":256},"telemetry_puback":{"count":29753,"mean_us":1.18809e+06,"max_us":3.25053e+06,"p50_upper_us":2.09715e+06,"p95_upper_us":3.25053e+06,"p99_upper_us":3.25053e+06}}}
SAMPLE 23.81
PROCESS 143
143 (mqmgateway_iot) S 123 123 120 52288 123 4194304 1808 0 15 0 717 875 0 0 20 0 12 0 429 836595712 2479 18446744073709551615 187650838261760 187650838361120 281474353640624 0 0 0 0 4 16386 0 0 0 17 0 0 0 0 0 0 187650838366432 187650838368288 187650838372352 281474353643041 281474353643354 281474353643354 281474353643488 0
VmHWM:	    9916 kB
VmRSS:	    9916 kB
Threads:	12
THREAD 143 (mqmgateway_iot) S 123 123 120 52288 123 4194304 171 0 13 0 3 2 0 0 20 0 12 0 429 836595712 2479 18446744073709551615 187650838261760 187650838361120 281474353640624 0 0 0 0 4 16386 1 0 0 17 0 0 0 0 0 0 187650838366432 187650838368288 187650838372352 281474353643041 281474353643354 281474353643354 281474353643488 0
THREAD 145 (mosquitto loop) S 123 123 120 52288 123 4194368 5 0 0 0 182 332 0 0 20 0 12 0 434 836595712 2479 18446744073709551615 187650838261760 187650838361120 281474353640624 0 0 0 0 4 16386 1 0 0 -1 0 0 0 0 0 0 187650838366432 187650838368288 187650838372352 281474353643041 281474353643354 281474353643354 281474353643488 0
THREAD 146 (mqmgateway_iot) R 123 123 120 52288 123 4194368 158 0 0 0 149 288 0 0 20 0 12 0 434 836595712 2479 18446744073709551615 187650838261760 187650838361120 281474353640624 0 0 0 0 4 16386 0 0 0 -1 1 0 0 0 0 0 187650838366432 187650838368288 187650838372352 281474353643041 281474353643354 281474353643354 281474353643488 0
THREAD 147 (mqmgateway_iot) R 123 123 120 52288 123 4194368 217 0 0 0 46 32 0 0 20 0 12 0 434 836595712 2479 18446744073709551615 187650838261760 187650838361120 281474353640624 0 0 0 0 4 16386 0 0 0 -1 0 0 0 0 0 0 187650838366432 187650838368288 187650838372352 281474353643041 281474353643354 281474353643354 281474353643488 0
THREAD 148 (mqmgateway_iot) S 123 123 120 52288 123 4194368 183 0 0 0 54 27 0 0 20 0 12 0 434 836595712 2479 18446744073709551615 187650838261760 187650838361120 281474353640624 0 0 0 0 4 16386 1 0 0 -1 0 0 0 0 0 0 187650838366432 187650838368288 187650838372352 281474353643041 281474353643354 281474353643354 281474353643488 0
THREAD 149 (mqmgateway_iot) S 123 123 120 52288 123 4194368 188 0 0 0 47 31 0 0 20 0 12 0 434 836595712 2479 18446744073709551615 187650838261760 187650838361120 281474353640624 0 0 0 0 4 16386 1 0 0 -1 1 0 0 0 0 0 187650838366432 187650838368288 187650838372352 281474353643041 281474353643354 281474353643354 281474353643488 0
THREAD 150 (mqmgateway_iot) S 123 123 120 52288 123 4194368 190 0 0 0 54 33 0 0 20 0 12 0 434 836595712 2543 18446744073709551615 187650838261760 187650838361120 281474353640624 0 0 0 0 4 16386 1 0 0 -1 1 0 0 0 0 0 187650838366432 187650838368288 187650838372352 281474353643041 281474353643354 281474353643354 281474353643488 0
THREAD 151 (mqmgateway_iot) S 123 123 120 52288 123 4194368 185 0 0 0 55 26 0 0 20 0 12 0 434 836595712 2543 18446744073709551615 187650838261760 187650838361120 281474353640624 0 0 0 0 4 16386 1 0 0 -1 0 0 0 0 0 0 187650838366432 187650838368288 187650838372352 281474353643041 281474353643354 281474353643354 281474353643488 0
THREAD 152 (mqmgateway_iot) R 123 123 120 52288 123 4194368 182 0 0 0 50 29 0 0 20 0 12 0 434 836595712 2543 18446744073709551615 187650838261760 187650838361120 281474353640624 0 0 0 0 4 16386 0 0 0 -1 0 0 0 0 0 0 187650838366432 187650838368288 187650838372352 281474353643041 281474353643354 281474353643354 281474353643488 0
THREAD 153 (mqmgateway_iot) R 123 123 120 52288 123 4194368 180 0 0 0 50 30 0 0 20 0 12 0 434 836595712 2543 18446744073709551615 187650838261760 187650838361120 281474353640624 0 0 0 0 4 16386 0 0 0 -1 0 0 0 0 0 0 187650838366432 187650838368288 187650838372352 281474353643041 281474353643354 281474353643354 281474353643488 0
THREAD 154 (mqmgateway_iot) R 123 123 120 52288 123 4194368 197 0 0 0 54 26 0 0 20 0 12 0 434 836595712 2543 18446744073709551615 187650838261760 187650838361120 281474353640624 0 0 0 0 4 16386 0 0 0 -1 0 0 0 0 0 0 187650838366432 187650838368288 187650838372352 281474353643041 281474353643354 281474353643354 281474353643488 0
THREAD 155 (mqmgateway_iot) S 123 123 120 52288 123 4194368 8 0 2 0 3 4 0 0 20 0 12 0 434 836595712 2543 18446744073709551615 187650838261760 187650838361120 281474353640624 0 0 0 0 4 16386 1 0 0 -1 1 0 0 0 0 0 187650838366432 187650838368288 187650838372352 281474353643041 281474353643354 281474353643354 281474353643488 0
PROCESS 141
141 (mosquitto) R 123 123 120 52288 123 4194560 262 0 0 0 300 585 0 0 20 0 1 0 327 4313088 579 18446744073709551615 187650951065600 187650951308568 281474747862368 0 0 0 18947 4100 18947 0 0 0 17 0 0 0 0 0 0 187650951313664 187650951315624 187650951344128 281474747866890 281474747866974 281474747866974 281474747867108 0
VmHWM:	    2316 kB
VmRSS:	    2316 kB
Threads:	1
THREAD 141 (mosquitto) R 123 123 120 52288 123 4194560 262 0 0 0 301 587 0 0 20 0 1 0 327 4313088 579 18446744073709551615 187650951065600 187650951308568 281474747862368 0 0 0 0 4100 18947 0 0 0 17 0 0 0 0 0 0 187650951313664 187650951315624 187650951344128 281474747866890 281474747866974 281474747866974 281474747867108 0
PROCESS 157
157 (mqmgateway_arm6) R 123 123 120 52288 123 4194304 318 0 2 0 288 767 0 0 20 0 2 0 540 85700608 1999 18446744073709551615 187650602725376 187650602761148 281474659285984 0 0 0 0 6 0 0 0 0 17 0 0 0 0 0 0 187650602764752 187650602766368 187650602770432 281474659286608 281474659286865 281474659286865 281474659286999 0
VmHWM:	    7996 kB
VmRSS:	    7996 kB
Threads:	2
THREAD 157 (mqmgateway_arm6) R 123 123 120 52288 123 4194304 316 0 1 0 75 439 0 0 20 0 2 0 540 85700608 1999 18446744073709551615 187650602725376 187650602761148 281474659285984 0 0 0 0 6 0 0 0 0 17 0 0 0 0 0 0 187650602764752 187650602766368 187650602770432 281474659286608 281474659286865 281474659286865 281474659286999 0
THREAD 161 (mosquitto loop) R 123 123 120 52288 123 4194368 2 0 1 0 192 354 0 0 20 0 2 0 544 85700608 1999 18446744073709551615 187650602725376 187650602761148 281474659285984 0 0 0 0 6 0 0 0 0 -1 0 0 0 0 0 0 187650602764752 187650602766368 187650602770432 281474659286608 281474659286865 281474659286865 281474659286999 0
SYSTEM cpu  1610 0 2018 898 2 0 343 0 0 0
MemFree:          973764 kB
MemAvailable:     943756 kB
SwapFree:              0 kB
METRICS {"enqueued":76676,"dequeued":76676,"current_depth":0,"peak_depth":41,"rejected":0,"processing_latency_ms":0.291017,"published":76698,"publish_failures":0,"command_timeouts":0,"can_errors":0,"telemetry_qos":1,"mqtt_max_inflight":20,"pipeline_metrics_enabled":true,"can_pipeline":{"frames_read":76676,"parsed":76676,"rejected_frames":0,"read_errors":0,"parse":{"count":76676,"mean_us":7.51466,"max_us":5904.34,"p50_upper_us":4,"p95_upper_us":16,"p99_upper_us":128}},"telemetry_enqueued":76676,"telemetry_dequeued":76676,"telemetry_queue_wait":{"count":76676,"mean_us":288.96,"max_us":9222.77,"p50_upper_us":256,"p95_upper_us":1024,"p99_upper_us":4096},"command_queue_wait":{"count":0,"mean_us":0,"max_us":0,"p50_upper_us":0,"p95_upper_us":0,"p99_upper_us":0},"telemetry_worker_before_publish":{"count":76676,"mean_us":36.8882,"max_us":6356.06,"p50_upper_us":32,"p95_upper_us":128,"p99_upper_us":512},"mqtt_pipeline":{"publish_calls":76698,"publish_accepted":76698,"publish_api_errors":0,"puback_received":34870,"qos0_local_completed":0,"telemetry_accepted":76676,"telemetry_puback_received":34860,"pending_tracked":4093,"pending_peak":4096,"oldest_pending_us":5.13206e+06,"tracking_dropped":37735,"unmatched_callbacks":21272,"tracking_complete":false,"publish_api":{"count":76698,"mean_us":15.4803,"max_us":5909.06,"p50_upper_us":8,"p95_upper_us":64,"p99_upper_us":256},"telemetry_puback":{"count":34860,"mean_us":1.63308e+06,"max_us":5.13994e+06,"p50_upper_us":2.09715e+06,"p95_upper_us":5.13994e+06,"p99_upper_us":5.13994e+06}}}
SAMPLE 30.00
PROCESS 143
143 (mqmgateway_iot) S 123 123 120 52288 123 4194304 2339 0 15 0 964 1148 0 0 20 0 12 0 429 836595712 2991 18446744073709551615 187650838261760 187650838361120 281474353640624 0 0 0 0 4 16386 0 0 0 17 0 0 0 0 0 0 187650838366432 187650838368288 187650838372352 281474353643041 281474353643354 281474353643354 281474353643488 0
VmHWM:	   11964 kB
VmRSS:	   11964 kB
Threads:	12
THREAD 143 (mqmgateway_iot) S 123 123 120 52288 123 4194304 171 0 13 0 3 2 0 0 20 0 12 0 429 836595712 2991 18446744073709551615 187650838261760 187650838361120 281474353640624 0 0 0 0 4 16386 1 0 0 17 1 0 0 0 0 0 187650838366432 187650838368288 187650838372352 281474353643041 281474353643354 281474353643354 281474353643488 0
THREAD 145 (mosquitto loop) R 123 123 120 52288 123 4194368 5 0 0 0 242 430 0 0 20 0 12 0 434 836595712 3023 18446744073709551615 187650838261760 187650838361120 281474353640624 0 0 0 0 4 16386 0 0 0 -1 0 0 0 0 0 0 187650838366432 187650838368288 187650838372352 281474353643041 281474353643354 281474353643354 281474353643488 0
THREAD 146 (mqmgateway_iot) S 123 123 120 52288 123 4194368 206 0 0 0 199 385 0 0 20 0 12 0 434 836595712 3023 18446744073709551615 187650838261760 187650838361120 281474353640624 0 0 0 0 4 16386 1 0 0 -1 1 0 0 0 0 0 187650838366432 187650838368288 187650838372352 281474353643041 281474353643354 281474353643354 281474353643488 0
THREAD 147 (mqmgateway_iot) S 123 123 120 52288 123 4194368 254 0 0 0 65 38 0 0 20 0 12 0 434 836595712 3023 18446744073709551615 187650838261760 187650838361120 281474353640624 0 0 0 0 4 16386 1 0 0 -1 1 0 0 0 0 0 187650838366432 187650838368288 187650838372352 281474353643041 281474353643354 281474353643354 281474353643488 0
THREAD 148 (mqmgateway_iot) S 123 123 120 52288 123 4194368 242 0 0 0 72 36 0 0 20 0 12 0 434 836595712 3023 18446744073709551615 187650838261760 187650838361120 281474353640624 0 0 0 0 4 16386 1 0 0 -1 0 0 0 0 0 0 187650838366432 187650838368288 187650838372352 281474353643041 281474353643354 281474353643354 281474353643488 0
THREAD 149 (mqmgateway_iot) S 123 123 120 52288 123 4194368 248 0 0 0 64 39 0 0 20 0 12 0 434 836595712 3023 18446744073709551615 187650838261760 187650838361120 281474353640624 0 0 0 0 4 16386 1 0 0 -1 1 0 0 0 0 0 187650838366432 187650838368288 187650838372352 281474353643041 281474353643354 281474353643354 281474353643488 0
THREAD 150 (mqmgateway_iot) S 123 123 120 52288 123 4194368 245 0 0 0 71 42 0 0 20 0 12 0 434 836595712 3023 18446744073709551615 187650838261760 187650838361120 281474353640624 0 0 0 0 4 16386 1 0 0 -1 0 0 0 0 0 0 187650838366432 187650838368288 187650838372352 281474353643041 281474353643354 281474353643354 281474353643488 0
THREAD 151 (mqmgateway_iot) S 123 123 120 52288 123 4194368 246 0 0 0 71 38 0 0 20 0 12 0 434 836595712 3023 18446744073709551615 187650838261760 187650838361120 281474353640624 0 0 0 0 4 16386 1 0 0 -1 1 0 0 0 0 0 187650838366432 187650838368288 187650838372352 281474353643041 281474353643354 281474353643354 281474353643488 0
THREAD 152 (mqmgateway_iot) S 123 123 120 52288 123 4194368 242 0 0 0 67 39 0 0 20 0 12 0 434 836595712 3023 18446744073709551615 187650838261760 187650838361120 281474353640624 0 0 0 0 4 16386 1 0 0 -1 1 0 0 0 0 0 187650838366432 187650838368288 187650838372352 281474353643041 281474353643354 281474353643354 281474353643488 0
THREAD 153 (mqmgateway_iot) S 123 123 120 52288 123 4194368 243 0 0 0 66 39 0 0 20 0 12 0 434 836595712 3023 18446744073709551615 187650838261760 187650838361120 281474353640624 0 0 0 0 4 16386 1 0 0 -1 0 0 0 0 0 0 187650838366432 187650838368288 187650838372352 281474353643041 281474353643354 281474353643354 281474353643488 0
THREAD 154 (mqmgateway_iot) S 123 123 120 52288 123 4194368 263 0 0 0 72 34 0 0 20 0 12 0 434 836595712 3023 18446744073709551615 187650838261760 187650838361120 281474353640624 0 0 0 0 4 16386 1 0 0 -1 0 0 0 0 0 0 187650838366432 187650838368288 187650838372352 281474353643041 281474353643354 281474353643354 281474353643488 0
THREAD 155 (mqmgateway_iot) S 123 123 120 52288 123 4194368 8 0 2 0 5 5 0 0 20 0 12 0 434 836595712 3023 18446744073709551615 187650838261760 187650838361120 281474353640624 0 0 0 0 4 16386 1 0 0 -1 0 0 0 0 0 0 187650838366432 187650838368288 187650838372352 281474353643041 281474353643354 281474353643354 281474353643488 0
PROCESS 141
141 (mosquitto) S 123 123 120 52288 123 4194560 262 0 0 0 399 773 0 0 20 0 1 0 327 4313088 579 18446744073709551615 187650951065600 187650951308568 281474747862368 0 0 0 18947 4100 18947 1 0 0 17 1 0 0 0 0 0 187650951313664 187650951315624 187650951344128 281474747866890 281474747866974 281474747866974 281474747867108 0
VmHWM:	    2316 kB
VmRSS:	    2316 kB
Threads:	1
THREAD 141 (mosquitto) S 123 123 120 52288 123 4194560 262 0 0 0 401 775 0 0 20 0 1 0 327 4313088 579 18446744073709551615 187650951065600 187650951308568 281474747862368 0 0 0 18947 4100 18947 0 0 0 17 1 0 0 0 0 0 187650951313664 187650951315624 187650951344128 281474747866890 281474747866974 281474747866974 281474747867108 0
PROCESS 157
157 (mqmgateway_arm6) R 123 123 120 52288 123 4194304 318 0 2 0 389 1015 0 0 20 0 2 0 540 85700608 1999 18446744073709551615 187650602725376 187650602761148 281474659285984 0 0 0 0 6 0 0 0 0 17 0 0 0 0 0 0 187650602764752 187650602766368 187650602770432 281474659286608 281474659286865 281474659286865 281474659286999 0
VmHWM:	    7996 kB
VmRSS:	    7996 kB
Threads:	2
THREAD 157 (mqmgateway_arm6) R 123 123 120 52288 123 4194304 316 0 1 0 102 577 0 0 20 0 2 0 540 85700608 1999 18446744073709551615 187650602725376 187650602761148 281474659285984 0 0 0 0 6 0 0 0 0 17 0 0 0 0 0 0 187650602764752 187650602766368 187650602770432 281474659286608 281474659286865 281474659286865 281474659286999 0
THREAD 161 (mosquitto loop) R 123 123 120 52288 123 4194368 2 0 1 0 261 470 0 0 20 0 2 0 544 85700608 1999 18446744073709551615 187650602725376 187650602761148 281474659285984 0 0 0 0 6 0 0 0 0 -1 1 0 0 0 0 0 187650602764752 187650602766368 187650602770432 281474659286608 281474659286865 281474659286865 281474659286999 0
SYSTEM cpu  2089 0 2629 925 2 0 451 0 0 0
MemFree:          971544 kB
MemAvailable:     941544 kB
SwapFree:              0 kB
METRICS {"enqueued":101003,"dequeued":101003,"current_depth":0,"peak_depth":41,"rejected":0,"processing_latency_ms":0.286389,"published":101031,"publish_failures":0,"command_timeouts":0,"can_errors":0,"telemetry_qos":1,"mqtt_max_inflight":20,"pipeline_metrics_enabled":true,"can_pipeline":{"frames_read":101003,"parsed":101003,"rejected_frames":0,"read_errors":0,"parse":{"count":101003,"mean_us":7.31201,"max_us":5904.34,"p50_upper_us":4,"p95_upper_us":16,"p99_upper_us":128}},"telemetry_enqueued":101003,"telemetry_dequeued":101003,"telemetry_queue_wait":{"count":101003,"mean_us":284.124,"max_us":9222.77,"p50_upper_us":256,"p95_upper_us":1024,"p99_upper_us":4096},"command_queue_wait":{"count":0,"mean_us":0,"max_us":0,"p50_upper_us":0,"p95_upper_us":0,"p99_upper_us":0},"telemetry_worker_before_publish":{"count":101003,"mean_us":37.1656,"max_us":11942.2,"p50_upper_us":32,"p95_upper_us":128,"p99_upper_us":512},"mqtt_pipeline":{"publish_calls":101031,"publish_accepted":101031,"publish_api_errors":0,"puback_received":38720,"qos0_local_completed":0,"telemetry_accepted":101003,"telemetry_puback_received":38708,"pending_tracked":4096,"pending_peak":4096,"oldest_pending_us":6.65767e+06,"tracking_dropped":58215,"unmatched_callbacks":35662,"tracking_complete":false,"publish_api":{"count":101031,"mean_us":15.5167,"max_us":5909.06,"p50_upper_us":8,"p95_upper_us":64,"p99_upper_us":256},"telemetry_puback":{"count":38708,"mean_us":2.05695e+06,"max_us":6.65848e+06,"p50_upper_us":2.09715e+06,"p95_upper_us":6.65848e+06,"p99_upper_us":6.65848e+06}}}
SAMPLE 36.28
PROCESS 143
143 (mqmgateway_iot) S 123 123 120 52288 123 4194304 2967 0 15 0 1226 1466 0 0 20 0 12 0 429 836595712 3631 18446744073709551615 187650838261760 187650838361120 281474353640624 0 0 0 0 4 16386 0 0 0 17 1 0 0 0 0 0 187650838366432 187650838368288 187650838372352 281474353643041 281474353643354 281474353643354 281474353643488 0
VmHWM:	   14524 kB
VmRSS:	   14524 kB
Threads:	12
THREAD 143 (mqmgateway_iot) S 123 123 120 52288 123 4194304 171 0 13 0 3 2 0 0 20 0 12 0 429 836595712 3631 18446744073709551615 187650838261760 187650838361120 281474353640624 0 0 0 0 4 16386 1 0 0 17 1 0 0 0 0 0 187650838366432 187650838368288 187650838372352 281474353643041 281474353643354 281474353643354 281474353643488 0
THREAD 145 (mosquitto loop) S 123 123 120 52288 123 4194368 5 0 0 0 297 533 0 0 20 0 12 0 434 836595712 3631 18446744073709551615 187650838261760 187650838361120 281474353640624 0 0 0 0 4 16386 1 0 0 -1 1 0 0 0 0 0 187650838366432 187650838368288 187650838372352 281474353643041 281474353643354 281474353643354 281474353643488 0
THREAD 146 (mqmgateway_iot) R 123 123 120 52288 123 4194368 264 0 0 0 249 517 0 0 20 0 12 0 434 836595712 3631 18446744073709551615 187650838261760 187650838361120 281474353640624 0 0 0 0 4 16386 0 0 0 -1 0 0 0 0 0 0 187650838366432 187650838368288 187650838372352 281474353643041 281474353643354 281474353643354 281474353643488 0
THREAD 147 (mqmgateway_iot) S 123 123 120 52288 123 4194368 313 0 0 0 87 44 0 0 20 0 12 0 434 836595712 3631 18446744073709551615 187650838261760 187650838361120 281474353640624 0 0 0 0 4 16386 1 0 0 -1 1 0 0 0 0 0 187650838366432 187650838368288 187650838372352 281474353643041 281474353643354 281474353643354 281474353643488 0
THREAD 148 (mqmgateway_iot) S 123 123 120 52288 123 4194368 323 0 0 0 90 49 0 0 20 0 12 0 434 836595712 3663 18446744073709551615 187650838261760 187650838361120 281474353640624 0 0 0 0 4 16386 1 0 0 -1 0 0 0 0 0 0 187650838366432 187650838368288 187650838372352 281474353643041 281474353643354 281474353643354 281474353643488 0
THREAD 149 (mqmgateway_iot) S 123 123 120 52288 123 4194368 312 0 0 0 85 49 0 0 20 0 12 0 434 836595712 3663 18446744073709551615 187650838261760 187650838361120 281474353640624 0 0 0 0 4 16386 1 0 0 -1 0 0 0 0 0 0 187650838366432 187650838368288 187650838372352 281474353643041 281474353643354 281474353643354 281474353643488 0
THREAD 150 (mqmgateway_iot) S 123 123 120 52288 123 4194368 306 0 0 0 91 52 0 0 20 0 12 0 434 836595712 3663 18446744073709551615 187650838261760 187650838361120 281474353640624 0 0 0 0 4 16386 1 0 0 -1 1 0 0 0 0 0 187650838366432 187650838368288 187650838372352 281474353643041 281474353643354 281474353643354 281474353643488 0
THREAD 151 (mqmgateway_iot) S 123 123 120 52288 123 4194368 329 0 0 0 91 48 0 0 20 0 12 0 434 836595712 3663 18446744073709551615 187650838261760 187650838361120 281474353640624 0 0 0 0 4 16386 1 0 0 -1 1 0 0 0 0 0 187650838366432 187650838368288 187650838372352 281474353643041 281474353643354 281474353643354 281474353643488 0
THREAD 152 (mqmgateway_iot) S 123 123 120 52288 123 4194368 323 0 0 0 90 46 0 0 20 0 12 0 434 836595712 3695 18446744073709551615 187650838261760 187650838361120 281474353640624 0 0 0 0 4 16386 1 0 0 -1 1 0 0 0 0 0 187650838366432 187650838368288 187650838372352 281474353643041 281474353643354 281474353643354 281474353643488 0
THREAD 153 (mqmgateway_iot) S 123 123 120 52288 123 4194368 320 0 0 0 83 54 0 0 20 0 12 0 434 836595712 3695 18446744073709551615 187650838261760 187650838361120 281474353640624 0 0 0 0 4 16386 1 0 0 -1 0 0 0 0 0 0 187650838366432 187650838368288 187650838372352 281474353643041 281474353643354 281474353643354 281474353643488 0
THREAD 154 (mqmgateway_iot) S 123 123 120 52288 123 4194368 350 0 0 0 93 43 0 0 20 0 12 0 434 836595712 3695 18446744073709551615 187650838261760 187650838361120 281474353640624 0 0 0 0 4 16386 1 0 0 -1 1 0 0 0 0 0 187650838366432 187650838368288 187650838372352 281474353643041 281474353643354 281474353643354 281474353643488 0
THREAD 155 (mqmgateway_iot) S 123 123 120 52288 123 4194368 8 0 2 0 5 6 0 0 20 0 12 0 434 836595712 3695 18446744073709551615 187650838261760 187650838361120 281474353640624 0 0 0 0 4 16386 1 0 0 -1 1 0 0 0 0 0 187650838366432 187650838368288 187650838372352 281474353643041 281474353643354 281474353643354 281474353643488 0
PROCESS 141
141 (mosquitto) R 123 123 120 52288 123 4194560 262 0 0 0 488 939 0 0 20 0 1 0 327 4313088 579 18446744073709551615 187650951065600 187650951308568 281474747862368 0 0 0 0 4100 18947 0 0 0 17 1 0 0 0 0 0 187650951313664 187650951315624 187650951344128 281474747866890 281474747866974 281474747866974 281474747867108 0
VmHWM:	    2316 kB
VmRSS:	    2316 kB
Threads:	1
THREAD 141 (mosquitto) R 123 123 120 52288 123 4194560 262 0 0 0 489 942 0 0 20 0 1 0 327 4313088 579 18446744073709551615 187650951065600 187650951308568 281474747862368 0 0 0 0 4100 18947 0 0 0 17 1 0 0 0 0 0 187650951313664 187650951315624 187650951344128 281474747866890 281474747866974 281474747866974 281474747867108 0
PROCESS 157
157 (mqmgateway_arm6) R 123 123 120 52288 123 4194304 318 0 2 0 476 1277 0 0 20 0 2 0 540 85700608 1999 18446744073709551615 187650602725376 187650602761148 281474659285984 0 0 0 0 6 0 0 0 0 17 0 0 0 0 0 0 187650602764752 187650602766368 187650602770432 281474659286608 281474659286865 281474659286865 281474659286999 0
VmHWM:	    7996 kB
VmRSS:	    7996 kB
Threads:	2
THREAD 157 (mqmgateway_arm6) R 123 123 120 52288 123 4194304 316 0 1 0 128 735 0 0 20 0 2 0 540 85700608 1999 18446744073709551615 187650602725376 187650602761148 281474659285984 0 0 0 0 6 0 0 0 0 17 0 0 0 0 0 0 187650602764752 187650602766368 187650602770432 281474659286608 281474659286865 281474659286865 281474659286999 0
THREAD 161 (mosquitto loop) R 123 123 120 52288 123 4194368 2 0 1 0 319 576 0 0 20 0 2 0 544 85700608 1999 18446744073709551615 187650602725376 187650602761148 281474659285984 0 0 0 0 6 0 0 0 0 -1 1 0 0 0 0 0 187650602764752 187650602766368 187650602770432 281474659286608 281474659286865 281474659286865 281474659286999 0
SYSTEM cpu  2570 0 3263 936 2 0 563 0 0 0
MemFree:          968976 kB
MemAvailable:     938984 kB
SwapFree:              0 kB
METRICS {"enqueued":125302,"dequeued":125302,"current_depth":0,"peak_depth":41,"rejected":0,"processing_latency_ms":0.269426,"published":125336,"publish_failures":0,"command_timeouts":0,"can_errors":0,"telemetry_qos":1,"mqtt_max_inflight":20,"pipeline_metrics_enabled":true,"can_pipeline":{"frames_read":125302,"parsed":125302,"rejected_frames":0,"read_errors":0,"parse":{"count":125302,"mean_us":7.7273,"max_us":5904.34,"p50_upper_us":4,"p95_upper_us":16,"p99_upper_us":128}},"telemetry_enqueued":125302,"telemetry_dequeued":125302,"telemetry_queue_wait":{"count":125302,"mean_us":267.264,"max_us":9222.77,"p50_upper_us":256,"p95_upper_us":1024,"p99_upper_us":4096},"command_queue_wait":{"count":0,"mean_us":0,"max_us":0,"p50_upper_us":0,"p95_upper_us":0,"p99_upper_us":0},"telemetry_worker_before_publish":{"count":125302,"mean_us":37.3021,"max_us":11942.2,"p50_upper_us":32,"p95_upper_us":128,"p99_upper_us":512},"mqtt_pipeline":{"publish_calls":125336,"publish_accepted":125336,"publish_api_errors":0,"puback_received":41004,"qos0_local_completed":0,"telemetry_accepted":125302,"telemetry_puback_received":40990,"pending_tracked":4096,"pending_peak":4096,"oldest_pending_us":8.72775e+06,"tracking_dropped":80236,"unmatched_callbacks":49392,"tracking_complete":false,"publish_api":{"count":125336,"mean_us":15.9155,"max_us":5909.06,"p50_upper_us":8,"p95_upper_us":64,"p99_upper_us":256},"telemetry_puback":{"count":40990,"mean_us":2.36915e+06,"max_us":8.66712e+06,"p50_upper_us":2.09715e+06,"p95_upper_us":8.38861e+06,"p99_upper_us":8.38861e+06}}}
SAMPLE 42.52
PROCESS 143
143 (mqmgateway_iot) S 123 123 120 52288 123 4194304 3573 0 15 0 1479 1771 0 0 20 0 12 0 429 836595712 4207 18446744073709551615 187650838261760 187650838361120 281474353640624 0 0 0 0 4 16386 0 0 0 17 0 0 0 0 0 0 187650838366432 187650838368288 187650838372352 281474353643041 281474353643354 281474353643354 281474353643488 0
VmHWM:	   16828 kB
VmRSS:	   16828 kB
Threads:	12
THREAD 143 (mqmgateway_iot) S 123 123 120 52288 123 4194304 171 0 13 0 3 2 0 0 20 0 12 0 429 836595712 4207 18446744073709551615 187650838261760 187650838361120 281474353640624 0 0 0 0 4 16386 1 0 0 17 0 0 0 0 0 0 187650838366432 187650838368288 187650838372352 281474353643041 281474353643354 281474353643354 281474353643488 0
THREAD 145 (mosquitto loop) R 123 123 120 52288 123 4194368 5 0 0 0 348 640 0 0 20 0 12 0 434 836595712 4207 18446744073709551615 187650838261760 187650838361120 281474353640624 0 0 0 0 4 16386 0 0 0 -1 0 0 0 0 0 0 187650838366432 187650838368288 187650838372352 281474353643041 281474353643354 281474353643354 281474353643488 0
THREAD 146 (mqmgateway_iot) R 123 123 120 52288 123 4194368 319 0 0 0 306 630 0 0 20 0 12 0 434 836595712 4239 18446744073709551615 187650838261760 187650838361120 281474353640624 0 0 0 0 4 16386 0 0 0 -1 1 0 0 0 0 0 187650838366432 187650838368288 187650838372352 281474353643041 281474353643354 281474353643354 281474353643488 0
THREAD 147 (mqmgateway_iot) S 123 123 120 52288 123 4194368 390 0 0 0 108 51 0 0 20 0 12 0 434 836595712 4239 18446744073709551615 187650838261760 187650838361120 281474353640624 0 0 0 0 4 16386 1 0 0 -1 1 0 0 0 0 0 187650838366432 187650838368288 187650838372352 281474353643041 281474353643354 281474353643354 281474353643488 0
THREAD 148 (mqmgateway_iot) S 123 123 120 52288 123 4194368 387 0 0 0 106 60 0 0 20 0 12 0 434 836595712 4239 18446744073709551615 187650838261760 187650838361120 281474353640624 0 0 0 0 4 16386 1 0 0 -1 1 0 0 0 0 0 187650838366432 187650838368288 187650838372352 281474353643041 281474353643354 281474353643354 281474353643488 0
THREAD 149 (mqmgateway_iot) S 123 123 120 52288 123 4194368 384 0 0 0 100 61 0 0 20 0 12 0 434 836595712 4271 18446744073709551615 187650838261760 187650838361120 281474353640624 0 0 0 0 4 16386 1 0 0 -1 1 0 0 0 0 0 187650838366432 187650838368288 187650838372352 281474353643041 281474353643354 281474353643354 281474353643488 0
THREAD 150 (mqmgateway_iot) S 123 123 120 52288 123 4194368 377 0 0 0 109 61 0 0 20 0 12 0 434 836595712 4271 18446744073709551615 187650838261760 187650838361120 281474353640624 0 0 0 0 4 16386 1 0 0 -1 1 0 0 0 0 0 187650838366432 187650838368288 187650838372352 281474353643041 281474353643354 281474353643354 281474353643488 0
THREAD 151 (mqmgateway_iot) S 123 123 120 52288 123 4194368 391 0 0 0 109 59 0 0 20 0 12 0 434 836595712 4271 18446744073709551615 187650838261760 187650838361120 281474353640624 0 0 0 0 4 16386 1 0 0 -1 0 0 0 0 0 0 187650838366432 187650838368288 187650838372352 281474353643041 281474353643354 281474353643354 281474353643488 0
THREAD 152 (mqmgateway_iot) S 123 123 120 52288 123 4194368 398 0 0 0 108 57 0 0 20 0 12 0 434 836595712 4271 18446744073709551615 187650838261760 187650838361120 281474353640624 0 0 0 0 4 16386 1 0 0 -1 0 0 0 0 0 0 187650838366432 187650838368288 187650838372352 281474353643041 281474353643354 281474353643354 281474353643488 0
THREAD 153 (mqmgateway_iot) S 123 123 120 52288 123 4194368 375 0 0 0 102 63 0 0 20 0 12 0 434 836595712 4271 18446744073709551615 187650838261760 187650838361120 281474353640624 0 0 0 0 4 16386 1 0 0 -1 1 0 0 0 0 0 187650838366432 187650838368288 187650838372352 281474353643041 281474353643354 281474353643354 281474353643488 0
THREAD 154 (mqmgateway_iot) S 123 123 120 52288 123 4194368 400 0 0 0 113 50 0 0 20 0 12 0 434 836595712 4271 18446744073709551615 187650838261760 187650838361120 281474353640624 0 0 0 0 4 16386 1 0 0 -1 1 0 0 0 0 0 187650838366432 187650838368288 187650838372352 281474353643041 281474353643354 281474353643354 281474353643488 0
THREAD 155 (mqmgateway_iot) S 123 123 120 52288 123 4194368 8 0 2 0 7 7 0 0 20 0 12 0 434 836595712 4271 18446744073709551615 187650838261760 187650838361120 281474353640624 0 0 0 0 4 16386 1 0 0 -1 0 0 0 0 0 0 187650838366432 187650838368288 187650838372352 281474353643041 281474353643354 281474353643354 281474353643488 0
PROCESS 141
141 (mosquitto) R 123 123 120 52288 123 4194560 262 0 0 0 585 1111 0 0 20 0 1 0 327 4313088 579 18446744073709551615 187650951065600 187650951308568 281474747862368 0 0 0 0 4100 18947 0 0 0 17 0 0 0 0 0 0 187650951313664 187650951315624 187650951344128 281474747866890 281474747866974 281474747866974 281474747867108 0
VmHWM:	    2316 kB
VmRSS:	    2316 kB
Threads:	1
THREAD 141 (mosquitto) R 123 123 120 52288 123 4194560 262 0 0 0 587 1113 0 0 20 0 1 0 327 4313088 579 18446744073709551615 187650951065600 187650951308568 281474747862368 0 0 0 0 4100 18947 0 0 0 17 0 0 0 0 0 0 187650951313664 187650951315624 187650951344128 281474747866890 281474747866974 281474747866974 281474747867108 0
PROCESS 157
157 (mqmgateway_arm6) R 123 123 120 52288 123 4194304 318 0 2 0 572 1514 0 0 20 0 2 0 540 85700608 1999 18446744073709551615 187650602725376 187650602761148 281474659285984 0 0 0 0 6 0 0 0 0 17 0 0 0 0 0 0 187650602764752 187650602766368 187650602770432 281474659286608 281474659286865 281474659286865 281474659286999 0
VmHWM:	    7996 kB
VmRSS:	    7996 kB
Threads:	2
THREAD 157 (mqmgateway_arm6) R 123 123 120 52288 123 4194304 316 0 1 0 157 874 0 0 20 0 2 0 540 85700608 1999 18446744073709551615 187650602725376 187650602761148 281474659285984 0 0 0 0 6 0 0 0 0 17 0 0 0 0 0 0 187650602764752 187650602766368 187650602770432 281474659286608 281474659286865 281474659286865 281474659286999 0
THREAD 161 (mosquitto loop) R 123 123 120 52288 123 4194368 2 0 1 0 381 679 0 0 20 0 2 0 544 85700608 1999 18446744073709551615 187650602725376 187650602761148 281474659285984 0 0 0 0 6 0 0 0 0 -1 1 0 0 0 0 0 187650602764752 187650602766368 187650602770432 281474659286608 281474659286865 281474659286865 281474659286999 0
SYSTEM cpu  3040 0 3868 951 2 0 662 0 0 0
MemFree:          966708 kB
MemAvailable:     936720 kB
SwapFree:              0 kB
METRICS {"enqueued":149600,"dequeued":149600,"current_depth":0,"peak_depth":43,"rejected":0,"processing_latency_ms":0.261647,"published":149640,"publish_failures":0,"command_timeouts":0,"can_errors":0,"telemetry_qos":1,"mqtt_max_inflight":20,"pipeline_metrics_enabled":true,"can_pipeline":{"frames_read":149600,"parsed":149600,"rejected_frames":0,"read_errors":0,"parse":{"count":149600,"mean_us":7.86745,"max_us":5904.34,"p50_upper_us":4,"p95_upper_us":16,"p99_upper_us":128}},"telemetry_enqueued":149600,"telemetry_dequeued":149600,"telemetry_queue_wait":{"count":149600,"mean_us":259.51,"max_us":9222.77,"p50_upper_us":256,"p95_upper_us":1024,"p99_upper_us":2048},"command_queue_wait":{"count":0,"mean_us":0,"max_us":0,"p50_upper_us":0,"p95_upper_us":0,"p99_upper_us":0},"telemetry_worker_before_publish":{"count":149600,"mean_us":36.9528,"max_us":11942.2,"p50_upper_us":32,"p95_upper_us":128,"p99_upper_us":512},"mqtt_pipeline":{"publish_calls":149640,"publish_accepted":149640,"publish_api_errors":0,"puback_received":43246,"qos0_local_completed":0,"telemetry_accepted":149600,"telemetry_puback_received":43232,"pending_tracked":4096,"pending_peak":4096,"oldest_pending_us":1.05741e+07,"tracking_dropped":102298,"unmatched_callbacks":64090,"tracking_complete":false,"publish_api":{"count":149640,"mean_us":16.0504,"max_us":5909.06,"p50_upper_us":8,"p95_upper_us":64,"p99_upper_us":256},"telemetry_puback":{"count":43232,"mean_us":2.72898e+06,"max_us":1.05754e+07,"p50_upper_us":2.09715e+06,"p95_upper_us":1.05754e+07,"p99_upper_us":1.05754e+07}}}
SAMPLE 48.53
PROCESS 143
143 (mqmgateway_iot) S 123 123 120 52288 123 4194304 4001 0 15 0 1692 2045 0 0 20 0 12 0 429 836595712 4655 18446744073709551615 187650838261760 187650838361120 281474353640624 0 0 0 0 4 16386 0 0 0 17 1 0 0 0 0 0 187650838366432 187650838368288 187650838372352 281474353643041 281474353643354 281474353643354 281474353643488 0
VmHWM:	   18620 kB
VmRSS:	   18620 kB
Threads:	12
THREAD 143 (mqmgateway_iot) S 123 123 120 52288 123 4194304 171 0 13 0 3 3 0 0 20 0 12 0 429 836595712 4655 18446744073709551615 187650838261760 187650838361120 281474353640624 0 0 0 0 4 16386 1 0 0 17 1 0 0 0 0 0 187650838366432 187650838368288 187650838372352 281474353643041 281474353643354 281474353643354 281474353643488 0
THREAD 145 (mosquitto loop) S 123 123 120 52288 123 4194368 5 0 0 0 411 734 0 0 20 0 12 0 434 836595712 4655 18446744073709551615 187650838261760 187650838361120 281474353640624 0 0 0 0 4 16386 1 0 0 -1 0 0 0 0 0 0 187650838366432 187650838368288 187650838372352 281474353643041 281474353643354 281474353643354 281474353643488 0
THREAD 146 (mqmgateway_iot) R 123 123 120 52288 123 4194368 352 0 0 0 352 722 0 0 20 0 12 0 434 836595712 4655 18446744073709551615 187650838261760 187650838361120 281474353640624 0 0 0 0 4 16386 0 0 0 -1 0 0 0 0 0 0 187650838366432 187650838368288 187650838372352 281474353643041 281474353643354 281474353643354 281474353643488 0
THREAD 147 (mqmgateway_iot) S 123 123 120 52288 123 4194368 441 0 0 0 121 62 0 0 20 0 12 0 434 836595712 4655 18446744073709551615 187650838261760 187650838361120 281474353640624 0 0 0 0 4 16386 1 0 0 -1 1 0 0 0 0 0 187650838366432 187650838368288 187650838372352 281474353643041 281474353643354 281474353643354 281474353643488 0
THREAD 148 (mqmgateway_iot) S 123 123 120 52288 123 4194368 433 0 0 0 118 70 0 0 20 0 12 0 434 836595712 4655 18446744073709551615 187650838261760 187650838361120 281474353640624 0 0 0 0 4 16386 1 0 0 -1 1 0 0 0 0 0 187650838366432 187650838368288 187650838372352 281474353643041 281474353643354 281474353643354 281474353643488 0
THREAD 149 (mqmgateway_iot) R 123 123 120 52288 123 4194368 414 0 0 0 111 72 0 0 20 0 12 0 434 836595712 4655 18446744073709551615 187650838261760 187650838361120 281474353640624 0 0 0 0 4 16386 0 0 0 -1 1 0 0 0 0 0 187650838366432 187650838368288 187650838372352 281474353643041 281474353643354 281474353643354 281474353643488 0
THREAD 150 (mqmgateway_iot) R 123 123 120 52288 123 4194368 433 0 0 0 125 68 0 0 20 0 12 0 434 836595712 4687 18446744073709551615 187650838261760 187650838361120 281474353640624 0 0 0 0 4 16386 0 0 0 -1 1 0 0 0 0 0 187650838366432 187650838368288 187650838372352 281474353643041 281474353643354 281474353643354 281474353643488 0
THREAD 151 (mqmgateway_iot) S 123 123 120 52288 123 4194368 460 0 0 0 125 70 0 0 20 0 12 0 434 836595712 4687 18446744073709551615 187650838261760 187650838361120 281474353640624 0 0 0 0 4 16386 1 0 0 -1 1 0 0 0 0 0 187650838366432 187650838368288 187650838372352 281474353643041 281474353643354 281474353643354 281474353643488 0
THREAD 152 (mqmgateway_iot) S 123 123 120 52288 123 4194368 446 0 0 0 126 63 0 0 20 0 12 0 434 836595712 4687 18446744073709551615 187650838261760 187650838361120 281474353640624 0 0 0 0 4 16386 1 0 0 -1 0 0 0 0 0 0 187650838366432 187650838368288 187650838372352 281474353643041 281474353643354 281474353643354 281474353643488 0
THREAD 153 (mqmgateway_iot) S 123 123 120 52288 123 4194368 428 0 0 0 117 70 0 0 20 0 12 0 434 836595712 4687 18446744073709551615 187650838261760 187650838361120 281474353640624 0 0 0 0 4 16386 1 0 0 -1 1 0 0 0 0 0 187650838366432 187650838368288 187650838372352 281474353643041 281474353643354 281474353643354 281474353643488 0
THREAD 154 (mqmgateway_iot) S 123 123 120 52288 123 4194368 435 0 0 0 126 58 0 0 20 0 12 0 434 836595712 4687 18446744073709551615 187650838261760 187650838361120 281474353640624 0 0 0 0 4 16386 1 0 0 -1 1 0 0 0 0 0 187650838366432 187650838368288 187650838372352 281474353643041 281474353643354 281474353643354 281474353643488 0
THREAD 155 (mqmgateway_iot) S 123 123 120 52288 123 4194368 8 0 2 0 7 8 0 0 20 0 12 0 434 836595712 4687 18446744073709551615 187650838261760 187650838361120 281474353640624 0 0 0 0 4 16386 1 0 0 -1 1 0 0 0 0 0 187650838366432 187650838368288 187650838372352 281474353643041 281474353643354 281474353643354 281474353643488 0
PROCESS 141
141 (mosquitto) S 123 123 120 52288 123 4194560 262 0 0 0 684 1296 0 0 20 0 1 0 327 4313088 579 18446744073709551615 187650951065600 187650951308568 281474747862368 0 0 0 18947 4100 18947 1 0 0 17 0 0 0 0 0 0 187650951313664 187650951315624 187650951344128 281474747866890 281474747866974 281474747866974 281474747867108 0
VmHWM:	    2316 kB
VmRSS:	    2316 kB
Threads:	1
THREAD 141 (mosquitto) R 123 123 120 52288 123 4194560 262 0 0 0 684 1298 0 0 20 0 1 0 327 4313088 579 18446744073709551615 187650951065600 187650951308568 281474747862368 0 0 0 18947 4100 18947 0 0 0 17 0 0 0 0 0 0 187650951313664 187650951315624 187650951344128 281474747866890 281474747866974 281474747866974 281474747867108 0
PROCESS 157
157 (mqmgateway_arm6) R 123 123 120 52288 123 4194304 318 0 2 0 669 1755 0 0 20 0 2 0 540 85700608 1999 18446744073709551615 187650602725376 187650602761148 281474659285984 0 0 0 0 6 0 0 0 0 17 0 0 0 0 0 0 187650602764752 187650602766368 187650602770432 281474659286608 281474659286865 281474659286865 281474659286999 0
VmHWM:	    7996 kB
VmRSS:	    7996 kB
Threads:	2
THREAD 157 (mqmgateway_arm6) R 123 123 120 52288 123 4194304 316 0 1 0 187 998 0 0 20 0 2 0 540 85700608 1999 18446744073709551615 187650602725376 187650602761148 281474659285984 0 0 0 0 6 0 0 0 0 17 0 0 0 0 0 0 187650602764752 187650602766368 187650602770432 281474659286608 281474659286865 281474659286865 281474659286999 0
THREAD 161 (mosquitto loop) R 123 123 120 52288 123 4194368 2 0 1 0 443 799 0 0 20 0 2 0 544 85700608 1999 18446744073709551615 187650602725376 187650602761148 281474659285984 0 0 0 0 6 0 0 0 0 -1 0 0 0 0 0 0 187650602764752 187650602766368 187650602770432 281474659286608 281474659286865 281474659286865 281474659286999 0
SYSTEM cpu  3474 0 4447 991 2 0 766 0 0 0
MemFree:          965112 kB
MemAvailable:     935132 kB
SwapFree:              0 kB
METRICS {"enqueued":173894,"dequeued":173894,"current_depth":0,"peak_depth":43,"rejected":0,"processing_latency_ms":0.264646,"published":173940,"publish_failures":0,"command_timeouts":0,"can_errors":0,"telemetry_qos":1,"mqtt_max_inflight":20,"pipeline_metrics_enabled":true,"can_pipeline":{"frames_read":173894,"parsed":173894,"rejected_frames":0,"read_errors":0,"parse":{"count":173894,"mean_us":7.71347,"max_us":5904.34,"p50_upper_us":4,"p95_upper_us":16,"p99_upper_us":128}},"telemetry_enqueued":173894,"telemetry_dequeued":173894,"telemetry_queue_wait":{"count":173894,"mean_us":262.528,"max_us":9222.77,"p50_upper_us":256,"p95_upper_us":1024,"p99_upper_us":2048},"command_queue_wait":{"count":0,"mean_us":0,"max_us":0,"p50_upper_us":0,"p95_upper_us":0,"p99_upper_us":0},"telemetry_worker_before_publish":{"count":173894,"mean_us":36.1766,"max_us":11942.2,"p50_upper_us":32,"p95_upper_us":128,"p99_upper_us":512},"mqtt_pipeline":{"publish_calls":173940,"publish_accepted":173940,"publish_api_errors":0,"puback_received":45204,"qos0_local_completed":0,"telemetry_accepted":173894,"telemetry_puback_received":45190,"pending_tracked":4092,"pending_peak":4096,"oldest_pending_us":1.1935e+07,"tracking_dropped":124644,"unmatched_callbacks":80975,"tracking_complete":false,"publish_api":{"count":173940,"mean_us":15.9782,"max_us":5909.06,"p50_upper_us":8,"p95_upper_us":64,"p99_upper_us":256},"telemetry_puback":{"count":45190,"mean_us":3.10236e+06,"max_us":1.19404e+07,"p50_upper_us":2.09715e+06,"p95_upper_us":1.19404e+07,"p99_upper_us":1.19404e+07}}}
SAMPLE 54.48
PROCESS 143
143 (mqmgateway_iot) S 123 123 120 52288 123 4194304 4738 0 15 0 1916 2337 0 0 20 0 12 0 429 836595712 5391 18446744073709551615 187650838261760 187650838361120 281474353640624 0 0 0 0 4 16386 0 0 0 17 1 0 0 0 0 0 187650838366432 187650838368288 187650838372352 281474353643041 281474353643354 281474353643354 281474353643488 0
VmHWM:	   21564 kB
VmRSS:	   21564 kB
Threads:	12
THREAD 143 (mqmgateway_iot) S 123 123 120 52288 123 4194304 171 0 13 0 3 3 0 0 20 0 12 0 429 836595712 5391 18446744073709551615 187650838261760 187650838361120 281474353640624 0 0 0 0 4 16386 1 0 0 17 1 0 0 0 0 0 187650838366432 187650838368288 187650838372352 281474353643041 281474353643354 281474353643354 281474353643488 0
THREAD 145 (mosquitto loop) R 123 123 120 52288 123 4194368 5 0 0 0 457 837 0 0 20 0 12 0 434 836595712 5391 18446744073709551615 187650838261760 187650838361120 281474353640624 0 0 0 0 4 16386 0 0 0 -1 1 0 0 0 0 0 187650838366432 187650838368288 187650838372352 281474353643041 281474353643354 281474353643354 281474353643488 0
THREAD 146 (mqmgateway_iot) R 123 123 120 52288 123 4194368 412 0 0 0 398 828 0 0 20 0 12 0 434 836595712 5391 18446744073709551615 187650838261760 187650838361120 281474353640624 0 0 0 0 4 16386 0 0 0 -1 0 0 0 0 0 0 187650838366432 187650838368288 187650838372352 281474353643041 281474353643354 281474353643354 281474353643488 0
THREAD 147 (mqmgateway_iot) S 123 123 120 52288 123 4194368 543 0 0 0 141 69 0 0 20 0 12 0 434 836595712 5391 18446744073709551615 187650838261760 187650838361120 281474353640624 0 0 0 0 4 16386 1 0 0 -1 1 0 0 0 0 0 187650838366432 187650838368288 187650838372352 281474353643041 281474353643354 281474353643354 281474353643488 0
THREAD 148 (mqmgateway_iot) S 123 123 120 52288 123 4194368 495 0 0 0 132 82 0 0 20 0 12 0 434 836595712 5391 18446744073709551615 187650838261760 187650838361120 281474353640624 0 0 0 0 4 16386 1 0 0 -1 0 0 0 0 0 0 187650838366432 187650838368288 187650838372352 281474353643041 281474353643354 281474353643354 281474353643488 0
THREAD 149 (mqmgateway_iot) S 123 123 120 52288 123 4194368 492 0 0 0 130 79 0 0 20 0 12 0 434 836595712 5391 18446744073709551615 187650838261760 187650838361120 281474353640624 0 0 0 0 4 16386 1 0 0 -1 1 0 0 0 0 0 187650838366432 187650838368288 187650838372352 281474353643041 281474353643354 281474353643354 281474353643488 0
THREAD 150 (mqmgateway_iot) S 123 123 120 52288 123 4194368 521 0 0 0 141 80 0 0 20 0 12 0 434 836595712 5391 18446744073709551615 187650838261760 187650838361120 281474353640624 0 0 0 0 4 16386 1 0 0 -1 0 0 0 0 0 0 187650838366432 187650838368288 187650838372352 281474353643041 281474353643354 281474353643354 281474353643488 0
THREAD 151 (mqmgateway_iot) S 123 123 120 52288 123 4194368 552 0 0 0 139 83 0 0 20 0 12 0 434 836595712 5391 18446744073709551615 187650838261760 187650838361120 281474353640624 0 0 0 0 4 16386 1 0 0 -1 0 0 0 0 0 0 187650838366432 187650838368288 187650838372352 281474353643041 281474353643354 281474353643354 281474353643488 0
THREAD 152 (mqmgateway_iot) S 123 123 120 52288 123 4194368 516 0 0 0 144 72 0 0 20 0 12 0 434 836595712 5391 18446744073709551615 187650838261760 187650838361120 281474353640624 0 0 0 0 4 16386 1 0 0 -1 0 0 0 0 0 0 187650838366432 187650838368288 187650838372352 281474353643041 281474353643354 281474353643354 281474353643488 0
THREAD 153 (mqmgateway_iot) S 123 123 120 52288 123 4194368 508 0 0 0 135 79 0 0 20 0 12 0 434 836595712 5391 18446744073709551615 187650838261760 187650838361120 281474353640624 0 0 0 0 4 16386 1 0 0 -1 0 0 0 0 0 0 187650838366432 187650838368288 187650838372352 281474353643041 281474353643354 281474353643354 281474353643488 0
THREAD 154 (mqmgateway_iot) S 123 123 120 52288 123 4194368 541 0 0 0 146 67 0 0 20 0 12 0 434 836595712 5391 18446744073709551615 187650838261760 187650838361120 281474353640624 0 0 0 0 4 16386 1 0 0 -1 1 0 0 0 0 0 187650838366432 187650838368288 187650838372352 281474353643041 281474353643354 281474353643354 281474353643488 0
THREAD 155 (mqmgateway_iot) S 123 123 120 52288 123 4194368 8 0 2 0 7 9 0 0 20 0 12 0 434 836595712 5423 18446744073709551615 187650838261760 187650838361120 281474353640624 0 0 0 0 4 16386 1 0 0 -1 1 0 0 0 0 0 187650838366432 187650838368288 187650838372352 281474353643041 281474353643354 281474353643354 281474353643488 0
PROCESS 141
141 (mosquitto) R 123 123 120 52288 123 4194560 262 0 0 0 777 1484 0 0 20 0 1 0 327 4313088 579 18446744073709551615 187650951065600 187650951308568 281474747862368 0 0 0 0 4100 18947 0 0 0 17 0 0 0 0 0 0 187650951313664 187650951315624 187650951344128 281474747866890 281474747866974 281474747866974 281474747867108 0
VmHWM:	    2316 kB
VmRSS:	    2316 kB
Threads:	1
THREAD 141 (mosquitto) S 123 123 120 52288 123 4194560 262 0 0 0 779 1487 0 0 20 0 1 0 327 4313088 579 18446744073709551615 187650951065600 187650951308568 281474747862368 0 0 0 18947 4100 18947 1 0 0 17 0 0 0 0 0 0 187650951313664 187650951315624 187650951344128 281474747866890 281474747866974 281474747866974 281474747867108 0
PROCESS 157
157 (mqmgateway_arm6) R 123 123 120 52288 123 4194304 318 0 2 0 763 1993 0 0 20 0 2 0 540 85700608 1999 18446744073709551615 187650602725376 187650602761148 281474659285984 0 0 0 0 6 0 0 0 0 17 1 0 0 0 0 0 187650602764752 187650602766368 187650602770432 281474659286608 281474659286865 281474659286865 281474659286999 0
VmHWM:	    7996 kB
VmRSS:	    7996 kB
Threads:	2
THREAD 157 (mqmgateway_arm6) R 123 123 120 52288 123 4194304 316 0 1 0 212 1139 0 0 20 0 2 0 540 85700608 1999 18446744073709551615 187650602725376 187650602761148 281474659285984 0 0 0 0 6 0 0 0 0 17 1 0 0 0 0 0 187650602764752 187650602766368 187650602770432 281474659286608 281474659286865 281474659286865 281474659286999 0
THREAD 161 (mosquitto loop) R 123 123 120 52288 123 4194368 2 0 1 0 505 906 0 0 20 0 2 0 544 85700608 1999 18446744073709551615 187650602725376 187650602761148 281474659285984 0 0 0 0 6 0 0 0 0 -1 1 0 0 0 0 0 187650602764752 187650602766368 187650602770432 281474659286608 281474659286865 281474659286865 281474659286999 0
SYSTEM cpu  3930 0 5072 1018 2 0 883 0 0 0
MemFree:          962024 kB
MemAvailable:     932048 kB
SwapFree:              0 kB
METRICS {"enqueued":198260,"dequeued":198249,"current_depth":11,"peak_depth":44,"rejected":0,"processing_latency_ms":0.266949,"published":198311,"publish_failures":0,"command_timeouts":0,"can_errors":0,"telemetry_qos":1,"mqtt_max_inflight":20,"pipeline_metrics_enabled":true,"can_pipeline":{"frames_read":198261,"parsed":198261,"rejected_frames":0,"read_errors":0,"parse":{"count":198261,"mean_us":7.68367,"max_us":5904.34,"p50_upper_us":4,"p95_upper_us":16,"p99_upper_us":128}},"telemetry_enqueued":198261,"telemetry_dequeued":198261,"telemetry_queue_wait":{"count":198261,"mean_us":264.877,"max_us":9222.77,"p50_upper_us":256,"p95_upper_us":1024,"p99_upper_us":2048},"command_queue_wait":{"count":0,"mean_us":0,"max_us":0,"p50_upper_us":0,"p95_upper_us":0,"p99_upper_us":0},"telemetry_worker_before_publish":{"count":198261,"mean_us":36.002,"max_us":11942.2,"p50_upper_us":32,"p95_upper_us":128,"p99_upper_us":512},"mqtt_pipeline":{"publish_calls":198312,"publish_accepted":198312,"publish_api_errors":0,"puback_received":47000,"qos0_local_completed":0,"telemetry_accepted":198260,"telemetry_puback_received":46986,"pending_tracked":4096,"pending_peak":4096,"oldest_pending_us":1.42247e+07,"tracking_dropped":147216,"unmatched_callbacks":94218,"tracking_complete":false,"publish_api":{"count":198312,"mean_us":15.9441,"max_us":5909.06,"p50_upper_us":8,"p95_upper_us":64,"p99_upper_us":256},"telemetry_puback":{"count":46986,"mean_us":3.47543e+06,"max_us":1.42569e+07,"p50_upper_us":4.1943e+06,"p95_upper_us":1.42569e+07,"p99_upper_us":1.42569e+07}}}
SAMPLE 60.79
PROCESS 143
143 (mqmgateway_iot) S 123 123 120 52288 123 4194304 5366 0 15 0 2182 2645 0 0 20 0 12 0 429 836595712 6031 18446744073709551615 187650838261760 187650838361120 281474353640624 0 0 0 0 4 16386 0 0 0 17 1 0 0 0 0 0 187650838366432 187650838368288 187650838372352 281474353643041 281474353643354 281474353643354 281474353643488 0
VmHWM:	   24124 kB
VmRSS:	   24124 kB
Threads:	12
THREAD 143 (mqmgateway_iot) S 123 123 120 52288 123 4194304 171 0 13 0 3 3 0 0 20 0 12 0 429 836595712 6031 18446744073709551615 187650838261760 187650838361120 281474353640624 0 0 0 0 4 16386 1 0 0 17 1 0 0 0 0 0 187650838366432 187650838368288 187650838372352 281474353643041 281474353643354 281474353643354 281474353643488 0
THREAD 145 (mosquitto loop) R 123 123 120 52288 123 4194368 11 0 0 0 519 933 0 0 20 0 12 0 434 836595712 6031 18446744073709551615 187650838261760 187650838361120 281474353640624 0 0 0 0 4 16386 0 0 0 -1 1 0 0 0 0 0 187650838366432 187650838368288 187650838372352 281474353643041 281474353643354 281474353643354 281474353643488 0
THREAD 146 (mqmgateway_iot) R 123 123 120 52288 123 4194368 450 0 0 0 454 949 0 0 20 0 12 0 434 836595712 6031 18446744073709551615 187650838261760 187650838361120 281474353640624 0 0 0 0 4 16386 0 0 0 -1 1 0 0 0 0 0 187650838366432 187650838368288 187650838372352 281474353643041 281474353643354 281474353643354 281474353643488 0
THREAD 147 (mqmgateway_iot) S 123 123 120 52288 123 4194368 606 0 0 0 160 78 0 0 20 0 12 0 434 836595712 6031 18446744073709551615 187650838261760 187650838361120 281474353640624 0 0 0 0 4 16386 1 0 0 -1 0 0 0 0 0 0 187650838366432 187650838368288 187650838372352 281474353643041 281474353643354 281474353643354 281474353643488 0
THREAD 148 (mqmgateway_iot) S 123 123 120 52288 123 4194368 564 0 0 0 152 90 0 0 20 0 12 0 434 836595712 6031 18446744073709551615 187650838261760 187650838361120 281474353640624 0 0 0 0 4 16386 1 0 0 -1 1 0 0 0 0 0 187650838366432 187650838368288 187650838372352 281474353643041 281474353643354 281474353643354 281474353643488 0
THREAD 149 (mqmgateway_iot) S 123 123 120 52288 123 4194368 585 0 0 0 152 88 0 0 20 0 12 0 434 836595712 6031 18446744073709551615 187650838261760 187650838361120 281474353640624 0 0 0 0 4 16386 1 0 0 -1 1 0 0 0 0 0 187650838366432 187650838368288 187650838372352 281474353643041 281474353643354 281474353643354 281474353643488 0
THREAD 150 (mqmgateway_iot) S 123 123 120 52288 123 4194368 593 0 0 0 158 92 0 0 20 0 12 0 434 836595712 6031 18446744073709551615 187650838261760 187650838361120 281474353640624 0 0 0 0 4 16386 1 0 0 -1 1 0 0 0 0 0 187650838366432 187650838368288 187650838372352 281474353643041 281474353643354 281474353643354 281474353643488 0
THREAD 151 (mqmgateway_iot) S 123 123 120 52288 123 4194368 623 0 0 0 156 96 0 0 20 0 12 0 434 836595712 6031 18446744073709551615 187650838261760 187650838361120 281474353640624 0 0 0 0 4 16386 1 0 0 -1 0 0 0 0 0 0 187650838366432 187650838368288 187650838372352 281474353643041 281474353643354 281474353643354 281474353643488 0
THREAD 152 (mqmgateway_iot) R 123 123 120 52288 123 4194368 583 0 0 0 165 81 0 0 20 0 12 0 434 836595712 6031 18446744073709551615 187650838261760 187650838361120 281474353640624 0 0 0 0 4 16386 0 0 0 -1 1 0 0 0 0 0 187650838366432 187650838368288 187650838372352 281474353643041 281474353643354 281474353643354 281474353643488 0
THREAD 153 (mqmgateway_iot) R 123 123 120 52288 123 4194368 595 0 0 0 152 92 0 0 20 0 12 0 434 836595712 6031 18446744073709551615 187650838261760 187650838361120 281474353640624 0 0 0 0 4 16386 0 0 0 -1 0 0 0 0 0 0 187650838366432 187650838368288 187650838372352 281474353643041 281474353643354 281474353643354 281474353643488 0
THREAD 154 (mqmgateway_iot) S 123 123 120 52288 123 4194368 609 0 0 0 165 78 0 0 20 0 12 0 434 836595712 6031 18446744073709551615 187650838261760 187650838361120 281474353640624 0 0 0 0 4 16386 1 0 0 -1 1 0 0 0 0 0 187650838366432 187650838368288 187650838372352 281474353643041 281474353643354 281474353643354 281474353643488 0
THREAD 155 (mqmgateway_iot) S 123 123 120 52288 123 4194368 8 0 2 0 8 10 0 0 20 0 12 0 434 836595712 6031 18446744073709551615 187650838261760 187650838361120 281474353640624 0 0 0 0 4 16386 1 0 0 -1 0 0 0 0 0 0 187650838366432 187650838368288 187650838372352 281474353643041 281474353643354 281474353643354 281474353643488 0
PROCESS 141
141 (mosquitto) R 123 123 120 52288 123 4194560 262 0 0 0 868 1653 0 0 20 0 1 0 327 4313088 579 18446744073709551615 187650951065600 187650951308568 281474747862368 0 0 0 18947 4100 18947 0 0 0 17 1 0 0 0 0 0 187650951313664 187650951315624 187650951344128 281474747866890 281474747866974 281474747866974 281474747867108 0
VmHWM:	    2316 kB
VmRSS:	    2316 kB
Threads:	1
THREAD 141 (mosquitto) R 123 123 120 52288 123 4194560 262 0 0 0 869 1655 0 0 20 0 1 0 327 4313088 579 18446744073709551615 187650951065600 187650951308568 281474747862368 0 0 0 0 4100 18947 0 0 0 17 1 0 0 0 0 0 187650951313664 187650951315624 187650951344128 281474747866890 281474747866974 281474747866974 281474747867108 0
PROCESS 157
157 (mqmgateway_arm6) R 123 123 120 52288 123 4194304 318 0 2 0 860 2233 0 0 20 0 2 0 540 85700608 1999 18446744073709551615 187650602725376 187650602761148 281474659285984 0 0 0 0 6 0 0 0 0 17 1 0 0 0 0 0 187650602764752 187650602766368 187650602770432 281474659286608 281474659286865 281474659286865 281474659286999 0
VmHWM:	    7996 kB
VmRSS:	    7996 kB
Threads:	2
THREAD 157 (mqmgateway_arm6) R 123 123 120 52288 123 4194304 316 0 1 0 235 1288 0 0 20 0 2 0 540 85700608 1999 18446744073709551615 187650602725376 187650602761148 281474659285984 0 0 0 0 6 0 0 0 0 17 1 0 0 0 0 0 187650602764752 187650602766368 187650602770432 281474659286608 281474659286865 281474659286865 281474659286999 0
THREAD 161 (mosquitto loop) R 123 123 120 52288 123 4194368 2 0 1 0 571 1005 0 0 20 0 2 0 544 85700608 1999 18446744073709551615 187650602725376 187650602761148 281474659285984 0 0 0 0 6 0 0 0 0 -1 0 0 0 0 0 0 187650602764752 187650602766368 187650602770432 281474659286608 281474659286865 281474659286865 281474659286999 0
SYSTEM cpu  4410 0 5698 1033 2 0 980 0 0 0
MemFree:          949400 kB
MemAvailable:     919432 kB
SwapFree:              0 kB
METRICS {"enqueued":222571,"dequeued":222571,"current_depth":0,"peak_depth":44,"rejected":0,"processing_latency_ms":0.263433,"published":222631,"publish_failures":0,"command_timeouts":0,"can_errors":0,"telemetry_qos":1,"mqtt_max_inflight":20,"pipeline_metrics_enabled":true,"can_pipeline":{"frames_read":222573,"parsed":222573,"rejected_frames":0,"read_errors":0,"parse":{"count":222573,"mean_us":7.85392,"max_us":5904.34,"p50_upper_us":4,"p95_upper_us":16,"p99_upper_us":128}},"telemetry_enqueued":222573,"telemetry_dequeued":222573,"telemetry_queue_wait":{"count":222573,"mean_us":261.359,"max_us":9222.77,"p50_upper_us":256,"p95_upper_us":1024,"p99_upper_us":2048},"command_queue_wait":{"count":0,"mean_us":0,"max_us":0,"p50_upper_us":0,"p95_upper_us":0,"p99_upper_us":0},"telemetry_worker_before_publish":{"count":222573,"mean_us":36.1618,"max_us":11942.2,"p50_upper_us":32,"p95_upper_us":128,"p99_upper_us":512},"mqtt_pipeline":{"publish_calls":222631,"publish_accepted":222631,"publish_api_errors":0,"puback_received":47772,"qos0_local_completed":0,"telemetry_accepted":222573,"telemetry_puback_received":47758,"pending_tracked":4096,"pending_peak":4096,"oldest_pending_us":1.62371e+07,"tracking_dropped":170763,"unmatched_callbacks":109831,"tracking_complete":false,"publish_api":{"count":222631,"mean_us":16.0436,"max_us":5909.06,"p50_upper_us":8,"p95_upper_us":64,"p99_upper_us":256},"telemetry_puback":{"count":47758,"mean_us":3.66651e+06,"max_us":1.62509e+07,"p50_upper_us":4.1943e+06,"p95_upper_us":1.62509e+07,"p99_upper_us":1.62509e+07}}}
SAMPLE 66.90
PROCESS 143
143 (mqmgateway_iot) S 123 123 120 52288 123 4194304 5632 0 15 0 2380 2898 0 0 20 0 12 0 429 836595712 6255 18446744073709551615 187650838261760 187650838361120 281474353640624 0 0 0 0 4 16386 0 0 0 17 0 0 0 0 0 0 187650838366432 187650838368288 187650838372352 281474353643041 281474353643354 281474353643354 281474353643488 0
VmHWM:	   25020 kB
VmRSS:	   25020 kB
Threads:	12
THREAD 143 (mqmgateway_iot) S 123 123 120 52288 123 4194304 171 0 13 0 3 3 0 0 20 0 12 0 429 836595712 6255 18446744073709551615 187650838261760 187650838361120 281474353640624 0 0 0 0 4 16386 1 0 0 17 0 0 0 0 0 0 187650838366432 187650838368288 187650838372352 281474353643041 281474353643354 281474353643354 281474353643488 0
THREAD 145 (mosquitto loop) S 123 123 120 52288 123 4194368 11 0 0 0 591 1054 0 0 20 0 12 0 434 836595712 6255 18446744073709551615 187650838261760 187650838361120 281474353640624 0 0 0 0 4 16386 1 0 0 -1 1 0 0 0 0 0 187650838366432 187650838368288 187650838372352 281474353643041 281474353643354 281474353643354 281474353643488 0
THREAD 146 (mqmgateway_iot) S 123 123 120 52288 123 4194368 462 0 0 0 489 1016 0 0 20 0 12 0 434 836595712 6255 18446744073709551615 187650838261760 187650838361120 281474353640624 0 0 0 0 4 16386 1 0 0 -1 1 0 0 0 0 0 187650838366432 187650838368288 187650838372352 281474353643041 281474353643354 281474353643354 281474353643488 0
THREAD 147 (mqmgateway_iot) S 123 123 120 52288 123 4194368 624 0 0 0 172 84 0 0 20 0 12 0 434 836595712 6255 18446744073709551615 187650838261760 187650838361120 281474353640624 0 0 0 0 4 16386 1 0 0 -1 1 0 0 0 0 0 187650838366432 187650838368288 187650838372352 281474353643041 281474353643354 281474353643354 281474353643488 0
THREAD 148 (mqmgateway_iot) S 123 123 120 52288 123 4194368 598 0 0 0 163 98 0 0 20 0 12 0 434 836595712 6255 18446744073709551615 187650838261760 187650838361120 281474353640624 0 0 0 0 4 16386 1 0 0 -1 1 0 0 0 0 0 187650838366432 187650838368288 187650838372352 281474353643041 281474353643354 281474353643354 281474353643488 0
THREAD 149 (mqmgateway_iot) S 123 123 120 52288 123 4194368 614 0 0 0 162 95 0 0 20 0 12 0 434 836595712 6255 18446744073709551615 187650838261760 187650838361120 281474353640624 0 0 0 0 4 16386 1 0 0 -1 1 0 0 0 0 0 187650838366432 187650838368288 187650838372352 281474353643041 281474353643354 281474353643354 281474353643488 0
THREAD 150 (mqmgateway_iot) S 123 123 120 52288 123 4194368 634 0 0 0 170 99 0 0 20 0 12 0 434 836595712 6255 18446744073709551615 187650838261760 187650838361120 281474353640624 0 0 0 0 4 16386 1 0 0 -1 0 0 0 0 0 0 187650838366432 187650838368288 187650838372352 281474353643041 281474353643354 281474353643354 281474353643488 0
THREAD 151 (mqmgateway_iot) S 123 123 120 52288 123 4194368 637 0 0 0 167 102 0 0 20 0 12 0 434 836595712 6255 18446744073709551615 187650838261760 187650838361120 281474353640624 0 0 0 0 4 16386 1 0 0 -1 1 0 0 0 0 0 187650838366432 187650838368288 187650838372352 281474353643041 281474353643354 281474353643354 281474353643488 0
THREAD 152 (mqmgateway_iot) S 123 123 120 52288 123 4194368 618 0 0 0 177 86 0 0 20 0 12 0 434 836595712 6255 18446744073709551615 187650838261760 187650838361120 281474353640624 0 0 0 0 4 16386 1 0 0 -1 1 0 0 0 0 0 187650838366432 187650838368288 187650838372352 281474353643041 281474353643354 281474353643354 281474353643488 0
THREAD 153 (mqmgateway_iot) S 123 123 120 52288 123 4194368 632 0 0 0 162 99 0 0 20 0 12 0 434 836595712 6255 18446744073709551615 187650838261760 187650838361120 281474353640624 0 0 0 0 4 16386 1 0 0 -1 0 0 0 0 0 0 187650838366432 187650838368288 187650838372352 281474353643041 281474353643354 281474353643354 281474353643488 0
THREAD 154 (mqmgateway_iot) S 123 123 120 52288 123 4194368 623 0 0 0 174 84 0 0 20 0 12 0 434 836595712 6255 18446744073709551615 187650838261760 187650838361120 281474353640624 0 0 0 0 4 16386 1 0 0 -1 0 0 0 0 0 0 187650838366432 187650838368288 187650838372352 281474353643041 281474353643354 281474353643354 281474353643488 0
THREAD 155 (mqmgateway_iot) S 123 123 120 52288 123 4194368 8 0 2 0 9 11 0 0 20 0 12 0 434 836595712 6255 18446744073709551615 187650838261760 187650838361120 281474353640624 0 0 0 0 4 16386 1 0 0 -1 0 0 0 0 0 0 187650838366432 187650838368288 187650838372352 281474353643041 281474353643354 281474353643354 281474353643488 0
PROCESS 141
141 (mosquitto) R 123 123 120 52288 123 4194560 262 0 0 0 998 1855 0 0 20 0 1 0 327 4313088 579 18446744073709551615 187650951065600 187650951308568 281474747862368 0 0 0 0 4100 18947 0 0 0 17 0 0 0 0 0 0 187650951313664 187650951315624 187650951344128 281474747866890 281474747866974 281474747866974 281474747867108 0
VmHWM:	    2316 kB
VmRSS:	    2316 kB
Threads:	1
THREAD 141 (mosquitto) R 123 123 120 52288 123 4194560 262 0 0 0 1001 1856 0 0 20 0 1 0 327 4313088 579 18446744073709551615 187650951065600 187650951308568 281474747862368 0 0 0 0 4100 18947 0 0 0 17 1 0 0 0 0 0 187650951313664 187650951315624 187650951344128 281474747866890 281474747866974 281474747866974 281474747867108 0
PROCESS 157
157 (mqmgateway_arm6) S 123 123 120 52288 123 4194304 318 0 2 0 958 2446 0 0 20 0 2 0 540 85700608 1999 18446744073709551615 187650602725376 187650602761148 281474659285984 0 0 0 0 6 0 0 0 0 17 1 0 0 0 0 0 187650602764752 187650602766368 187650602770432 281474659286608 281474659286865 281474659286865 281474659286999 0
VmHWM:	    7996 kB
VmRSS:	    7996 kB
Threads:	2
THREAD 157 (mqmgateway_arm6) S 123 123 120 52288 123 4194304 316 0 1 0 256 1367 0 0 20 0 2 0 540 85700608 1999 18446744073709551615 187650602725376 187650602761148 281474659285984 0 0 0 0 6 0 1 0 0 17 1 0 0 0 0 0 187650602764752 187650602766368 187650602770432 281474659286608 281474659286865 281474659286865 281474659286999 0
THREAD 161 (mosquitto loop) S 123 123 120 52288 123 4194368 2 0 1 0 642 1141 0 0 20 0 2 0 544 85700608 1999 18446744073709551615 187650602725376 187650602761148 281474659285984 0 0 0 0 6 0 1 0 0 -1 0 0 0 0 0 0 187650602764752 187650602766368 187650602770432 281474659286608 281474659286865 281474659286865 281474659286999 0
SYSTEM cpu  4840 0 6238 1088 2 0 1084 0 0 0
MemFree:          953204 kB
MemAvailable:     923240 kB
SwapFree:              0 kB
METRICS {"enqueued":239996,"dequeued":239996,"current_depth":0,"peak_depth":44,"rejected":0,"processing_latency_ms":0.267039,"published":240060,"publish_failures":0,"command_timeouts":0,"can_errors":0,"telemetry_qos":1,"mqtt_max_inflight":20,"pipeline_metrics_enabled":true,"can_pipeline":{"frames_read":239996,"parsed":239996,"rejected_frames":0,"read_errors":0,"parse":{"count":239996,"mean_us":7.88455,"max_us":5904.34,"p50_upper_us":4,"p95_upper_us":16,"p99_upper_us":128}},"telemetry_enqueued":239996,"telemetry_dequeued":239996,"telemetry_queue_wait":{"count":239996,"mean_us":264.979,"max_us":9222.77,"p50_upper_us":256,"p95_upper_us":1024,"p99_upper_us":2048},"command_queue_wait":{"count":0,"mean_us":0,"max_us":0,"p50_upper_us":0,"p95_upper_us":0,"p99_upper_us":0},"telemetry_worker_before_publish":{"count":239996,"mean_us":36.1258,"max_us":11942.2,"p50_upper_us":32,"p95_upper_us":128,"p99_upper_us":512},"mqtt_pipeline":{"publish_calls":240060,"publish_accepted":240060,"publish_api_errors":0,"puback_received":57264,"qos0_local_completed":0,"telemetry_accepted":239996,"telemetry_puback_received":57246,"pending_tracked":1800,"pending_peak":4096,"oldest_pending_us":1.58367e+07,"tracking_dropped":180996,"unmatched_callbacks":126336,"tracking_complete":false,"publish_api":{"count":240060,"mean_us":15.975,"max_us":5909.06,"p50_upper_us":8,"p95_upper_us":64,"p99_upper_us":256},"telemetry_puback":{"count":57246,"mean_us":3.42991e+06,"max_us":1.65512e+07,"p50_upper_us":2.09715e+06,"p95_upper_us":1.65512e+07,"p99_upper_us":1.65512e+07}}}
