PIDS gateway=141 broker=139 probe=149
CLK_TCK=100 (Linux USER_HZ fallback=100 if getconf unavailable)
SAMPLE 5.49
PROCESS 141
141 (mqmgateway_iot) S 121 121 119 52288 121 4194304 178 0 16 0 3 3 0 0 20 0 6 0 435 181891072 781 18446744073709551615 187649993093120 187649993192480 281474680888128 0 0 0 0 4 16386 0 0 0 17 0 0 0 0 0 0 187649993197792 187649993199648 187649993203712 281474680888865 281474680889178 281474680889178 281474680889312 0
VmHWM:	    3252 kB
VmRSS:	    3252 kB
Threads:	6
THREAD 141 (mqmgateway_iot) S 121 121 119 52288 121 4194304 164 0 14 0 2 1 0 0 20 0 6 0 435 383217664 813 18446744073709551615 187649993093120 187649993192480 281474680888128 0 0 0 0 4 16386 1 0 0 17 0 0 0 0 0 0 187649993197792 187649993199648 187649993203712 281474680888865 281474680889178 281474680889178 281474680889312 0
THREAD 143 (mosquitto loop) R 121 121 119 52288 121 4194368 4 0 0 0 0 1 0 0 20 0 6 0 439 383217664 813 18446744073709551615 187649993093120 187649993192480 281474680888128 0 0 0 0 4 16386 0 0 0 -1 0 0 0 0 0 0 187649993197792 187649993199648 187649993203712 281474680888865 281474680889178 281474680889178 281474680889312 0
THREAD 144 (mqmgateway_iot) S 121 121 119 52288 121 4194368 6 0 0 0 0 2 0 0 20 0 6 0 439 383217664 813 18446744073709551615 187649993093120 187649993192480 281474680888128 0 0 0 0 4 16386 1 0 0 -1 0 0 0 0 0 0 187649993197792 187649993199648 187649993203712 281474680888865 281474680889178 281474680889178 281474680889312 0
THREAD 145 (mqmgateway_iot) S 121 121 119 52288 121 4194368 15 0 0 0 1 0 0 0 20 0 6 0 439 383217664 813 18446744073709551615 187649993093120 187649993192480 281474680888128 0 0 0 0 4 16386 1 0 0 -1 0 0 0 0 0 0 187649993197792 187649993199648 187649993203712 281474680888865 281474680889178 281474680889178 281474680889312 0
THREAD 146 (mqmgateway_iot) S 121 121 119 52288 121 4194368 14 0 0 0 0 0 0 0 20 0 6 0 439 383217664 813 18446744073709551615 187649993093120 187649993192480 281474680888128 0 0 0 0 4 16386 1 0 0 -1 0 0 0 0 0 0 187649993197792 187649993199648 187649993203712 281474680888865 281474680889178 281474680889178 281474680889312 0
THREAD 147 (mqmgateway_iot) S 121 121 119 52288 121 4194368 9 0 2 0 1 1 0 0 20 0 6 0 439 383217664 813 18446744073709551615 187649993093120 187649993192480 281474680888128 0 0 0 0 4 16386 1 0 0 -1 0 0 0 0 0 0 187649993197792 187649993199648 187649993203712 281474680888865 281474680889178 281474680889178 281474680889312 0
PROCESS 139
139 (mosquitto) R 121 121 119 52288 121 4194560 128 0 0 0 6 7 0 0 20 0 1 0 333 3772416 447 18446744073709551615 187650770165760 187650770408728 281474687500608 0 0 0 18947 4100 18947 0 0 0 17 1 0 0 0 0 0 187650770413824 187650770415784 187650770444288 281474687504138 281474687504222 281474687504222 281474687504356 0
VmHWM:	    1788 kB
VmRSS:	    1788 kB
Threads:	1
THREAD 139 (mosquitto) R 121 121 119 52288 121 4194560 128 0 0 0 7 9 0 0 20 0 1 0 333 3772416 447 18446744073709551615 187650770165760 187650770408728 281474687500608 0 0 0 18947 4100 18947 0 0 0 17 0 0 0 0 0 0 187650770413824 187650770415784 187650770444288 281474687504138 281474687504222 281474687504222 281474687504356 0
PROCESS 149
149 (mqmgateway_arm6) R 121 121 119 52288 121 4194304 1341 0 2 0 8 14 0 0 20 0 2 0 546 85700608 1999 18446744073709551615 187650924277760 187650924313532 281474961302464 0 0 0 0 6 0 0 0 0 17 1 0 0 0 0 0 187650924317136 187650924318752 187650924322816 281474961305168 281474961305425 281474961305425 281474961305559 0
VmHWM:	    7996 kB
VmRSS:	    7996 kB
Threads:	2
THREAD 149 (mqmgateway_arm6) R 121 121 119 52288 121 4194304 1339 0 1 0 5 9 0 0 20 0 2 0 546 85700608 1999 18446744073709551615 187650924277760 187650924313532 281474961302464 0 0 0 0 6 0 0 0 0 17 1 0 0 0 0 0 187650924317136 187650924318752 187650924322816 281474961305168 281474961305425 281474961305425 281474961305559 0
THREAD 153 (mosquitto loop) S 121 121 119 52288 121 4194368 2 0 1 0 5 8 0 0 20 0 2 0 550 85700608 1999 18446744073709551615 187650924277760 187650924313532 281474961302464 0 0 0 0 6 0 1 0 0 -1 0 0 0 0 0 0 187650924317136 187650924318752 187650924322816 281474961305168 281474961305425 281474961305425 281474961305559 0
SYSTEM cpu  184 0 148 828 3 0 8 0 0 0
MemFree:          470232 kB
MemAvailable:     469764 kB
SwapFree:              0 kB
METRICS {"enqueued":49,"dequeued":49,"current_depth":0,"peak_depth":14,"rejected":0,"processing_latency_ms":0.585579,"published":54,"publish_failures":0,"command_timeouts":0,"can_errors":0,"telemetry_qos":1,"mqtt_max_inflight":20,"pipeline_metrics_enabled":true,"can_pipeline":{"frames_read":52,"parsed":52,"rejected_frames":0,"read_errors":0,"parse":{"count":52,"mean_us":11.1892,"max_us":338.096,"p50_upper_us":2,"p95_upper_us":16,"p99_upper_us":338.096}},"telemetry_enqueued":52,"telemetry_dequeued":52,"telemetry_queue_wait":{"count":52,"mean_us":551.929,"max_us":1915.81,"p50_upper_us":512,"p95_upper_us":1915.81,"p99_upper_us":1915.81},"command_queue_wait":{"count":0,"mean_us":0,"max_us":0,"p50_upper_us":0,"p95_upper_us":0,"p99_upper_us":0},"telemetry_worker_before_publish":{"count":52,"mean_us":51.7154,"max_us":1320.94,"p50_upper_us":32,"p95_upper_us":256,"p99_upper_us":1320.94},"mqtt_pipeline":{"publish_calls":54,"publish_accepted":54,"publish_api_errors":0,"puback_received":24,"qos0_local_completed":0,"telemetry_accepted":51,"telemetry_puback_received":22,"pending_tracked":30,"pending_peak":30,"oldest_pending_us":4501.57,"tracking_dropped":0,"unmatched_callbacks":0,"tracking_complete":true,"publish_api":{"count":54,"mean_us":50.5449,"max_us":675.616,"p50_upper_us":16,"p95_upper_us":256,"p99_upper_us":675.616},"telemetry_puback":{"count":22,"mean_us":2767.44,"max_us":4554.02,"p50_upper_us":4096,"p95_upper_us":4096,"p99_upper_us":4554.02}}}
SAMPLE 11.21
PROCESS 141
141 (mqmgateway_iot) S 121 121 119 52288 121 4194304 652 0 16 0 224 273 0 0 20 0 6 0 435 383217664 1261 18446744073709551615 187649993093120 187649993192480 281474680888128 0 0 0 0 4 16386 0 0 0 17 0 0 0 0 0 0 187649993197792 187649993199648 187649993203712 281474680888865 281474680889178 281474680889178 281474680889312 0
VmHWM:	    5044 kB
VmRSS:	    5044 kB
Threads:	6
THREAD 141 (mqmgateway_iot) S 121 121 119 52288 121 4194304 164 0 14 0 2 1 0 0 20 0 6 0 435 383217664 1261 18446744073709551615 187649993093120 187649993192480 281474680888128 0 0 0 0 4 16386 1 0 0 17 0 0 0 0 0 0 187649993197792 187649993199648 187649993203712 281474680888865 281474680889178 281474680889178 281474680889312 0
THREAD 143 (mosquitto loop) R 121 121 119 52288 121 4194368 4 0 0 0 60 106 0 0 20 0 6 0 439 383217664 1261 18446744073709551615 187649993093120 187649993192480 281474680888128 0 0 0 0 4 16386 0 0 0 -1 1 0 0 0 0 0 187649993197792 187649993199648 187649993203712 281474680888865 281474680889178 281474680889178 281474680889312 0
THREAD 144 (mqmgateway_iot) S 121 121 119 52288 121 4194368 45 0 0 0 53 101 0 0 20 0 6 0 439 383217664 1261 18446744073709551615 187649993093120 187649993192480 281474680888128 0 0 0 0 4 16386 1 0 0 -1 0 0 0 0 0 0 187649993197792 187649993199648 187649993203712 281474680888865 281474680889178 281474680889178 281474680889312 0
THREAD 145 (mqmgateway_iot) S 121 121 119 52288 121 4194368 226 0 0 0 60 27 0 0 20 0 6 0 439 383217664 1261 18446744073709551615 187649993093120 187649993192480 281474680888128 0 0 0 0 4 16386 1 0 0 -1 1 0 0 0 0 0 187649993197792 187649993199648 187649993203712 281474680888865 281474680889178 281474680889178 281474680889312 0
THREAD 146 (mqmgateway_iot) R 121 121 119 52288 121 4194368 221 0 0 0 60 30 0 0 20 0 6 0 439 383217664 1261 18446744073709551615 187649993093120 187649993192480 281474680888128 0 0 0 0 4 16386 0 0 0 -1 1 0 0 0 0 0 187649993197792 187649993199648 187649993203712 281474680888865 281474680889178 281474680889178 281474680889312 0
THREAD 147 (mqmgateway_iot) S 121 121 119 52288 121 4194368 9 0 2 0 1 2 0 0 20 0 6 0 439 383217664 1261 18446744073709551615 187649993093120 187649993192480 281474680888128 0 0 0 0 4 16386 1 0 0 -1 0 0 0 0 0 0 187649993197792 187649993199648 187649993203712 281474680888865 281474680889178 281474680889178 281474680889312 0
PROCESS 139
139 (mosquitto) R 121 121 119 52288 121 4194560 258 0 0 0 107 176 0 0 20 0 1 0 333 4313088 622 18446744073709551615 187650770165760 187650770408728 281474687500608 0 0 0 0 4100 18947 0 0 0 17 0 0 0 0 0 0 187650770413824 187650770415784 187650770444288 281474687504138 281474687504222 281474687504222 281474687504356 0
VmHWM:	    2488 kB
VmRSS:	    2488 kB
Threads:	1
THREAD 139 (mosquitto) R 121 121 119 52288 121 4194560 259 0 0 0 109 178 0 0 20 0 1 0 333 4313088 622 18446744073709551615 187650770165760 187650770408728 281474687500608 0 0 0 18947 4100 18947 0 0 0 17 0 0 0 0 0 0 187650770413824 187650770415784 187650770444288 281474687504138 281474687504222 281474687504222 281474687504356 0
PROCESS 149
149 (mqmgateway_arm6) S 121 121 119 52288 121 4194304 1341 0 2 0 103 243 0 0 20 0 2 0 546 85700608 1999 18446744073709551615 187650924277760 187650924313532 281474961302464 0 0 0 0 6 0 0 0 0 17 0 0 0 0 0 0 187650924317136 187650924318752 187650924322816 281474961305168 281474961305425 281474961305425 281474961305559 0
VmHWM:	    7996 kB
VmRSS:	    7996 kB
Threads:	2
THREAD 149 (mqmgateway_arm6) R 121 121 119 52288 121 4194304 1339 0 1 0 30 148 0 0 20 0 2 0 546 85700608 1999 18446744073709551615 187650924277760 187650924313532 281474961302464 0 0 0 0 6 0 0 0 0 17 0 0 0 0 0 0 187650924317136 187650924318752 187650924322816 281474961305168 281474961305425 281474961305425 281474961305559 0
THREAD 153 (mosquitto loop) R 121 121 119 52288 121 4194368 2 0 1 0 60 113 0 0 20 0 2 0 550 85700608 1999 18446744073709551615 187650924277760 187650924313532 281474961302464 0 0 0 0 6 0 0 0 0 -1 1 0 0 0 0 0 187650924317136 187650924318752 187650924322816 281474961305168 281474961305425 281474961305425 281474961305559 0
SYSTEM cpu  623 0 736 848 3 0 85 0 0 0
MemFree:          468084 kB
MemAvailable:     467636 kB
SwapFree:              0 kB
METRICS {"enqueued":24377,"dequeued":24377,"current_depth":0,"peak_depth":75,"rejected":0,"processing_latency_ms":0.468269,"published":24386,"publish_failures":0,"command_timeouts":0,"can_errors":0,"telemetry_qos":1,"mqtt_max_inflight":20,"pipeline_metrics_enabled":true,"can_pipeline":{"frames_read":24377,"parsed":24377,"rejected_frames":0,"read_errors":0,"parse":{"count":24377,"mean_us":8.9316,"max_us":5661.76,"p50_upper_us":8,"p95_upper_us":16,"p99_upper_us":256}},"telemetry_enqueued":24377,"telemetry_dequeued":24377,"telemetry_queue_wait":{"count":24377,"mean_us":466.138,"max_us":11761.8,"p50_upper_us":256,"p95_upper_us":2048,"p99_upper_us":4096},"command_queue_wait":{"count":0,"mean_us":0,"max_us":0,"p50_upper_us":0,"p95_upper_us":0,"p99_upper_us":0},"telemetry_worker_before_publish":{"count":24377,"mean_us":30.8591,"max_us":14290.8,"p50_upper_us":32,"p95_upper_us":128,"p99_upper_us":256},"mqtt_pipeline":{"publish_calls":24386,"publish_accepted":24386,"publish_api_errors":0,"puback_received":19113,"qos0_local_completed":0,"telemetry_accepted":24377,"telemetry_puback_received":19106,"pending_tracked":4080,"pending_peak":4096,"oldest_pending_us":1.29757e+06,"tracking_dropped":1193,"unmatched_callbacks":83,"tracking_complete":false,"publish_api":{"count":24386,"mean_us":16.02,"max_us":4464.77,"p50_upper_us":8,"p95_upper_us":64,"p99_upper_us":256},"telemetry_puback":{"count":19106,"mean_us":724614,"max_us":1.32248e+06,"p50_upper_us":1.04858e+06,"p95_upper_us":1.32248e+06,"p99_upper_us":1.32248e+06}}}
SAMPLE 16.95
PROCESS 141
141 (mqmgateway_iot) S 121 121 119 52288 121 4194304 1056 0 16 0 457 526 0 0 20 0 6 0 435 383217664 1677 18446744073709551615 187649993093120 187649993192480 281474680888128 0 0 0 0 4 16386 0 0 0 17 0 0 0 0 0 0 187649993197792 187649993199648 187649993203712 281474680888865 281474680889178 281474680889178 281474680889312 0
VmHWM:	    6708 kB
VmRSS:	    6708 kB
Threads:	6
THREAD 141 (mqmgateway_iot) S 121 121 119 52288 121 4194304 164 0 14 0 2 2 0 0 20 0 6 0 435 383217664 1677 18446744073709551615 187649993093120 187649993192480 281474680888128 0 0 0 0 4 16386 1 0 0 17 0 0 0 0 0 0 187649993197792 187649993199648 187649993203712 281474680888865 281474680889178 281474680889178 281474680889312 0
THREAD 143 (mosquitto loop) R 121 121 119 52288 121 4194368 4 0 0 0 125 197 0 0 20 0 6 0 439 383217664 1677 18446744073709551615 187649993093120 187649993192480 281474680888128 0 0 0 0 4 16386 0 0 0 -1 0 0 0 0 0 0 187649993197792 187649993199648 187649993203712 281474680888865 281474680889178 281474680889178 281474680889312 0
THREAD 144 (mqmgateway_iot) S 121 121 119 52288 121 4194368 82 0 0 0 106 205 0 0 20 0 6 0 439 383217664 1677 18446744073709551615 187649993093120 187649993192480 281474680888128 0 0 0 0 4 16386 1 0 0 -1 1 0 0 0 0 0 187649993197792 187649993199648 187649993203712 281474680888865 281474680889178 281474680889178 281474680889312 0
THREAD 145 (mqmgateway_iot) S 121 121 119 52288 121 4194368 398 0 0 0 118 56 0 0 20 0 6 0 439 383217664 1677 18446744073709551615 187649993093120 187649993192480 281474680888128 0 0 0 0 4 16386 1 0 0 -1 1 0 0 0 0 0 187649993197792 187649993199648 187649993203712 281474680888865 281474680889178 281474680889178 281474680889312 0
THREAD 146 (mqmgateway_iot) R 121 121 119 52288 121 4194368 416 0 0 0 122 57 0 0 20 0 6 0 439 383217664 1677 18446744073709551615 187649993093120 187649993192480 281474680888128 0 0 0 0 4 16386 0 0 0 -1 1 0 0 0 0 0 187649993197792 187649993199648 187649993203712 281474680888865 281474680889178 281474680889178 281474680889312 0
THREAD 147 (mqmgateway_iot) S 121 121 119 52288 121 4194368 9 0 2 0 1 4 0 0 20 0 6 0 439 383217664 1709 18446744073709551615 187649993093120 187649993192480 281474680888128 0 0 0 0 4 16386 1 0 0 -1 1 0 0 0 0 0 187649993197792 187649993199648 187649993203712 281474680888865 281474680889178 281474680889178 281474680889312 0
PROCESS 139
139 (mosquitto) R 121 121 119 52288 121 4194560 259 0 0 0 200 349 0 0 20 0 1 0 333 4313088 622 18446744073709551615 187650770165760 187650770408728 281474687500608 0 0 0 0 4100 18947 0 0 0 17 0 0 0 0 0 0 187650770413824 187650770415784 187650770444288 281474687504138 281474687504222 281474687504222 281474687504356 0
VmHWM:	    2488 kB
VmRSS:	    2488 kB
Threads:	1
THREAD 139 (mosquitto) R 121 121 119 52288 121 4194560 259 0 0 0 201 352 0 0 20 0 1 0 333 4313088 622 18446744073709551615 187650770165760 187650770408728 281474687500608 0 0 0 0 4100 18947 0 0 0 17 0 0 0 0 0 0 187650770413824 187650770415784 187650770444288 281474687504138 281474687504222 281474687504222 281474687504356 0
PROCESS 149
149 (mqmgateway_arm6) R 121 121 119 52288 121 4194304 1341 0 2 0 218 468 0 0 20 0 2 0 546 85700608 1999 18446744073709551615 187650924277760 187650924313532 281474961302464 0 0 0 0 6 0 0 0 0 17 1 0 0 0 0 0 187650924317136 187650924318752 187650924322816 281474961305168 281474961305425 281474961305425 281474961305559 0
VmHWM:	    7996 kB
VmRSS:	    7996 kB
Threads:	2
THREAD 149 (mqmgateway_arm6) R 121 121 119 52288 121 4194304 1339 0 1 0 53 291 0 0 20 0 2 0 546 85700608 1999 18446744073709551615 187650924277760 187650924313532 281474961302464 0 0 0 0 6 0 0 0 0 17 1 0 0 0 0 0 187650924317136 187650924318752 187650924322816 281474961305168 281474961305425 281474961305425 281474961305559 0
THREAD 153 (mosquitto loop) R 121 121 119 52288 121 4194368 2 0 1 0 131 215 0 0 20 0 2 0 550 85700608 1999 18446744073709551615 187650924277760 187650924313532 281474961302464 0 0 0 0 6 0 0 0 0 -1 0 0 0 0 0 0 187650924317136 187650924318752 187650924322816 281474961305168 281474961305425 281474961305425 281474961305559 0
SYSTEM cpu  1105 0 1294 866 3 0 168 0 0 0
MemFree:          467364 kB
MemAvailable:     466916 kB
SwapFree:              0 kB
METRICS {"enqueued":48677,"dequeued":48676,"current_depth":1,"peak_depth":75,"rejected":0,"processing_latency_ms":0.38787,"published":48692,"publish_failures":0,"command_timeouts":0,"can_errors":0,"telemetry_qos":1,"mqtt_max_inflight":20,"pipeline_metrics_enabled":true,"can_pipeline":{"frames_read":48677,"parsed":48677,"rejected_frames":0,"read_errors":0,"parse":{"count":48677,"mean_us":8.71189,"max_us":5661.76,"p50_upper_us":8,"p95_upper_us":16,"p99_upper_us":256}},"telemetry_enqueued":48677,"telemetry_dequeued":48677,"telemetry_queue_wait":{"count":48677,"mean_us":385.847,"max_us":11761.8,"p50_upper_us":256,"p95_upper_us":2048,"p99_upper_us":4096},"command_queue_wait":{"count":0,"mean_us":0,"max_us":0,"p50_upper_us":0,"p95_upper_us":0,"p99_upper_us":0},"telemetry_worker_before_publish":{"count":48677,"mean_us":31.3928,"max_us":14290.8,"p50_upper_us":32,"p95_upper_us":128,"p99_upper_us":256},"mqtt_pipeline":{"publish_calls":48692,"publish_accepted":48692,"publish_api_errors":0,"puback_received":31025,"qos0_local_completed":0,"telemetry_accepted":48677,"telemetry_puback_received":31013,"pending_tracked":4096,"pending_peak":4096,"oldest_pending_us":2.78089e+06,"tracking_dropped":13571,"unmatched_callbacks":6542,"tracking_complete":false,"publish_api":{"count":48692,"mean_us":15.4418,"max_us":5568.78,"p50_upper_us":8,"p95_upper_us":64,"p99_upper_us":256},"telemetry_puback":{"count":31013,"mean_us":1.14868e+06,"max_us":2.77963e+06,"p50_upper_us":2.09715e+06,"p95_upper_us":2.77963e+06,"p99_upper_us":2.77963e+06}}}
SAMPLE 22.82
PROCESS 141
141 (mqmgateway_iot) S 121 121 119 52288 121 4194304 1492 0 16 0 718 767 0 0 20 0 6 0 435 383217664 2093 18446744073709551615 187649993093120 187649993192480 281474680888128 0 0 0 0 4 16386 0 0 0 17 0 0 0 0 0 0 187649993197792 187649993199648 187649993203712 281474680888865 281474680889178 281474680889178 281474680889312 0
VmHWM:	    8372 kB
VmRSS:	    8372 kB
Threads:	6
THREAD 141 (mqmgateway_iot) S 121 121 119 52288 121 4194304 164 0 14 0 2 2 0 0 20 0 6 0 435 383217664 2093 18446744073709551615 187649993093120 187649993192480 281474680888128 0 0 0 0 4 16386 1 0 0 17 0 0 0 0 0 0 187649993197792 187649993199648 187649993203712 281474680888865 281474680889178 281474680889178 281474680889312 0
THREAD 143 (mosquitto loop) R 121 121 119 52288 121 4194368 4 0 0 0 187 290 0 0 20 0 6 0 439 383217664 2093 18446744073709551615 187649993093120 187649993192480 281474680888128 0 0 0 0 4 16386 0 0 0 -1 0 0 0 0 0 0 187649993197792 187649993199648 187649993203712 281474680888865 281474680889178 281474680889178 281474680889312 0
THREAD 144 (mqmgateway_iot) S 121 121 119 52288 121 4194368 121 0 0 0 164 303 0 0 20 0 6 0 439 383217664 2093 18446744073709551615 187649993093120 187649993192480 281474680888128 0 0 0 0 4 16386 1 0 0 -1 1 0 0 0 0 0 187649993197792 187649993199648 187649993203712 281474680888865 281474680889178 281474680889178 281474680889312 0
THREAD 145 (mqmgateway_iot) R 121 121 119 52288 121 4194368 608 0 0 0 184 82 0 0 20 0 6 0 439 383217664 2093 18446744073709551615 187649993093120 187649993192480 281474680888128 0 0 0 0 4 16386 0 0 0 -1 0 0 0 0 0 0 187649993197792 187649993199648 187649993203712 281474680888865 281474680889178 281474680889178 281474680889312 0
THREAD 146 (mqmgateway_iot) R 121 121 119 52288 121 4194368 602 0 0 0 188 83 0 0 20 0 6 0 439 383217664 2093 18446744073709551615 187649993093120 187649993192480 281474680888128 0 0 0 0 4 16386 0 0 0 -1 1 0 0 0 0 0 187649993197792 187649993199648 187649993203712 281474680888865 281474680889178 281474680889178 281474680889312 0
THREAD 147 (mqmgateway_iot) S 121 121 119 52288 121 4194368 9 0 2 0 3 4 0 0 20 0 6 0 439 383217664 2093 18446744073709551615 187649993093120 187649993192480 281474680888128 0 0 0 0 4 16386 1 0 0 -1 1 0 0 0 0 0 187649993197792 187649993199648 187649993203712 281474680888865 281474680889178 281474680889178 281474680889312 0
PROCESS 139
139 (mosquitto) R 121 121 119 52288 121 4194560 259 0 0 0 305 509 0 0 20 0 1 0 333 4313088 622 18446744073709551615 187650770165760 187650770408728 281474687500608 0 0 0 0 4100 18947 0 0 0 17 1 0 0 0 0 0 187650770413824 187650770415784 187650770444288 281474687504138 281474687504222 281474687504222 281474687504356 0
VmHWM:	    2488 kB
VmRSS:	    2488 kB
Threads:	1
THREAD 139 (mosquitto) R 121 121 119 52288 121 4194560 259 0 0 0 307 512 0 0 20 0 1 0 333 4313088 622 18446744073709551615 187650770165760 187650770408728 281474687500608 0 0 0 0 4100 18947 0 0 0 17 1 0 0 0 0 0 187650770413824 187650770415784 187650770444288 281474687504138 281474687504222 281474687504222 281474687504356 0
PROCESS 149
149 (mqmgateway_arm6) R 121 121 119 52288 121 4194304 1341 0 2 0 321 700 0 0 20 0 2 0 546 85700608 1999 18446744073709551615 187650924277760 187650924313532 281474961302464 0 0 0 0 6 0 0 0 0 17 1 0 0 0 0 0 187650924317136 187650924318752 187650924322816 281474961305168 281474961305425 281474961305425 281474961305559 0
VmHWM:	    7996 kB
VmRSS:	    7996 kB
Threads:	2
THREAD 149 (mqmgateway_arm6) R 121 121 119 52288 121 4194304 1339 0 1 0 78 437 0 0 20 0 2 0 546 85700608 1999 18446744073709551615 187650924277760 187650924313532 281474961302464 0 0 0 0 6 0 0 0 0 17 1 0 0 0 0 0 187650924317136 187650924318752 187650924322816 281474961305168 281474961305425 281474961305425 281474961305559 0
THREAD 153 (mosquitto loop) R 121 121 119 52288 121 4194368 2 0 1 0 193 317 0 0 20 0 2 0 550 85700608 1999 18446744073709551615 187650924277760 187650924313532 281474961302464 0 0 0 0 6 0 0 0 0 -1 0 0 0 0 0 0 187650924317136 187650924318752 187650924322816 281474961305168 281474961305425 281474961305425 281474961305559 0
SYSTEM cpu  1590 0 1841 888 3 0 227 0 0 0
MemFree:          466132 kB
MemAvailable:     465692 kB
SwapFree:              0 kB
METRICS {"enqueued":68868,"dequeued":68867,"current_depth":1,"peak_depth":75,"rejected":0,"processing_latency_ms":0.337787,"published":68887,"publish_failures":0,"command_timeouts":0,"can_errors":0,"telemetry_qos":1,"mqtt_max_inflight":20,"pipeline_metrics_enabled":true,"can_pipeline":{"frames_read":68868,"parsed":68868,"rejected_frames":0,"read_errors":0,"parse":{"count":68868,"mean_us":8.63593,"max_us":5661.76,"p50_upper_us":8,"p95_upper_us":16,"p99_upper_us":256}},"telemetry_enqueued":68868,"telemetry_dequeued":68867,"telemetry_queue_wait":{"count":68867,"mean_us":335.816,"max_us":11761.8,"p50_upper_us":256,"p95_upper_us":2048,"p99_upper_us":4096},"command_queue_wait":{"count":0,"mean_us":0,"max_us":0,"p50_upper_us":0,"p95_upper_us":0,"p99_upper_us":0},"telemetry_worker_before_publish":{"count":68867,"mean_us":31.9814,"max_us":14290.8,"p50_upper_us":32,"p95_upper_us":128,"p99_upper_us":256},"mqtt_pipeline":{"publish_calls":68887,"publish_accepted":68887,"publish_api_errors":0,"puback_received":36136,"qos0_local_completed":0,"telemetry_accepted":68867,"telemetry_puback_received":36124,"pending_tracked":4096,"pending_peak":4096,"oldest_pending_us":3.92201e+06,"tracking_dropped":28655,"unmatched_callbacks":17035,"tracking_complete":false,"publish_api":{"count":68887,"mean_us":16.1415,"max_us":5568.78,"p50_upper_us":8,"p95_upper_us":64,"p99_upper_us":256},"telemetry_puback":{"count":36124,"mean_us":1.46552e+06,"max_us":3.92894e+06,"p50_upper_us":2.09715e+06,"p95_upper_us":3.92894e+06,"p99_upper_us":3.92894e+06}}}
SAMPLE 28.62
PROCESS 141
141 (mqmgateway_iot) S 121 121 119 52288 121 4194304 1817 0 16 0 934 1009 0 0 20 0 6 0 435 383217664 2445 18446744073709551615 187649993093120 187649993192480 281474680888128 0 0 0 0 4 16386 0 0 0 17 0 0 0 0 0 0 187649993197792 187649993199648 187649993203712 281474680888865 281474680889178 281474680889178 281474680889312 0
VmHWM:	    9780 kB
VmRSS:	    9780 kB
Threads:	6
THREAD 141 (mqmgateway_iot) S 121 121 119 52288 121 4194304 164 0 14 0 2 2 0 0 20 0 6 0 435 383217664 2445 18446744073709551615 187649993093120 187649993192480 281474680888128 0 0 0 0 4 16386 1 0 0 17 0 0 0 0 0 0 187649993197792 187649993199648 187649993203712 281474680888865 281474680889178 281474680889178 281474680889312 0
THREAD 143 (mosquitto loop) S 121 121 119 52288 121 4194368 5 0 0 0 242 397 0 0 20 0 6 0 439 383217664 2445 18446744073709551615 187649993093120 187649993192480 281474680888128 0 0 0 0 4 16386 1 0 0 -1 0 0 0 0 0 0 187649993197792 187649993199648 187649993203712 281474680888865 281474680889178 281474680889178 281474680889312 0
THREAD 144 (mqmgateway_iot) S 121 121 119 52288 121 4194368 149 0 0 0 211 386 0 0 20 0 6 0 439 383217664 2445 18446744073709551615 187649993093120 187649993192480 281474680888128 0 0 0 0 4 16386 1 0 0 -1 0 0 0 0 0 0 187649993197792 187649993199648 187649993203712 281474680888865 281474680889178 281474680889178 281474680889312 0
THREAD 145 (mqmgateway_iot) R 121 121 119 52288 121 4194368 748 0 0 0 246 104 0 0 20 0 6 0 439 383217664 2445 18446744073709551615 187649993093120 187649993192480 281474680888128 0 0 0 0 4 16386 0 0 0 -1 0 0 0 0 0 0 187649993197792 187649993199648 187649993203712 281474680888865 281474680889178 281474680889178 281474680889312 0
THREAD 146 (mqmgateway_iot) S 121 121 119 52288 121 4194368 757 0 0 0 245 107 0 0 20 0 6 0 439 383217664 2445 18446744073709551615 187649993093120 187649993192480 281474680888128 0 0 0 0 4 16386 1 0 0 -1 1 0 0 0 0 0 187649993197792 187649993199648 187649993203712 281474680888865 281474680889178 281474680889178 281474680889312 0
THREAD 147 (mqmgateway_iot) S 121 121 119 52288 121 4194368 9 0 2 0 4 4 0 0 20 0 6 0 439 383217664 2445 18446744073709551615 187649993093120 187649993192480 281474680888128 0 0 0 0 4 16386 1 0 0 -1 1 0 0 0 0 0 187649993197792 187649993199648 187649993203712 281474680888865 281474680889178 281474680889178 281474680889312 0
PROCESS 139
139 (mosquitto) R 121 121 119 52288 121 4194560 264 0 0 0 410 699 0 0 20 0 1 0 333 4313088 622 18446744073709551615 187650770165760 187650770408728 281474687500608 0 0 0 0 4100 18947 0 0 0 17 1 0 0 0 0 0 187650770413824 187650770415784 187650770444288 281474687504138 281474687504222 281474687504222 281474687504356 0
VmHWM:	    2488 kB
VmRSS:	    2488 kB
Threads:	1
THREAD 139 (mosquitto) R 121 121 119 52288 121 4194560 264 0 0 0 412 701 0 0 20 0 1 0 333 4313088 622 18446744073709551615 187650770165760 187650770408728 281474687500608 0 0 0 0 4100 18947 0 0 0 17 1 0 0 0 0 0 187650770413824 187650770415784 187650770444288 281474687504138 281474687504222 281474687504222 281474687504356 0
PROCESS 149
149 (mqmgateway_arm6) R 121 121 119 52288 121 4194304 1341 0 2 0 424 934 0 0 20 0 2 0 546 85700608 1999 18446744073709551615 187650924277760 187650924313532 281474961302464 0 0 0 0 6 0 0 0 0 17 0 0 0 0 0 0 187650924317136 187650924318752 187650924322816 281474961305168 281474961305425 281474961305425 281474961305559 0
VmHWM:	    7996 kB
VmRSS:	    7996 kB
Threads:	2
THREAD 149 (mqmgateway_arm6) R 121 121 119 52288 121 4194304 1339 0 1 0 101 572 0 0 20 0 2 0 546 85700608 1999 18446744073709551615 187650924277760 187650924313532 281474961302464 0 0 0 0 6 0 0 0 0 17 0 0 0 0 0 0 187650924317136 187650924318752 187650924322816 281474961305168 281474961305425 281474961305425 281474961305559 0
THREAD 153 (mosquitto loop) S 121 121 119 52288 121 4194368 2 0 1 0 259 430 0 0 20 0 2 0 550 85700608 1999 18446744073709551615 187650924277760 187650924313532 281474961302464 0 0 0 0 6 0 1 0 0 -1 0 0 0 0 0 0 187650924317136 187650924318752 187650924322816 281474961305168 281474961305425 281474961305425 281474961305559 0
SYSTEM cpu  2034 0 2417 918 3 0 310 0 0 0
MemFree:          464928 kB
MemAvailable:     464496 kB
SwapFree:              0 kB
METRICS {"enqueued":93190,"dequeued":93190,"current_depth":0,"peak_depth":75,"rejected":0,"processing_latency_ms":0.337661,"published":93216,"publish_failures":0,"command_timeouts":0,"can_errors":0,"telemetry_qos":1,"mqtt_max_inflight":20,"pipeline_metrics_enabled":true,"can_pipeline":{"frames_read":93191,"parsed":93191,"rejected_frames":0,"read_errors":0,"parse":{"count":93191,"mean_us":8.0365,"max_us":5661.76,"p50_upper_us":4,"p95_upper_us":16,"p99_upper_us":128}},"telemetry_enqueued":93191,"telemetry_dequeued":93190,"telemetry_queue_wait":{"count":93190,"mean_us":335.675,"max_us":11761.8,"p50_upper_us":256,"p95_upper_us":2048,"p99_upper_us":4096},"command_queue_wait":{"count":0,"mean_us":0,"max_us":0,"p50_upper_us":0,"p95_upper_us":0,"p99_upper_us":0},"telemetry_worker_before_publish":{"count":93190,"mean_us":31.9483,"max_us":14290.8,"p50_upper_us":32,"p95_upper_us":128,"p99_upper_us":256},"mqtt_pipeline":{"publish_calls":93216,"publish_accepted":93216,"publish_api_errors":0,"puback_received":41369,"qos0_local_completed":0,"telemetry_accepted":93190,"telemetry_puback_received":41355,"pending_tracked":4096,"pending_peak":4096,"oldest_pending_us":5.01672e+06,"tracking_dropped":47751,"unmatched_callbacks":31748,"tracking_complete":false,"publish_api":{"count":93216,"mean_us":16.4104,"max_us":5568.78,"p50_upper_us":8,"p95_upper_us":64,"p99_upper_us":256},"telemetry_puback":{"count":41355,"mean_us":1.82784e+06,"max_us":5.02572e+06,"p50_upper_us":2.09715e+06,"p95_upper_us":5.02572e+06,"p99_upper_us":5.02572e+06}}}
SAMPLE 34.46
PROCESS 141
141 (mqmgateway_iot) S 121 121 119 52288 121 4194304 2195 0 16 0 1192 1254 0 0 20 0 6 0 435 383217664 2829 18446744073709551615 187649993093120 187649993192480 281474680888128 0 0 0 0 4 16386 0 0 0 17 0 0 0 0 0 0 187649993197792 187649993199648 187649993203712 281474680888865 281474680889178 281474680889178 281474680889312 0
VmHWM:	   11316 kB
VmRSS:	   11316 kB
Threads:	6
THREAD 141 (mqmgateway_iot) S 121 121 119 52288 121 4194304 164 0 14 0 2 2 0 0 20 0 6 0 435 383217664 2829 18446744073709551615 187649993093120 187649993192480 281474680888128 0 0 0 0 4 16386 1 0 0 17 0 0 0 0 0 0 187649993197792 187649993199648 187649993203712 281474680888865 281474680889178 281474680889178 281474680889312 0
THREAD 143 (mosquitto loop) R 121 121 119 52288 121 4194368 5 0 0 0 303 491 0 0 20 0 6 0 439 383217664 2829 18446744073709551615 187649993093120 187649993192480 281474680888128 0 0 0 0 4 16386 0 0 0 -1 0 0 0 0 0 0 187649993197792 187649993199648 187649993203712 281474680888865 281474680889178 281474680889178 281474680889312 0
THREAD 144 (mqmgateway_iot) R 121 121 119 52288 121 4194368 179 0 0 0 271 487 0 0 20 0 6 0 439 383217664 2829 18446744073709551615 187649993093120 187649993192480 281474680888128 0 0 0 0 4 16386 0 0 0 -1 1 0 0 0 0 0 187649993197792 187649993199648 187649993203712 281474680888865 281474680889178 281474680889178 281474680889312 0
THREAD 145 (mqmgateway_iot) R 121 121 119 52288 121 4194368 971 0 0 0 316 129 0 0 20 0 6 0 439 383217664 2829 18446744073709551615 187649993093120 187649993192480 281474680888128 0 0 0 0 4 16386 0 0 0 -1 0 0 0 0 0 0 187649993197792 187649993199648 187649993203712 281474680888865 281474680889178 281474680889178 281474680889312 0
THREAD 146 (mqmgateway_iot) S 121 121 119 52288 121 4194368 870 0 0 0 311 131 0 0 20 0 6 0 439 383217664 2829 18446744073709551615 187649993093120 187649993192480 281474680888128 0 0 0 0 4 16386 1 0 0 -1 0 0 0 0 0 0 187649993197792 187649993199648 187649993203712 281474680888865 281474680889178 281474680889178 281474680889312 0
THREAD 147 (mqmgateway_iot) S 121 121 119 52288 121 4194368 9 0 2 0 5 4 0 0 20 0 6 0 439 383217664 2829 18446744073709551615 187649993093120 187649993192480 281474680888128 0 0 0 0 4 16386 1 0 0 -1 0 0 0 0 0 0 187649993197792 187649993199648 187649993203712 281474680888865 281474680889178 281474680889178 281474680889312 0
PROCESS 139
139 (mosquitto) R 121 121 119 52288 121 4194560 264 0 0 0 502 876 0 0 20 0 1 0 333 4313088 622 18446744073709551615 187650770165760 187650770408728 281474687500608 0 0 0 18947 4100 18947 0 0 0 17 1 0 0 0 0 0 187650770413824 187650770415784 187650770444288 281474687504138 281474687504222 281474687504222 281474687504356 0
VmHWM:	    2488 kB
VmRSS:	    2488 kB
Threads:	1
THREAD 139 (mosquitto) R 121 121 119 52288 121 4194560 264 0 0 0 503 879 0 0 20 0 1 0 333 4313088 622 18446744073709551615 187650770165760 187650770408728 281474687500608 0 0 0 18947 4100 18947 0 0 0 17 1 0 0 0 0 0 187650770413824 187650770415784 187650770444288 281474687504138 281474687504222 281474687504222 281474687504356 0
PROCESS 149
149 (mqmgateway_arm6) S 121 121 119 52288 121 4194304 1341 0 2 0 528 1164 0 0 20 0 2 0 546 85700608 1999 18446744073709551615 187650924277760 187650924313532 281474961302464 0 0 0 0 6 0 0 0 0 17 0 0 0 0 0 0 187650924317136 187650924318752 187650924322816 281474961305168 281474961305425 281474961305425 281474961305559 0
VmHWM:	    7996 kB
VmRSS:	    7996 kB
Threads:	2
THREAD 149 (mqmgateway_arm6) R 121 121 119 52288 121 4194304 1339 0 1 0 126 716 0 0 20 0 2 0 546 85700608 1999 18446744073709551615 187650924277760 187650924313532 281474961302464 0 0 0 0 6 0 0 0 0 17 0 0 0 0 0 0 187650924317136 187650924318752 187650924322816 281474961305168 281474961305425 281474961305425 281474961305559 0
THREAD 153 (mosquitto loop) S 121 121 119 52288 121 4194368 2 0 1 0 324 530 0 0 20 0 2 0 550 85700608 1999 18446744073709551615 187650924277760 187650924313532 281474961302464 0 0 0 0 6 0 1 0 0 -1 1 0 0 0 0 0 187650924317136 187650924318752 187650924322816 281474961305168 281474961305425 281474961305425 281474961305559 0
SYSTEM cpu  2510 0 2980 938 3 0 377 0 0 0
MemFree:          463688 kB
MemAvailable:     463260 kB
SwapFree:              0 kB
METRICS {"enqueued":117450,"dequeued":117450,"current_depth":0,"peak_depth":75,"rejected":0,"processing_latency_ms":0.320845,"published":117482,"publish_failures":0,"command_timeouts":0,"can_errors":0,"telemetry_qos":1,"mqtt_max_inflight":20,"pipeline_metrics_enabled":true,"can_pipeline":{"frames_read":117450,"parsed":117450,"rejected_frames":0,"read_errors":0,"parse":{"count":117450,"mean_us":8.08408,"max_us":5661.76,"p50_upper_us":8,"p95_upper_us":16,"p99_upper_us":256}},"telemetry_enqueued":117450,"telemetry_dequeued":117450,"telemetry_queue_wait":{"count":117450,"mean_us":318.907,"max_us":11761.8,"p50_upper_us":256,"p95_upper_us":2048,"p99_upper_us":4096},"command_queue_wait":{"count":0,"mean_us":0,"max_us":0,"p50_upper_us":0,"p95_upper_us":0,"p99_upper_us":0},"telemetry_worker_before_publish":{"count":117450,"mean_us":31.9831,"max_us":14290.8,"p50_upper_us":32,"p95_upper_us":128,"p99_upper_us":256},"mqtt_pipeline":{"publish_calls":117482,"publish_accepted":117482,"publish_api_errors":0,"puback_received":45196,"qos0_local_completed":0,"telemetry_accepted":117450,"telemetry_puback_received":45181,"pending_tracked":4096,"pending_peak":4096,"oldest_pending_us":6.2041e+06,"tracking_dropped":68190,"unmatched_callbacks":47446,"tracking_complete":false,"publish_api":{"count":117482,"mean_us":16.1809,"max_us":5568.78,"p50_upper_us":8,"p95_upper_us":64,"p99_upper_us":256},"telemetry_puback":{"count":45181,"mean_us":2.14709e+06,"max_us":6.21169e+06,"p50_upper_us":2.09715e+06,"p95_upper_us":6.21169e+06,"p99_upper_us":6.21169e+06}}}
SAMPLE 40.27
PROCESS 141
141 (mqmgateway_iot) S 121 121 119 52288 121 4194304 2499 0 16 0 1417 1486 0 0 20 0 6 0 435 383217664 3085 18446744073709551615 187649993093120 187649993192480 281474680888128 0 0 0 0 4 16386 0 0 0 17 0 0 0 0 0 0 187649993197792 187649993199648 187649993203712 281474680888865 281474680889178 281474680889178 281474680889312 0
VmHWM:	   12340 kB
VmRSS:	   12340 kB
Threads:	6
THREAD 141 (mqmgateway_iot) S 121 121 119 52288 121 4194304 164 0 14 0 2 2 0 0 20 0 6 0 435 383217664 3085 18446744073709551615 187649993093120 187649993192480 281474680888128 0 0 0 0 4 16386 1 0 0 17 0 0 0 0 0 0 187649993197792 187649993199648 187649993203712 281474680888865 281474680889178 281474680889178 281474680889312 0
THREAD 143 (mosquitto loop) R 121 121 119 52288 121 4194368 5 0 0 0 369 589 0 0 20 0 6 0 439 383217664 3085 18446744073709551615 187649993093120 187649993192480 281474680888128 0 0 0 0 4 16386 0 0 0 -1 1 0 0 0 0 0 187649993197792 187649993199648 187649993203712 281474680888865 281474680889178 281474680889178 281474680889312 0
THREAD 144 (mqmgateway_iot) S 121 121 119 52288 121 4194368 205 0 0 0 319 572 0 0 20 0 6 0 439 383217664 3117 18446744073709551615 187649993093120 187649993192480 281474680888128 0 0 0 0 4 16386 1 0 0 -1 0 0 0 0 0 0 187649993197792 187649993199648 187649993203712 281474680888865 281474680889178 281474680889178 281474680889312 0
THREAD 145 (mqmgateway_iot) S 121 121 119 52288 121 4194368 1104 0 0 0 374 150 0 0 20 0 6 0 439 383217664 3117 18446744073709551615 187649993093120 187649993192480 281474680888128 0 0 0 0 4 16386 1 0 0 -1 0 0 0 0 0 0 187649993197792 187649993199648 187649993203712 281474680888865 281474680889178 281474680889178 281474680889312 0
THREAD 146 (mqmgateway_iot) S 121 121 119 52288 121 4194368 1028 0 0 0 365 155 0 0 20 0 6 0 439 383217664 3149 18446744073709551615 187649993093120 187649993192480 281474680888128 0 0 0 0 4 16386 1 0 0 -1 0 0 0 0 0 0 187649993197792 187649993199648 187649993203712 281474680888865 281474680889178 281474680889178 281474680889312 0
THREAD 147 (mqmgateway_iot) S 121 121 119 52288 121 4194368 9 0 2 0 7 5 0 0 20 0 6 0 439 383217664 3149 18446744073709551615 187649993093120 187649993192480 281474680888128 0 0 0 0 4 16386 1 0 0 -1 1 0 0 0 0 0 187649993197792 187649993199648 187649993203712 281474680888865 281474680889178 281474680889178 281474680889312 0
PROCESS 139
139 (mosquitto) S 121 121 119 52288 121 4194560 264 0 0 0 603 1062 0 0 20 0 1 0 333 4313088 622 18446744073709551615 187650770165760 187650770408728 281474687500608 0 0 0 18947 4100 18947 1 0 0 17 0 0 0 0 0 0 187650770413824 187650770415784 187650770444288 281474687504138 281474687504222 281474687504222 281474687504356 0
VmHWM:	    2488 kB
VmRSS:	    2488 kB
Threads:	1
THREAD 139 (mosquitto) R 121 121 119 52288 121 4194560 264 0 0 0 604 1065 0 0 20 0 1 0 333 4313088 622 18446744073709551615 187650770165760 187650770408728 281474687500608 0 0 0 0 4100 18947 0 0 0 17 0 0 0 0 0 0 187650770413824 187650770415784 187650770444288 281474687504138 281474687504222 281474687504222 281474687504356 0
PROCESS 149
149 (mqmgateway_arm6) S 121 121 119 52288 121 4194304 1341 0 2 0 631 1405 0 0 20 0 2 0 546 85700608 1999 18446744073709551615 187650924277760 187650924313532 281474961302464 0 0 0 0 6 0 0 0 0 17 0 0 0 0 0 0 187650924317136 187650924318752 187650924322816 281474961305168 281474961305425 281474961305425 281474961305559 0
VmHWM:	    7996 kB
VmRSS:	    7996 kB
Threads:	2
THREAD 149 (mqmgateway_arm6) R 121 121 119 52288 121 4194304 1339 0 1 0 153 852 0 0 20 0 2 0 546 85700608 1999 18446744073709551615 187650924277760 187650924313532 281474961302464 0 0 0 0 6 0 0 0 0 17 0 0 0 0 0 0 187650924317136 187650924318752 187650924322816 281474961305168 281474961305425 281474961305425 281474961305559 0
THREAD 153 (mosquitto loop) R 121 121 119 52288 121 4194368 2 0 1 0 388 649 0 0 20 0 2 0 550 85700608 1999 18446744073709551615 187650924277760 187650924313532 281474961302464 0 0 0 0 6 0 0 0 0 -1 1 0 0 0 0 0 187650924317136 187650924318752 187650924322816 281474961305168 281474961305425 281474961305425 281474961305559 0
SYSTEM cpu  2960 0 3541 970 3 0 463 0 0 0
MemFree:          462344 kB
MemAvailable:     461924 kB
SwapFree:              0 kB
METRICS {"enqueued":141730,"dequeued":141730,"current_depth":0,"peak_depth":75,"rejected":0,"processing_latency_ms":0.330592,"published":141768,"publish_failures":0,"command_timeouts":0,"can_errors":0,"telemetry_qos":1,"mqtt_max_inflight":20,"pipeline_metrics_enabled":true,"can_pipeline":{"frames_read":141732,"parsed":141732,"rejected_frames":0,"read_errors":0,"parse":{"count":141732,"mean_us":7.81583,"max_us":5661.76,"p50_upper_us":4,"p95_upper_us":16,"p99_upper_us":128}},"telemetry_enqueued":141732,"telemetry_dequeued":141730,"telemetry_queue_wait":{"count":141730,"mean_us":328.697,"max_us":11761.8,"p50_upper_us":256,"p95_upper_us":2048,"p99_upper_us":4096},"command_queue_wait":{"count":0,"mean_us":0,"max_us":0,"p50_upper_us":0,"p95_upper_us":0,"p99_upper_us":0},"telemetry_worker_before_publish":{"count":141730,"mean_us":31.5472,"max_us":14290.8,"p50_upper_us":32,"p95_upper_us":128,"p99_upper_us":256},"mqtt_pipeline":{"publish_calls":141768,"publish_accepted":141768,"publish_api_errors":0,"puback_received":48612,"qos0_local_completed":0,"telemetry_accepted":141730,"telemetry_puback_received":48597,"pending_tracked":4096,"pending_peak":4096,"oldest_pending_us":7.32135e+06,"tracking_dropped":89060,"unmatched_callbacks":63855,"tracking_complete":false,"publish_api":{"count":141768,"mean_us":16.4304,"max_us":10532,"p50_upper_us":8,"p95_upper_us":64,"p99_upper_us":256},"telemetry_puback":{"count":48597,"mean_us":2.46494e+06,"max_us":7.31993e+06,"p50_upper_us":2.09715e+06,"p95_upper_us":7.31993e+06,"p99_upper_us":7.31993e+06}}}
SAMPLE 46.13
PROCESS 141
141 (mqmgateway_iot) S 121 121 119 52288 121 4194304 2891 0 16 0 1647 1733 0 0 20 0 6 0 435 383217664 3501 18446744073709551615 187649993093120 187649993192480 281474680888128 0 0 0 0 4 16386 0 0 0 17 1 0 0 0 0 0 187649993197792 187649993199648 187649993203712 281474680888865 281474680889178 281474680889178 281474680889312 0
VmHWM:	   14004 kB
VmRSS:	   14004 kB
Threads:	6
THREAD 141 (mqmgateway_iot) S 121 121 119 52288 121 4194304 164 0 14 0 2 3 0 0 20 0 6 0 435 383217664 3501 18446744073709551615 187649993093120 187649993192480 281474680888128 0 0 0 0 4 16386 1 0 0 17 1 0 0 0 0 0 187649993197792 187649993199648 187649993203712 281474680888865 281474680889178 281474680889178 281474680889312 0
THREAD 143 (mosquitto loop) S 121 121 119 52288 121 4194368 5 0 0 0 434 680 0 0 20 0 6 0 439 383217664 3501 18446744073709551615 187649993093120 187649993192480 281474680888128 0 0 0 0 4 16386 1 0 0 -1 0 0 0 0 0 0 187649993197792 187649993199648 187649993203712 281474680888865 281474680889178 281474680889178 281474680889312 0
THREAD 144 (mqmgateway_iot) R 121 121 119 52288 121 4194368 230 0 0 0 374 668 0 0 20 0 6 0 439 383217664 3501 18446744073709551615 187649993093120 187649993192480 281474680888128 0 0 0 0 4 16386 0 0 0 -1 1 0 0 0 0 0 187649993197792 187649993199648 187649993203712 281474680888865 281474680889178 281474680889178 281474680889312 0
THREAD 145 (mqmgateway_iot) S 121 121 119 52288 121 4194368 1260 0 0 0 431 179 0 0 20 0 6 0 439 383217664 3533 18446744073709551615 187649993093120 187649993192480 281474680888128 0 0 0 0 4 16386 1 0 0 -1 1 0 0 0 0 0 187649993197792 187649993199648 187649993203712 281474680888865 281474680889178 281474680889178 281474680889312 0
THREAD 146 (mqmgateway_iot) R 121 121 119 52288 121 4194368 1261 0 0 0 426 181 0 0 20 0 6 0 439 383217664 3533 18446744073709551615 187649993093120 187649993192480 281474680888128 0 0 0 0 4 16386 0 0 0 -1 0 0 0 0 0 0 187649993197792 187649993199648 187649993203712 281474680888865 281474680889178 281474680889178 281474680889312 0
THREAD 147 (mqmgateway_iot) S 121 121 119 52288 121 4194368 9 0 2 0 7 6 0 0 20 0 6 0 439 383217664 3565 18446744073709551615 187649993093120 187649993192480 281474680888128 0 0 0 0 4 16386 1 0 0 -1 0 0 0 0 0 0 187649993197792 187649993199648 187649993203712 281474680888865 281474680889178 281474680889178 281474680889312 0
PROCESS 139
139 (mosquitto) R 121 121 119 52288 121 4194560 264 0 0 0 711 1235 0 0 20 0 1 0 333 4313088 622 18446744073709551615 187650770165760 187650770408728 281474687500608 0 0 0 0 4100 18947 0 0 0 17 0 0 0 0 0 0 187650770413824 187650770415784 187650770444288 281474687504138 281474687504222 281474687504222 281474687504356 0
VmHWM:	    2488 kB
VmRSS:	    2488 kB
Threads:	1
THREAD 139 (mosquitto) R 121 121 119 52288 121 4194560 264 0 0 0 713 1239 0 0 20 0 1 0 333 4313088 622 18446744073709551615 187650770165760 187650770408728 281474687500608 0 0 0 18947 4100 18947 0 0 0 17 0 0 0 0 0 0 187650770413824 187650770415784 187650770444288 281474687504138 281474687504222 281474687504222 281474687504356 0
PROCESS 149
149 (mqmgateway_arm6) R 121 121 119 52288 121 4194304 1341 0 2 0 745 1637 0 0 20 0 2 0 546 85700608 1999 18446744073709551615 187650924277760 187650924313532 281474961302464 0 0 0 0 6 0 0 0 0 17 1 0 0 0 0 0 187650924317136 187650924318752 187650924322816 281474961305168 281474961305425 281474961305425 281474961305559 0
VmHWM:	    7996 kB
VmRSS:	    7996 kB
Threads:	2
THREAD 149 (mqmgateway_arm6) R 121 121 119 52288 121 4194304 1339 0 1 0 184 991 0 0 20 0 2 0 546 85700608 1999 18446744073709551615 187650924277760 187650924313532 281474961302464 0 0 0 0 6 0 0 0 0 17 0 0 0 0 0 0 187650924317136 187650924318752 187650924322816 281474961305168 281474961305425 281474961305425 281474961305559 0
THREAD 153 (mosquitto loop) R 121 121 119 52288 121 4194368 2 0 1 0 454 757 0 0 20 0 2 0 550 85700608 1999 18446744073709551615 187650924277760 187650924313532 281474961302464 0 0 0 0 6 0 0 0 0 -1 1 0 0 0 0 0 187650924317136 187650924318752 187650924322816 281474961305168 281474961305425 281474961305425 281474961305559 0
SYSTEM cpu  3448 0 4100 994 3 0 550 0 0 0
MemFree:          460692 kB
MemAvailable:     460280 kB
SwapFree:              0 kB
METRICS {"enqueued":166095,"dequeued":166093,"current_depth":2,"peak_depth":75,"rejected":0,"processing_latency_ms":0.331363,"published":166139,"publish_failures":0,"command_timeouts":0,"can_errors":0,"telemetry_qos":1,"mqtt_max_inflight":20,"pipeline_metrics_enabled":true,"can_pipeline":{"frames_read":166095,"parsed":166095,"rejected_frames":0,"read_errors":0,"parse":{"count":166095,"mean_us":7.80174,"max_us":5661.76,"p50_upper_us":4,"p95_upper_us":16,"p99_upper_us":128}},"telemetry_enqueued":166095,"telemetry_dequeued":166095,"telemetry_queue_wait":{"count":166095,"mean_us":329.489,"max_us":11761.8,"p50_upper_us":256,"p95_upper_us":2048,"p99_upper_us":4096},"command_queue_wait":{"count":0,"mean_us":0,"max_us":0,"p50_upper_us":0,"p95_upper_us":0,"p99_upper_us":0},"telemetry_worker_before_publish":{"count":166095,"mean_us":31.499,"max_us":14290.8,"p50_upper_us":32,"p95_upper_us":128,"p99_upper_us":256},"mqtt_pipeline":{"publish_calls":166139,"publish_accepted":166139,"publish_api_errors":0,"puback_received":51634,"qos0_local_completed":0,"telemetry_accepted":166095,"telemetry_puback_received":51617,"pending_tracked":4094,"pending_peak":4096,"oldest_pending_us":8.78174e+06,"tracking_dropped":110411,"unmatched_callbacks":79366,"tracking_complete":false,"publish_api":{"count":166139,"mean_us":16.6957,"max_us":10532,"p50_upper_us":8,"p95_upper_us":64,"p99_upper_us":256},"telemetry_puback":{"count":51617,"mean_us":2.7835e+06,"max_us":8.78455e+06,"p50_upper_us":2.09715e+06,"p95_upper_us":8.38861e+06,"p99_upper_us":8.38861e+06}}}
SAMPLE 52.14
PROCESS 141
141 (mqmgateway_iot) S 121 121 119 52288 121 4194304 3188 0 16 0 1859 1961 0 0 20 0 6 0 435 383217664 3789 18446744073709551615 187649993093120 187649993192480 281474680888128 0 0 0 0 4 16386 0 0 0 17 1 0 0 0 0 0 187649993197792 187649993199648 187649993203712 281474680888865 281474680889178 281474680889178 281474680889312 0
VmHWM:	   15156 kB
VmRSS:	   15156 kB
Threads:	6
THREAD 141 (mqmgateway_iot) S 121 121 119 52288 121 4194304 164 0 14 0 2 3 0 0 20 0 6 0 435 383217664 3789 18446744073709551615 187649993093120 187649993192480 281474680888128 0 0 0 0 4 16386 1 0 0 17 1 0 0 0 0 0 187649993197792 187649993199648 187649993203712 281474680888865 281474680889178 281474680889178 281474680889312 0
THREAD 143 (mosquitto loop) R 121 121 119 52288 121 4194368 5 0 0 0 503 784 0 0 20 0 6 0 439 383217664 3789 18446744073709551615 187649993093120 187649993192480 281474680888128 0 0 0 0 4 16386 0 0 0 -1 1 0 0 0 0 0 187649993197792 187649993199648 187649993203712 281474680888865 281474680889178 281474680889178 281474680889312 0
THREAD 144 (mqmgateway_iot) S 121 121 119 52288 121 4194368 256 0 0 0 420 749 0 0 20 0 6 0 439 383217664 3789 18446744073709551615 187649993093120 187649993192480 281474680888128 0 0 0 0 4 16386 1 0 0 -1 0 0 0 0 0 0 187649993197792 187649993199648 187649993203712 281474680888865 281474680889178 281474680889178 281474680889312 0
THREAD 145 (mqmgateway_iot) R 121 121 119 52288 121 4194368 1404 0 0 0 479 200 0 0 20 0 6 0 439 383217664 3789 18446744073709551615 187649993093120 187649993192480 281474680888128 0 0 0 0 4 16386 0 0 0 -1 1 0 0 0 0 0 187649993197792 187649993199648 187649993203712 281474680888865 281474680889178 281474680889178 281474680889312 0
THREAD 146 (mqmgateway_iot) R 121 121 119 52288 121 4194368 1353 0 0 0 476 197 0 0 20 0 6 0 439 383217664 3789 18446744073709551615 187649993093120 187649993192480 281474680888128 0 0 0 0 4 16386 0 0 0 -1 1 0 0 0 0 0 187649993197792 187649993199648 187649993203712 281474680888865 281474680889178 281474680889178 281474680889312 0
THREAD 147 (mqmgateway_iot) S 121 121 119 52288 121 4194368 9 0 2 0 8 7 0 0 20 0 6 0 439 383217664 3789 18446744073709551615 187649993093120 187649993192480 281474680888128 0 0 0 0 4 16386 1 0 0 -1 0 0 0 0 0 0 187649993197792 187649993199648 187649993203712 281474680888865 281474680889178 281474680889178 281474680889312 0
PROCESS 139
139 (mosquitto) R 121 121 119 52288 121 4194560 264 0 0 0 828 1426 0 0 20 0 1 0 333 4313088 622 18446744073709551615 187650770165760 187650770408728 281474687500608 0 0 0 18947 4100 18947 0 0 0 17 1 0 0 0 0 0 187650770413824 187650770415784 187650770444288 281474687504138 281474687504222 281474687504222 281474687504356 0
VmHWM:	    2488 kB
VmRSS:	    2488 kB
Threads:	1
THREAD 139 (mosquitto) R 121 121 119 52288 121 4194560 264 0 0 0 829 1427 0 0 20 0 1 0 333 4313088 622 18446744073709551615 187650770165760 187650770408728 281474687500608 0 0 0 0 4100 18947 0 0 0 17 1 0 0 0 0 0 187650770413824 187650770415784 187650770444288 281474687504138 281474687504222 281474687504222 281474687504356 0
PROCESS 149
149 (mqmgateway_arm6) R 121 121 119 52288 121 4194304 1341 0 2 0 855 1874 0 0 20 0 2 0 546 85700608 1999 18446744073709551615 187650924277760 187650924313532 281474961302464 0 0 0 0 6 0 0 0 0 17 0 0 0 0 0 0 187650924317136 187650924318752 187650924322816 281474961305168 281474961305425 281474961305425 281474961305559 0
VmHWM:	    7996 kB
VmRSS:	    7996 kB
Threads:	2
THREAD 149 (mqmgateway_arm6) R 121 121 119 52288 121 4194304 1339 0 1 0 207 1119 0 0 20 0 2 0 546 85700608 1999 18446744073709551615 187650924277760 187650924313532 281474961302464 0 0 0 0 6 0 0 0 0 17 0 0 0 0 0 0 187650924317136 187650924318752 187650924322816 281474961305168 281474961305425 281474961305425 281474961305559 0
THREAD 153 (mosquitto loop) R 121 121 119 52288 121 4194368 2 0 1 0 523 885 0 0 20 0 2 0 550 85700608 1999 18446744073709551615 187650924277760 187650924313532 281474961302464 0 0 0 0 6 0 0 0 0 -1 1 0 0 0 0 0 187650924317136 187650924318752 187650924322816 281474961305168 281474961305425 281474961305425 281474961305559 0
SYSTEM cpu  3889 0 4642 1033 3 0 648 0 0 0
MemFree:          459852 kB
MemAvailable:     459448 kB
SwapFree:              0 kB
METRICS {"enqueued":186348,"dequeued":186348,"current_depth":0,"peak_depth":75,"rejected":0,"processing_latency_ms":0.339018,"published":186397,"publish_failures":0,"command_timeouts":0,"can_errors":0,"telemetry_qos":1,"mqtt_max_inflight":20,"pipeline_metrics_enabled":true,"can_pipeline":{"frames_read":186348,"parsed":186348,"rejected_frames":0,"read_errors":0,"parse":{"count":186348,"mean_us":7.55452,"max_us":5661.76,"p50_upper_us":4,"p95_upper_us":16,"p99_upper_us":128}},"telemetry_enqueued":186348,"telemetry_dequeued":186348,"telemetry_queue_wait":{"count":186348,"mean_us":337.189,"max_us":11761.8,"p50_upper_us":256,"p95_upper_us":2048,"p99_upper_us":4096},"command_queue_wait":{"count":0,"mean_us":0,"max_us":0,"p50_upper_us":0,"p95_upper_us":0,"p99_upper_us":0},"telemetry_worker_before_publish":{"count":186348,"mean_us":30.7794,"max_us":14290.8,"p50_upper_us":32,"p95_upper_us":128,"p99_upper_us":256},"mqtt_pipeline":{"publish_calls":186397,"publish_accepted":186397,"publish_api_errors":0,"puback_received":53822,"qos0_local_completed":0,"telemetry_accepted":186348,"telemetry_puback_received":53805,"pending_tracked":4096,"pending_peak":4096,"oldest_pending_us":9.31568e+06,"tracking_dropped":128479,"unmatched_callbacks":95306,"tracking_complete":false,"publish_api":{"count":186397,"mean_us":15.936,"max_us":10532,"p50_upper_us":8,"p95_upper_us":64,"p99_upper_us":256},"telemetry_puback":{"count":53805,"mean_us":3.03932e+06,"max_us":9.31218e+06,"p50_upper_us":2.09715e+06,"p95_upper_us":8.38861e+06,"p99_upper_us":9.31218e+06}}}
SAMPLE 57.85
PROCESS 141
141 (mqmgateway_iot) S 121 121 119 52288 121 4194304 3490 0 16 0 2105 2219 0 0 20 0 6 0 435 383217664 4077 18446744073709551615 187649993093120 187649993192480 281474680888128 0 0 0 0 4 16386 0 0 0 17 1 0 0 0 0 0 187649993197792 187649993199648 187649993203712 281474680888865 281474680889178 281474680889178 281474680889312 0
VmHWM:	   16436 kB
VmRSS:	   16436 kB
Threads:	6
THREAD 141 (mqmgateway_iot) S 121 121 119 52288 121 4194304 164 0 14 0 2 3 0 0 20 0 6 0 435 383217664 4109 18446744073709551615 187649993093120 187649993192480 281474680888128 0 0 0 0 4 16386 1 0 0 17 1 0 0 0 0 0 187649993197792 187649993199648 187649993203712 281474680888865 281474680889178 281474680889178 281474680889312 0
THREAD 143 (mosquitto loop) R 121 121 119 52288 121 4194368 5 0 0 0 563 875 0 0 20 0 6 0 439 383217664 4109 18446744073709551615 187649993093120 187649993192480 281474680888128 0 0 0 0 4 16386 0 0 0 -1 1 0 0 0 0 0 187649993197792 187649993199648 187649993203712 281474680888865 281474680889178 281474680889178 281474680889312 0
THREAD 144 (mqmgateway_iot) S 121 121 119 52288 121 4194368 277 0 0 0 475 859 0 0 20 0 6 0 439 383217664 4109 18446744073709551615 187649993093120 187649993192480 281474680888128 0 0 0 0 4 16386 1 0 0 -1 0 0 0 0 0 0 187649993197792 187649993199648 187649993203712 281474680888865 281474680889178 281474680889178 281474680889312 0
THREAD 145 (mqmgateway_iot) S 121 121 119 52288 121 4194368 1524 0 0 0 543 230 0 0 20 0 6 0 439 383217664 4109 18446744073709551615 187649993093120 187649993192480 281474680888128 0 0 0 0 4 16386 1 0 0 -1 1 0 0 0 0 0 187649993197792 187649993199648 187649993203712 281474680888865 281474680889178 281474680889178 281474680889312 0
THREAD 146 (mqmgateway_iot) S 121 121 119 52288 121 4194368 1539 0 0 0 542 225 0 0 20 0 6 0 439 383217664 4109 18446744073709551615 187649993093120 187649993192480 281474680888128 0 0 0 0 4 16386 1 0 0 -1 0 0 0 0 0 0 187649993197792 187649993199648 187649993203712 281474680888865 281474680889178 281474680889178 281474680889312 0
THREAD 147 (mqmgateway_iot) S 121 121 119 52288 121 4194368 9 0 2 0 8 9 0 0 20 0 6 0 439 383217664 4109 18446744073709551615 187649993093120 187649993192480 281474680888128 0 0 0 0 4 16386 1 0 0 -1 1 0 0 0 0 0 187649993197792 187649993199648 187649993203712 281474680888865 281474680889178 281474680889178 281474680889312 0
PROCESS 139
139 (mosquitto) R 121 121 119 52288 121 4194560 264 0 0 0 925 1584 0 0 20 0 1 0 333 4313088 622 18446744073709551615 187650770165760 187650770408728 281474687500608 0 0 0 18947 4100 18947 0 0 0 17 1 0 0 0 0 0 187650770413824 187650770415784 187650770444288 281474687504138 281474687504222 281474687504222 281474687504356 0
VmHWM:	    2488 kB
VmRSS:	    2488 kB
Threads:	1
THREAD 139 (mosquitto) R 121 121 119 52288 121 4194560 264 0 0 0 926 1587 0 0 20 0 1 0 333 4313088 622 18446744073709551615 187650770165760 187650770408728 281474687500608 0 0 0 18947 4100 18947 0 0 0 17 1 0 0 0 0 0 187650770413824 187650770415784 187650770444288 281474687504138 281474687504222 281474687504222 281474687504356 0
PROCESS 149
149 (mqmgateway_arm6) R 121 121 119 52288 121 4194304 1341 0 2 0 968 2097 0 0 20 0 2 0 546 85700608 1999 18446744073709551615 187650924277760 187650924313532 281474961302464 0 0 0 0 6 0 0 0 0 17 0 0 0 0 0 0 187650924317136 187650924318752 187650924322816 281474961305168 281474961305425 281474961305425 281474961305559 0
VmHWM:	    7996 kB
VmRSS:	    7996 kB
Threads:	2
THREAD 149 (mqmgateway_arm6) S 121 121 119 52288 121 4194304 1339 0 1 0 241 1261 0 0 20 0 2 0 546 85700608 1999 18446744073709551615 187650924277760 187650924313532 281474961302464 0 0 0 0 6 0 1 0 0 17 0 0 0 0 0 0 187650924317136 187650924318752 187650924322816 281474961305168 281474961305425 281474961305425 281474961305559 0
THREAD 153 (mosquitto loop) S 121 121 119 52288 121 4194368 2 0 1 0 587 981 0 0 20 0 2 0 550 85700608 1999 18446744073709551615 187650924277760 187650924313532 281474961302464 0 0 0 0 6 0 1 0 0 -1 0 0 0 0 0 0 187650924317136 187650924318752 187650924322816 281474961305168 281474961305425 281474961305425 281474961305559 0
SYSTEM cpu  4378 0 5209 1044 3 0 709 0 0 0
MemFree:          457744 kB
MemAvailable:     457344 kB
SwapFree:              0 kB
METRICS {"enqueued":210646,"dequeued":210646,"current_depth":0,"peak_depth":75,"rejected":0,"processing_latency_ms":0.324152,"published":210701,"publish_failures":0,"command_timeouts":0,"can_errors":0,"telemetry_qos":1,"mqtt_max_inflight":20,"pipeline_metrics_enabled":true,"can_pipeline":{"frames_read":210652,"parsed":210652,"rejected_frames":0,"read_errors":0,"parse":{"count":210652,"mean_us":7.66882,"max_us":5661.76,"p50_upper_us":4,"p95_upper_us":16,"p99_upper_us":128}},"telemetry_enqueued":210652,"telemetry_dequeued":210647,"telemetry_queue_wait":{"count":210647,"mean_us":322.331,"max_us":11761.8,"p50_upper_us":256,"p95_upper_us":2048,"p99_upper_us":4096},"command_queue_wait":{"count":0,"mean_us":0,"max_us":0,"p50_upper_us":0,"p95_upper_us":0,"p99_upper_us":0},"telemetry_worker_before_publish":{"count":210647,"mean_us":31.0347,"max_us":14290.8,"p50_upper_us":32,"p95_upper_us":128,"p99_upper_us":256},"mqtt_pipeline":{"publish_calls":210702,"publish_accepted":210702,"publish_api_errors":0,"puback_received":56188,"qos0_local_completed":0,"telemetry_accepted":210647,"telemetry_puback_received":56171,"pending_tracked":4096,"pending_peak":4096,"oldest_pending_us":1.04278e+07,"tracking_dropped":150418,"unmatched_callbacks":112768,"tracking_complete":false,"publish_api":{"count":210702,"mean_us":15.9156,"max_us":10532,"p50_upper_us":8,"p95_upper_us":64,"p99_upper_us":256},"telemetry_puback":{"count":56171,"mean_us":3.3272e+06,"max_us":1.04136e+07,"p50_upper_us":4.1943e+06,"p95_upper_us":1.04136e+07,"p99_upper_us":1.04136e+07}}}
SAMPLE 63.75
PROCESS 141
141 (mqmgateway_iot) S 121 121 119 52288 121 4194304 3869 0 16 0 2370 2492 0 0 20 0 6 0 435 383217664 4493 18446744073709551615 187649993093120 187649993192480 281474680888128 0 0 0 0 4 16386 0 0 0 17 1 0 0 0 0 0 187649993197792 187649993199648 187649993203712 281474680888865 281474680889178 281474680889178 281474680889312 0
VmHWM:	   17972 kB
VmRSS:	   17972 kB
Threads:	6
THREAD 141 (mqmgateway_iot) S 121 121 119 52288 121 4194304 164 0 14 0 2 4 0 0 20 0 6 0 435 383217664 4493 18446744073709551615 187649993093120 187649993192480 281474680888128 0 0 0 0 4 16386 1 0 0 17 1 0 0 0 0 0 187649993197792 187649993199648 187649993203712 281474680888865 281474680889178 281474680889178 281474680889312 0
THREAD 143 (mosquitto loop) S 121 121 119 52288 121 4194368 5 0 0 0 624 967 0 0 20 0 6 0 439 383217664 4525 18446744073709551615 187649993093120 187649993192480 281474680888128 0 0 0 0 4 16386 1 0 0 -1 1 0 0 0 0 0 187649993197792 187649993199648 187649993203712 281474680888865 281474680889178 281474680889178 281474680889312 0
THREAD 144 (mqmgateway_iot) R 121 121 119 52288 121 4194368 305 0 0 0 535 981 0 0 20 0 6 0 439 383217664 4525 18446744073709551615 187649993093120 187649993192480 281474680888128 0 0 0 0 4 16386 0 0 0 -1 0 0 0 0 0 0 187649993197792 187649993199648 187649993203712 281474680888865 281474680889178 281474680889178 281474680889312 0
THREAD 145 (mqmgateway_iot) R 121 121 119 52288 121 4194368 1690 0 0 0 609 264 0 0 20 0 6 0 439 383217664 4525 18446744073709551615 187649993093120 187649993192480 281474680888128 0 0 0 0 4 16386 0 0 0 -1 1 0 0 0 0 0 187649993197792 187649993199648 187649993203712 281474680888865 281474680889178 281474680889178 281474680889312 0
THREAD 146 (mqmgateway_iot) S 121 121 119 52288 121 4194368 1735 0 0 0 616 254 0 0 20 0 6 0 439 383217664 4525 18446744073709551615 187649993093120 187649993192480 281474680888128 0 0 0 0 4 16386 1 0 0 -1 0 0 0 0 0 0 187649993197792 187649993199648 187649993203712 281474680888865 281474680889178 281474680889178 281474680889312 0
THREAD 147 (mqmgateway_iot) S 121 121 119 52288 121 4194368 9 0 2 0 8 10 0 0 20 0 6 0 439 383217664 4525 18446744073709551615 187649993093120 187649993192480 281474680888128 0 0 0 0 4 16386 1 0 0 -1 1 0 0 0 0 0 187649993197792 187649993199648 187649993203712 281474680888865 281474680889178 281474680889178 281474680889312 0
PROCESS 139
139 (mosquitto) R 121 121 119 52288 121 4194560 264 0 0 0 1023 1737 0 0 20 0 1 0 333 4313088 622 18446744073709551615 187650770165760 187650770408728 281474687500608 0 0 0 0 4100 18947 0 0 0 17 0 0 0 0 0 0 187650770413824 187650770415784 187650770444288 281474687504138 281474687504222 281474687504222 281474687504356 0
VmHWM:	    2488 kB
VmRSS:	    2488 kB
Threads:	1
THREAD 139 (mosquitto) R 121 121 119 52288 121 4194560 264 0 0 0 1025 1739 0 0 20 0 1 0 333 4313088 622 18446744073709551615 187650770165760 187650770408728 281474687500608 0 0 0 0 4100 18947 0 0 0 17 0 0 0 0 0 0 187650770413824 187650770415784 187650770444288 281474687504138 281474687504222 281474687504222 281474687504356 0
PROCESS 149
149 (mqmgateway_arm6) S 121 121 119 52288 121 4194304 1341 0 2 0 1071 2331 0 0 20 0 2 0 546 85700608 1999 18446744073709551615 187650924277760 187650924313532 281474961302464 0 0 0 0 6 0 0 0 0 17 0 0 0 0 0 0 187650924317136 187650924318752 187650924322816 281474961305168 281474961305425 281474961305425 281474961305559 0
VmHWM:	    7996 kB
VmRSS:	    7996 kB
Threads:	2
THREAD 149 (mqmgateway_arm6) R 121 121 119 52288 121 4194304 1339 0 1 0 274 1405 0 0 20 0 2 0 546 85700608 1999 18446744073709551615 187650924277760 187650924313532 281474961302464 0 0 0 0 6 0 0 0 0 17 0 0 0 0 0 0 187650924317136 187650924318752 187650924322816 281474961305168 281474961305425 281474961305425 281474961305559 0
THREAD 153 (mosquitto loop) S 121 121 119 52288 121 4194368 2 0 1 0 645 1080 0 0 20 0 2 0 550 85700608 1999 18446744073709551615 187650924277760 187650924313532 281474961302464 0 0 0 0 6 0 1 0 0 -1 0 0 0 0 0 0 187650924317136 187650924318752 187650924322816 281474961305168 281474961305425 281474961305425 281474961305559 0
SYSTEM cpu  4865 0 5777 1053 3 0 759 0 0 0
MemFree:          456856 kB
MemAvailable:     456464 kB
SwapFree:              0 kB
METRICS {"enqueued":234943,"dequeued":234943,"current_depth":0,"peak_depth":75,"rejected":0,"processing_latency_ms":0.309597,"published":235004,"publish_failures":0,"command_timeouts":0,"can_errors":0,"telemetry_qos":1,"mqtt_max_inflight":20,"pipeline_metrics_enabled":true,"can_pipeline":{"frames_read":234943,"parsed":234943,"rejected_frames":0,"read_errors":0,"parse":{"count":234943,"mean_us":7.82742,"max_us":5661.76,"p50_upper_us":8,"p95_upper_us":16,"p99_upper_us":128}},"telemetry_enqueued":234943,"telemetry_dequeued":234943,"telemetry_queue_wait":{"count":234943,"mean_us":307.778,"max_us":11761.8,"p50_upper_us":256,"p95_upper_us":2048,"p99_upper_us":4096},"command_queue_wait":{"count":0,"mean_us":0,"max_us":0,"p50_upper_us":0,"p95_upper_us":0,"p99_upper_us":0},"telemetry_worker_before_publish":{"count":234943,"mean_us":31.3492,"max_us":14290.8,"p50_upper_us":32,"p95_upper_us":128,"p99_upper_us":256},"mqtt_pipeline":{"publish_calls":235004,"publish_accepted":235004,"publish_api_errors":0,"puback_received":58172,"qos0_local_completed":0,"telemetry_accepted":234943,"telemetry_puback_received":58154,"pending_tracked":4096,"pending_peak":4096,"oldest_pending_us":1.16701e+07,"tracking_dropped":172736,"unmatched_callbacks":130120,"tracking_complete":false,"publish_api":{"count":235004,"mean_us":16.0881,"max_us":10532,"p50_upper_us":8,"p95_upper_us":64,"p99_upper_us":256},"telemetry_puback":{"count":58154,"mean_us":3.59396e+06,"max_us":1.16851e+07,"p50_upper_us":4.1943e+06,"p95_upper_us":1.16851e+07,"p99_upper_us":1.16851e+07}}}
SAMPLE 69.53
PROCESS 141
141 (mqmgateway_iot) S 121 121 119 52288 121 4194304 3960 0 16 0 2503 2651 0 0 20 0 6 0 435 383217664 4557 18446744073709551615 187649993093120 187649993192480 281474680888128 0 0 0 0 4 16386 0 0 0 17 0 0 0 0 0 0 187649993197792 187649993199648 187649993203712 281474680888865 281474680889178 281474680889178 281474680889312 0
VmHWM:	   18228 kB
VmRSS:	   18228 kB
Threads:	6
THREAD 141 (mqmgateway_iot) S 121 121 119 52288 121 4194304 164 0 14 0 3 4 0 0 20 0 6 0 435 383217664 4557 18446744073709551615 187649993093120 187649993192480 281474680888128 0 0 0 0 4 16386 1 0 0 17 0 0 0 0 0 0 187649993197792 187649993199648 187649993203712 281474680888865 281474680889178 281474680889178 281474680889312 0
THREAD 143 (mosquitto loop) R 121 121 119 52288 121 4194368 5 0 0 0 714 1095 0 0 20 0 6 0 439 383217664 4557 18446744073709551615 187649993093120 187649993192480 281474680888128 0 0 0 0 4 16386 0 0 0 -1 1 0 0 0 0 0 187649993197792 187649993199648 187649993203712 281474680888865 281474680889178 281474680889178 281474680889312 0
THREAD 144 (mqmgateway_iot) S 121 121 119 52288 121 4194368 312 0 0 0 546 999 0 0 20 0 6 0 439 383217664 4557 18446744073709551615 187649993093120 187649993192480 281474680888128 0 0 0 0 4 16386 1 0 0 -1 1 0 0 0 0 0 187649993197792 187649993199648 187649993203712 281474680888865 281474680889178 281474680889178 281474680889312 0
THREAD 145 (mqmgateway_iot) S 121 121 119 52288 121 4194368 1719 0 0 0 619 269 0 0 20 0 6 0 439 383217664 4557 18446744073709551615 187649993093120 187649993192480 281474680888128 0 0 0 0 4 16386 1 0 0 -1 1 0 0 0 0 0 187649993197792 187649993199648 187649993203712 281474680888865 281474680889178 281474680889178 281474680889312 0
THREAD 146 (mqmgateway_iot) S 121 121 119 52288 121 4194368 1751 0 0 0 626 258 0 0 20 0 6 0 439 383217664 4557 18446744073709551615 187649993093120 187649993192480 281474680888128 0 0 0 0 4 16386 1 0 0 -1 1 0 0 0 0 0 187649993197792 187649993199648 187649993203712 281474680888865 281474680889178 281474680889178 281474680889312 0
THREAD 147 (mqmgateway_iot) S 121 121 119 52288 121 4194368 9 0 2 0 9 12 0 0 20 0 6 0 439 383217664 4557 18446744073709551615 187649993093120 187649993192480 281474680888128 0 0 0 0 4 16386 1 0 0 -1 1 0 0 0 0 0 187649993197792 187649993199648 187649993203712 281474680888865 281474680889178 281474680889178 281474680889312 0
PROCESS 139
139 (mosquitto) R 121 121 119 52288 121 4194560 264 0 0 0 1182 2005 0 0 20 0 1 0 333 4313088 622 18446744073709551615 187650770165760 187650770408728 281474687500608 0 0 0 0 4100 18947 0 0 0 17 1 0 0 0 0 0 187650770413824 187650770415784 187650770444288 281474687504138 281474687504222 281474687504222 281474687504356 0
VmHWM:	    2488 kB
VmRSS:	    2488 kB
Threads:	1
THREAD 139 (mosquitto) R 121 121 119 52288 121 4194560 264 0 0 0 1183 2007 0 0 20 0 1 0 333 4313088 622 18446744073709551615 187650770165760 187650770408728 281474687500608 0 0 0 0 4100 18947 0 0 0 17 1 0 0 0 0 0 187650770413824 187650770415784 187650770444288 281474687504138 281474687504222 281474687504222 281474687504356 0
PROCESS 149
149 (mqmgateway_arm6) S 121 121 119 52288 121 4194304 1341 0 2 0 1177 2510 0 0 20 0 2 0 546 85700608 1999 18446744073709551615 187650924277760 187650924313532 281474961302464 0 0 0 0 6 0 0 0 0 17 1 0 0 0 0 0 187650924317136 187650924318752 187650924322816 281474961305168 281474961305425 281474961305425 281474961305559 0
VmHWM:	    7996 kB
VmRSS:	    7996 kB
Threads:	2
THREAD 149 (mqmgateway_arm6) S 121 121 119 52288 121 4194304 1339 0 1 0 281 1432 0 0 20 0 2 0 546 85700608 1999 18446744073709551615 187650924277760 187650924313532 281474961302464 0 0 0 0 6 0 1 0 0 17 1 0 0 0 0 0 187650924317136 187650924318752 187650924322816 281474961305168 281474961305425 281474961305425 281474961305559 0
THREAD 153 (mosquitto loop) S 121 121 119 52288 121 4194368 2 0 1 0 736 1240 0 0 20 0 2 0 550 85700608 1999 18446744073709551615 187650924277760 187650924313532 281474961302464 0 0 0 0 6 0 1 0 0 -1 1 0 0 0 0 0 187650924317136 187650924318752 187650924322816 281474961305168 281474961305425 281474961305425 281474961305559 0
SYSTEM cpu  5246 0 6267 1148 3 0 867 0 0 0
MemFree:          456636 kB
MemAvailable:     456252 kB
SwapFree:              0 kB
METRICS {"enqueued":239993,"dequeued":239993,"current_depth":0,"peak_depth":75,"rejected":0,"processing_latency_ms":0.312349,"published":240059,"publish_failures":0,"command_timeouts":0,"can_errors":0,"telemetry_qos":1,"mqtt_max_inflight":20,"pipeline_metrics_enabled":true,"can_pipeline":{"frames_read":239993,"parsed":239993,"rejected_frames":0,"read_errors":0,"parse":{"count":239993,"mean_us":7.75597,"max_us":5661.76,"p50_upper_us":4,"p95_upper_us":16,"p99_upper_us":128}},"telemetry_enqueued":239993,"telemetry_dequeued":239993,"telemetry_queue_wait":{"count":239993,"mean_us":310.544,"max_us":11761.8,"p50_upper_us":256,"p95_upper_us":2048,"p99_upper_us":4096},"command_queue_wait":{"count":0,"mean_us":0,"max_us":0,"p50_upper_us":0,"p95_upper_us":0,"p99_upper_us":0},"telemetry_worker_before_publish":{"count":239993,"mean_us":31.1469,"max_us":14290.8,"p50_upper_us":32,"p95_upper_us":128,"p99_upper_us":256},"mqtt_pipeline":{"publish_calls":240059,"publish_accepted":240059,"publish_api_errors":0,"puback_received":60744,"qos0_local_completed":0,"telemetry_accepted":239993,"telemetry_puback_received":60726,"pending_tracked":1866,"pending_peak":4096,"oldest_pending_us":8.97884e+06,"tracking_dropped":177449,"unmatched_callbacks":158594,"tracking_complete":false,"publish_api":{"count":240059,"mean_us":15.8999,"max_us":10532,"p50_upper_us":8,"p95_upper_us":64,"p99_upper_us":256},"telemetry_puback":{"count":60726,"mean_us":3.88855e+06,"max_us":1.18188e+07,"p50_upper_us":4.1943e+06,"p95_upper_us":1.18188e+07,"p99_upper_us":1.18188e+07}}}
