PIDS gateway=142 broker=140 probe=149
CLK_TCK=100 (Linux USER_HZ fallback=100 if getconf unavailable)
SAMPLE 5.32
PROCESS 142
142 (mqmgateway_iot) S 122 122 120 52288 122 4194304 177 0 16 0 3 3 0 0 20 0 5 0 418 173436928 805 18446744073709551615 187650741432320 187650741531680 281474963155936 0 0 0 0 4 16386 0 0 0 17 1 0 0 0 0 0 187650741536992 187650741538848 187650741542912 281474963160609 281474963160922 281474963160922 281474963161056 0
VmHWM:	    3348 kB
VmRSS:	    3348 kB
Threads:	5
THREAD 142 (mqmgateway_iot) S 122 122 120 52288 122 4194304 163 0 14 0 2 1 0 0 20 0 5 0 418 307654656 837 18446744073709551615 187650741432320 187650741531680 281474963155936 0 0 0 0 4 16386 1 0 0 17 1 0 0 0 0 0 187650741536992 187650741538848 187650741542912 281474963160609 281474963160922 281474963160922 281474963161056 0
THREAD 144 (mosquitto loop) S 122 122 120 52288 122 4194368 5 0 0 0 2 0 0 0 20 0 5 0 422 307654656 837 18446744073709551615 187650741432320 187650741531680 281474963155936 0 0 0 0 4 16386 1 0 0 -1 0 0 0 0 0 0 187650741536992 187650741538848 187650741542912 281474963160609 281474963160922 281474963160922 281474963161056 0
THREAD 145 (mqmgateway_iot) R 122 122 120 52288 122 4194368 5 0 0 0 2 0 0 0 20 0 5 0 422 307654656 837 18446744073709551615 187650741432320 187650741531680 281474963155936 0 0 0 0 4 16386 0 0 0 -1 1 0 0 0 0 0 187650741536992 187650741538848 187650741542912 281474963160609 281474963160922 281474963160922 281474963161056 0
THREAD 146 (mqmgateway_iot) R 122 122 120 52288 122 4194368 18 0 0 0 3 0 0 0 20 0 5 0 422 307654656 837 18446744073709551615 187650741432320 187650741531680 281474963155936 0 0 0 0 4 16386 1 0 0 -1 1 0 0 0 0 0 187650741536992 187650741538848 187650741542912 281474963160609 281474963160922 281474963160922 281474963161056 0
THREAD 147 (mqmgateway_iot) S 122 122 120 52288 122 4194368 8 0 2 0 0 1 0 0 20 0 5 0 422 307654656 837 18446744073709551615 187650741432320 187650741531680 281474963155936 0 0 0 0 4 16386 1 0 0 -1 1 0 0 0 0 0 187650741536992 187650741538848 187650741542912 281474963160609 281474963160922 281474963160922 281474963161056 0
PROCESS 140
140 (mosquitto) R 122 122 120 52288 122 4194560 126 0 0 0 5 7 0 0 20 0 1 0 316 3772416 444 18446744073709551615 187650646818816 187650647061784 281474764166736 0 0 0 18947 4100 18947 0 0 0 17 0 0 0 0 0 0 187650647066880 187650647068840 187650647097344 281474764168970 281474764169054 281474764169054 281474764169188 0
VmHWM:	    1776 kB
VmRSS:	    1776 kB
Threads:	1
THREAD 140 (mosquitto) R 122 122 120 52288 122 4194560 126 0 0 0 6 9 0 0 20 0 1 0 316 3772416 444 18446744073709551615 187650646818816 187650647061784 281474764166736 0 0 0 18947 4100 18947 0 0 0 17 0 0 0 0 0 0 187650647066880 187650647068840 187650647097344 281474764168970 281474764169054 281474764169054 281474764169188 0
PROCESS 149
149 (mqmgateway_arm6) R 122 122 120 52288 122 4194304 829 0 2 0 9 11 0 0 20 0 2 0 528 85700608 1997 18446744073709551615 187650626711552 187650626747324 281474621871504 0 0 0 0 6 0 0 0 0 17 1 0 0 0 0 0 187650626750928 187650626752544 187650626756608 281474621873744 281474621874001 281474621874001 281474621874135 0
VmHWM:	    7988 kB
VmRSS:	    7988 kB
Threads:	2
THREAD 149 (mqmgateway_arm6) R 122 122 120 52288 122 4194304 827 0 1 0 6 9 0 0 20 0 2 0 528 85700608 1997 18446744073709551615 187650626711552 187650626747324 281474621871504 0 0 0 0 6 0 0 0 0 17 1 0 0 0 0 0 187650626750928 187650626752544 187650626756608 281474621873744 281474621874001 281474621874001 281474621874135 0
THREAD 153 (mosquitto loop) S 122 122 120 52288 122 4194368 2 0 1 0 4 6 0 0 20 0 2 0 533 85700608 1997 18446744073709551615 187650626711552 187650626747324 281474621871504 0 0 0 0 6 0 1 0 0 -1 0 0 0 0 0 0 187650626750928 187650626752544 187650626756608 281474621873744 281474621874001 281474621874001 281474621874135 0
SYSTEM cpu  187 0 114 814 1 0 8 0 0 0
MemFree:          981560 kB
MemAvailable:     951540 kB
SwapFree:              0 kB
METRICS {"enqueued":0,"dequeued":0,"current_depth":0,"peak_depth":0,"rejected":0,"processing_latency_ms":0,"published":3,"publish_failures":0,"command_timeouts":0,"can_errors":0,"telemetry_qos":1,"mqtt_max_inflight":20,"pipeline_metrics_enabled":true,"can_pipeline":{"frames_read":0,"parsed":0,"rejected_frames":0,"read_errors":0,"parse":{"count":0,"mean_us":0,"max_us":0,"p50_upper_us":0,"p95_upper_us":0,"p99_upper_us":0}},"telemetry_enqueued":0,"telemetry_dequeued":0,"telemetry_queue_wait":{"count":0,"mean_us":0,"max_us":0,"p50_upper_us":0,"p95_upper_us":0,"p99_upper_us":0},"command_queue_wait":{"count":0,"mean_us":0,"max_us":0,"p50_upper_us":0,"p95_upper_us":0,"p99_upper_us":0},"telemetry_worker_before_publish":{"count":0,"mean_us":0,"max_us":0,"p50_upper_us":0,"p95_upper_us":0,"p99_upper_us":0},"mqtt_pipeline":{"publish_calls":3,"publish_accepted":3,"publish_api_errors":0,"puback_received":2,"qos0_local_completed":0,"telemetry_accepted":0,"telemetry_puback_received":0,"pending_tracked":1,"pending_peak":2,"oldest_pending_us":3250.86,"tracking_dropped":0,"unmatched_callbacks":0,"tracking_complete":true,"publish_api":{"count":3,"mean_us":376.901,"max_us":663.36,"p50_upper_us":512,"p95_upper_us":663.36,"p99_upper_us":663.36},"telemetry_puback":{"count":0,"mean_us":0,"max_us":0,"p50_upper_us":0,"p95_upper_us":0,"p99_upper_us":0}}}
SAMPLE 10.98
PROCESS 142
142 (mqmgateway_iot) S 122 122 120 52288 122 4194304 506 0 16 0 216 254 0 0 20 0 5 0 418 307654656 1157 18446744073709551615 187650741432320 187650741531680 281474963155936 0 0 0 0 4 16386 0 0 0 17 1 0 0 0 0 0 187650741536992 187650741538848 187650741542912 281474963160609 281474963160922 281474963160922 281474963161056 0
VmHWM:	    4628 kB
VmRSS:	    4628 kB
Threads:	5
THREAD 142 (mqmgateway_iot) S 122 122 120 52288 122 4194304 163 0 14 0 2 1 0 0 20 0 5 0 418 307654656 1157 18446744073709551615 187650741432320 187650741531680 281474963155936 0 0 0 0 4 16386 1 0 0 17 1 0 0 0 0 0 187650741536992 187650741538848 187650741542912 281474963160609 281474963160922 281474963160922 281474963161056 0
THREAD 144 (mosquitto loop) R 122 122 120 52288 122 4194368 5 0 0 0 60 116 0 0 20 0 5 0 422 307654656 1157 18446744073709551615 187650741432320 187650741531680 281474963155936 0 0 0 0 4 16386 0 0 0 -1 0 0 0 0 0 0 187650741536992 187650741538848 187650741542912 281474963160609 281474963160922 281474963160922 281474963161056 0
THREAD 145 (mqmgateway_iot) S 122 122 120 52288 122 4194368 34 0 0 0 62 87 0 0 20 0 5 0 422 307654656 1157 18446744073709551615 187650741432320 187650741531680 281474963155936 0 0 0 0 4 16386 1 0 0 -1 0 0 0 0 0 0 187650741536992 187650741538848 187650741542912 281474963160609 281474963160922 281474963160922 281474963161056 0
THREAD 146 (mqmgateway_iot) R 122 122 120 52288 122 4194368 311 0 0 0 111 34 0 0 20 0 5 0 422 307654656 1157 18446744073709551615 187650741432320 187650741531680 281474963155936 0 0 0 0 4 16386 0 0 0 -1 1 0 0 0 0 0 187650741536992 187650741538848 187650741542912 281474963160609 281474963160922 281474963160922 281474963161056 0
THREAD 147 (mqmgateway_iot) S 122 122 120 52288 122 4194368 8 0 2 0 0 2 0 0 20 0 5 0 422 307654656 1157 18446744073709551615 187650741432320 187650741531680 281474963155936 0 0 0 0 4 16386 1 0 0 -1 1 0 0 0 0 0 187650741536992 187650741538848 187650741542912 281474963160609 281474963160922 281474963160922 281474963161056 0
PROCESS 140
140 (mosquitto) R 122 122 120 52288 122 4194560 262 0 0 0 106 187 0 0 20 0 1 0 316 4313088 572 18446744073709551615 187650646818816 187650647061784 281474764166736 0 0 0 0 4100 18947 0 0 0 17 0 0 0 0 0 0 187650647066880 187650647068840 187650647097344 281474764168970 281474764169054 281474764169054 281474764169188 0
VmHWM:	    2288 kB
VmRSS:	    2288 kB
Threads:	1
THREAD 140 (mosquitto) R 122 122 120 52288 122 4194560 262 0 0 0 108 189 0 0 20 0 1 0 316 4313088 572 18446744073709551615 187650646818816 187650647061784 281474764166736 0 0 0 0 4100 18947 0 0 0 17 0 0 0 0 0 0 187650647066880 187650647068840 187650647097344 281474764168970 281474764169054 281474764169054 281474764169188 0
PROCESS 149
149 (mqmgateway_arm6) R 122 122 120 52288 122 4194304 829 0 2 0 99 241 0 0 20 0 2 0 528 85700608 1997 18446744073709551615 187650626711552 187650626747324 281474621871504 0 0 0 0 6 0 0 0 0 17 1 0 0 0 0 0 187650626750928 187650626752544 187650626756608 281474621873744 281474621874001 281474621874001 281474621874135 0
VmHWM:	    7988 kB
VmRSS:	    7988 kB
Threads:	2
THREAD 149 (mqmgateway_arm6) R 122 122 120 52288 122 4194304 827 0 1 0 27 165 0 0 20 0 2 0 528 85700608 1997 18446744073709551615 187650626711552 187650626747324 281474621871504 0 0 0 0 6 0 0 0 0 17 1 0 0 0 0 0 187650626750928 187650626752544 187650626756608 281474621873744 281474621874001 281474621874001 281474621874135 0
THREAD 153 (mosquitto loop) R 122 122 120 52288 122 4194368 2 0 1 0 56 97 0 0 20 0 2 0 533 85700608 1997 18446744073709551615 187650626711552 187650626747324 281474621871504 0 0 0 0 6 0 0 0 0 -1 1 0 0 0 0 0 187650626750928 187650626752544 187650626756608 281474621873744 281474621874001 281474621874001 281474621874135 0
SYSTEM cpu  615 0 661 848 1 0 89 0 0 0
MemFree:          979352 kB
MemAvailable:     949336 kB
SwapFree:              0 kB
METRICS {"enqueued":23841,"dequeued":23820,"current_depth":21,"peak_depth":33,"rejected":0,"processing_latency_ms":0.721822,"published":23828,"publish_failures":0,"command_timeouts":0,"can_errors":0,"telemetry_qos":1,"mqtt_max_inflight":20,"pipeline_metrics_enabled":true,"can_pipeline":{"frames_read":23841,"parsed":23841,"rejected_frames":0,"read_errors":0,"parse":{"count":23841,"mean_us":8.65818,"max_us":2113.78,"p50_upper_us":8,"p95_upper_us":16,"p99_upper_us":128}},"telemetry_enqueued":23841,"telemetry_dequeued":23819,"telemetry_queue_wait":{"count":23819,"mean_us":719.956,"max_us":6866.48,"p50_upper_us":256,"p95_upper_us":4096,"p99_upper_us":6866.48},"command_queue_wait":{"count":0,"mean_us":0,"max_us":0,"p50_upper_us":0,"p95_upper_us":0,"p99_upper_us":0},"telemetry_worker_before_publish":{"count":23819,"mean_us":25.318,"max_us":2988.08,"p50_upper_us":16,"p95_upper_us":64,"p99_upper_us":256},"mqtt_pipeline":{"publish_calls":23828,"publish_accepted":23828,"publish_api_errors":0,"puback_received":20217,"qos0_local_completed":0,"telemetry_accepted":23819,"telemetry_puback_received":20209,"pending_tracked":3611,"pending_peak":3618,"oldest_pending_us":908822,"tracking_dropped":0,"unmatched_callbacks":0,"tracking_complete":true,"publish_api":{"count":23828,"mean_us":17.4816,"max_us":3735.89,"p50_upper_us":4,"p95_upper_us":64,"p99_upper_us":256},"telemetry_puback":{"count":20209,"mean_us":409396,"max_us":905336,"p50_upper_us":524288,"p95_upper_us":905336,"p99_upper_us":905336}}}
SAMPLE 16.73
PROCESS 142
142 (mqmgateway_iot) S 122 122 120 52288 122 4194304 732 0 16 0 426 481 0 0 20 0 5 0 418 307654656 1349 18446744073709551615 187650741432320 187650741531680 281474963155936 0 0 0 0 4 16386 0 0 0 17 0 0 0 0 0 0 187650741536992 187650741538848 187650741542912 281474963160609 281474963160922 281474963160922 281474963161056 0
VmHWM:	    5396 kB
VmRSS:	    5396 kB
Threads:	5
THREAD 142 (mqmgateway_iot) S 122 122 120 52288 122 4194304 163 0 14 0 2 1 0 0 20 0 5 0 418 307654656 1349 18446744073709551615 187650741432320 187650741531680 281474963155936 0 0 0 0 4 16386 1 0 0 17 0 0 0 0 0 0 187650741536992 187650741538848 187650741542912 281474963160609 281474963160922 281474963160922 281474963161056 0
THREAD 144 (mosquitto loop) R 122 122 120 52288 122 4194368 5 0 0 0 122 219 0 0 20 0 5 0 422 307654656 1381 18446744073709551615 187650741432320 187650741531680 281474963155936 0 0 0 0 4 16386 0 0 0 -1 1 0 0 0 0 0 187650741536992 187650741538848 187650741542912 281474963160609 281474963160922 281474963160922 281474963161056 0
THREAD 145 (mqmgateway_iot) R 122 122 120 52288 122 4194368 51 0 0 0 113 175 0 0 20 0 5 0 422 307654656 1381 18446744073709551615 187650741432320 187650741531680 281474963155936 0 0 0 0 4 16386 0 0 0 -1 0 0 0 0 0 0 187650741536992 187650741538848 187650741542912 281474963160609 281474963160922 281474963160922 281474963161056 0
THREAD 146 (mqmgateway_iot) R 122 122 120 52288 122 4194368 523 0 0 0 208 72 0 0 20 0 5 0 422 307654656 1381 18446744073709551615 187650741432320 187650741531680 281474963155936 0 0 0 0 4 16386 0 0 0 -1 0 0 0 0 0 0 187650741536992 187650741538848 187650741542912 281474963160609 281474963160922 281474963160922 281474963161056 0
THREAD 147 (mqmgateway_iot) S 122 122 120 52288 122 4194368 8 0 2 0 0 4 0 0 20 0 5 0 422 307654656 1381 18446744073709551615 187650741432320 187650741531680 281474963155936 0 0 0 0 4 16386 1 0 0 -1 1 0 0 0 0 0 187650741536992 187650741538848 187650741542912 281474963160609 281474963160922 281474963160922 281474963161056 0
PROCESS 140
140 (mosquitto) R 122 122 120 52288 122 4194560 262 0 0 0 205 377 0 0 20 0 1 0 316 4313088 572 18446744073709551615 187650646818816 187650647061784 281474764166736 0 0 0 18947 4100 18947 0 0 0 17 1 0 0 0 0 0 187650647066880 187650647068840 187650647097344 281474764168970 281474764169054 281474764169054 281474764169188 0
VmHWM:	    2288 kB
VmRSS:	    2288 kB
Threads:	1
THREAD 140 (mosquitto) R 122 122 120 52288 122 4194560 262 0 0 0 206 380 0 0 20 0 1 0 316 4313088 572 18446744073709551615 187650646818816 187650647061784 281474764166736 0 0 0 18947 4100 18947 0 0 0 17 1 0 0 0 0 0 187650647066880 187650647068840 187650647097344 281474764168970 281474764169054 281474764169054 281474764169188 0
PROCESS 149
149 (mqmgateway_arm6) R 122 122 120 52288 122 4194304 829 0 2 0 205 483 0 0 20 0 2 0 528 85700608 1997 18446744073709551615 187650626711552 187650626747324 281474621871504 0 0 0 0 6 0 0 0 0 17 0 0 0 0 0 0 187650626750928 187650626752544 187650626756608 281474621873744 281474621874001 281474621874001 281474621874135 0
VmHWM:	    7988 kB
VmRSS:	    7988 kB
Threads:	2
THREAD 149 (mqmgateway_arm6) R 122 122 120 52288 122 4194304 827 0 1 0 53 305 0 0 20 0 2 0 528 85700608 1997 18446744073709551615 187650626711552 187650626747324 281474621871504 0 0 0 0 6 0 0 0 0 17 0 0 0 0 0 0 187650626750928 187650626752544 187650626756608 281474621873744 281474621874001 281474621874001 281474621874135 0
THREAD 153 (mosquitto loop) R 122 122 120 52288 122 4194368 2 0 1 0 118 217 0 0 20 0 2 0 533 85700608 1997 18446744073709551615 187650626711552 187650626747324 281474621871504 0 0 0 0 6 0 0 0 0 -1 0 0 0 0 0 0 187650626750928 187650626752544 187650626756608 281474621873744 281474621874001 281474621874001 281474621874135 0
SYSTEM cpu  1056 0 1211 878 1 0 172 0 0 0
MemFree:          978044 kB
MemAvailable:     948032 kB
SwapFree:              0 kB
METRICS {"enqueued":48091,"dequeued":48091,"current_depth":0,"peak_depth":36,"rejected":0,"processing_latency_ms":0.540566,"published":48106,"publish_failures":0,"command_timeouts":0,"can_errors":0,"telemetry_qos":1,"mqtt_max_inflight":20,"pipeline_metrics_enabled":true,"can_pipeline":{"frames_read":48095,"parsed":48095,"rejected_frames":0,"read_errors":0,"parse":{"count":48095,"mean_us":8.02826,"max_us":4154.14,"p50_upper_us":8,"p95_upper_us":16,"p99_upper_us":256}},"telemetry_enqueued":48095,"telemetry_dequeued":48091,"telemetry_queue_wait":{"count":48091,"mean_us":538.773,"max_us":7622.86,"p50_upper_us":256,"p95_upper_us":4096,"p99_upper_us":4096},"command_queue_wait":{"count":0,"mean_us":0,"max_us":0,"p50_upper_us":0,"p95_upper_us":0,"p99_upper_us":0},"telemetry_worker_before_publish":{"count":48091,"mean_us":27.3067,"max_us":3295.06,"p50_upper_us":16,"p95_upper_us":64,"p99_upper_us":256},"mqtt_pipeline":{"publish_calls":48106,"publish_accepted":48106,"publish_api_errors":0,"puback_received":38898,"qos0_local_completed":0,"telemetry_accepted":48091,"telemetry_puback_received":38885,"pending_tracked":4096,"pending_peak":4096,"oldest_pending_us":1.73389e+06,"tracking_dropped":5112,"unmatched_callbacks":2274,"tracking_complete":false,"publish_api":{"count":48106,"mean_us":15.9657,"max_us":4221.92,"p50_upper_us":4,"p95_upper_us":64,"p99_upper_us":256},"telemetry_puback":{"count":38885,"mean_us":790283,"max_us":1.73348e+06,"p50_upper_us":1.04858e+06,"p95_upper_us":1.73348e+06,"p99_upper_us":1.73348e+06}}}
SAMPLE 22.48
PROCESS 142
142 (mqmgateway_iot) S 122 122 120 52288 122 4194304 1123 0 16 0 641 722 0 0 20 0 5 0 418 307654656 1765 18446744073709551615 187650741432320 187650741531680 281474963155936 0 0 0 0 4 16386 0 0 0 17 0 0 0 0 0 0 187650741536992 187650741538848 187650741542912 281474963160609 281474963160922 281474963160922 281474963161056 0
VmHWM:	    7060 kB
VmRSS:	    7060 kB
Threads:	5
THREAD 142 (mqmgateway_iot) S 122 122 120 52288 122 4194304 163 0 14 0 2 1 0 0 20 0 5 0 418 307654656 1765 18446744073709551615 187650741432320 187650741531680 281474963155936 0 0 0 0 4 16386 1 0 0 17 0 0 0 0 0 0 187650741536992 187650741538848 187650741542912 281474963160609 281474963160922 281474963160922 281474963161056 0
THREAD 144 (mosquitto loop) S 122 122 120 52288 122 4194368 5 0 0 0 182 321 0 0 20 0 5 0 422 307654656 1765 18446744073709551615 187650741432320 187650741531680 281474963155936 0 0 0 0 4 16386 1 0 0 -1 1 0 0 0 0 0 187650741536992 187650741538848 187650741542912 281474963160609 281474963160922 281474963160922 281474963161056 0
THREAD 145 (mqmgateway_iot) S 122 122 120 52288 122 4194368 88 0 0 0 168 268 0 0 20 0 5 0 422 307654656 1797 18446744073709551615 187650741432320 187650741531680 281474963155936 0 0 0 0 4 16386 1 0 0 -1 1 0 0 0 0 0 187650741536992 187650741538848 187650741542912 281474963160609 281474963160922 281474963160922 281474963161056 0
THREAD 146 (mqmgateway_iot) S 122 122 120 52288 122 4194368 874 0 0 0 314 108 0 0 20 0 5 0 422 307654656 1797 18446744073709551615 187650741432320 187650741531680 281474963155936 0 0 0 0 4 16386 1 0 0 -1 0 0 0 0 0 0 187650741536992 187650741538848 187650741542912 281474963160609 281474963160922 281474963160922 281474963161056 0
THREAD 147 (mqmgateway_iot) S 122 122 120 52288 122 4194368 8 0 2 0 1 5 0 0 20 0 5 0 422 307654656 1797 18446744073709551615 187650741432320 187650741531680 281474963155936 0 0 0 0 4 16386 1 0 0 -1 0 0 0 0 0 0 187650741536992 187650741538848 187650741542912 281474963160609 281474963160922 281474963160922 281474963161056 0
PROCESS 140
140 (mosquitto) R 122 122 120 52288 122 4194560 262 0 0 0 299 565 0 0 20 0 1 0 316 4313088 572 18446744073709551615 187650646818816 187650647061784 281474764166736 0 0 0 0 4100 18947 0 0 0 17 0 0 0 0 0 0 187650647066880 187650647068840 187650647097344 281474764168970 281474764169054 281474764169054 281474764169188 0
VmHWM:	    2288 kB
VmRSS:	    2288 kB
Threads:	1
THREAD 140 (mosquitto) R 122 122 120 52288 122 4194560 262 0 0 0 301 568 0 0 20 0 1 0 316 4313088 572 18446744073709551615 187650646818816 187650647061784 281474764166736 0 0 0 0 4100 18947 0 0 0 17 1 0 0 0 0 0 187650647066880 187650647068840 187650647097344 281474764168970 281474764169054 281474764169054 281474764169188 0
PROCESS 149
149 (mqmgateway_arm6) R 122 122 120 52288 122 4194304 829 0 2 0 308 716 0 0 20 0 2 0 528 85700608 1997 18446744073709551615 187650626711552 187650626747324 281474621871504 0 0 0 0 6 0 0 0 0 17 1 0 0 0 0 0 187650626750928 187650626752544 187650626756608 281474621873744 281474621874001 281474621874001 281474621874135 0
VmHWM:	    7988 kB
VmRSS:	    7988 kB
Threads:	2
THREAD 149 (mqmgateway_arm6) R 122 122 120 52288 122 4194304 827 0 1 0 79 451 0 0 20 0 2 0 528 85700608 1997 18446744073709551615 187650626711552 187650626747324 281474621871504 0 0 0 0 6 0 0 0 0 17 1 0 0 0 0 0 187650626750928 187650626752544 187650626756608 281474621873744 281474621874001 281474621874001 281474621874135 0
THREAD 153 (mosquitto loop) R 122 122 120 52288 122 4194368 2 0 1 0 175 323 0 0 20 0 2 0 533 85700608 1997 18446744073709551615 187650626711552 187650626747324 281474621871504 0 0 0 0 6 0 0 0 0 -1 0 0 0 0 0 0 187650626750928 187650626752544 187650626756608 281474621873744 281474621874001 281474621874001 281474621874135 0
SYSTEM cpu  1480 0 1748 907 1 0 257 0 0 0
MemFree:          976280 kB
MemAvailable:     946272 kB
SwapFree:              0 kB
METRICS {"enqueued":68262,"dequeued":68262,"current_depth":0,"peak_depth":36,"rejected":0,"processing_latency_ms":0.516802,"published":68282,"publish_failures":0,"command_timeouts":0,"can_errors":0,"telemetry_qos":1,"mqtt_max_inflight":20,"pipeline_metrics_enabled":true,"can_pipeline":{"frames_read":68262,"parsed":68262,"rejected_frames":0,"read_errors":0,"parse":{"count":68262,"mean_us":8.24995,"max_us":4154.14,"p50_upper_us":8,"p95_upper_us":16,"p99_upper_us":256}},"telemetry_enqueued":68262,"telemetry_dequeued":68262,"telemetry_queue_wait":{"count":68262,"mean_us":515.02,"max_us":8552.29,"p50_upper_us":256,"p95_upper_us":4096,"p99_upper_us":4096},"command_queue_wait":{"count":0,"mean_us":0,"max_us":0,"p50_upper_us":0,"p95_upper_us":0,"p99_upper_us":0},"telemetry_worker_before_publish":{"count":68262,"mean_us":27.5594,"max_us":3295.06,"p50_upper_us":16,"p95_upper_us":128,"p99_upper_us":256},"mqtt_pipeline":{"publish_calls":68282,"publish_accepted":68282,"publish_api_errors":0,"puback_received":46977,"qos0_local_completed":0,"telemetry_accepted":68262,"telemetry_puback_received":46963,"pending_tracked":4096,"pending_peak":4096,"oldest_pending_us":2.77506e+06,"tracking_dropped":17209,"unmatched_callbacks":10203,"tracking_complete":false,"publish_api":{"count":68282,"mean_us":15.8833,"max_us":4393.6,"p50_upper_us":8,"p95_upper_us":64,"p99_upper_us":256},"telemetry_puback":{"count":46963,"mean_us":1.04792e+06,"max_us":2.77395e+06,"p50_upper_us":2.09715e+06,"p95_upper_us":2.77395e+06,"p99_upper_us":2.77395e+06}}}
SAMPLE 28.23
PROCESS 142
142 (mqmgateway_iot) S 122 122 120 52288 122 4194304 1536 0 16 0 886 958 0 0 20 0 5 0 418 307654656 2181 18446744073709551615 187650741432320 187650741531680 281474963155936 0 0 0 0 4 16386 0 0 0 17 0 0 0 0 0 0 187650741536992 187650741538848 187650741542912 281474963160609 281474963160922 281474963160922 281474963161056 0
VmHWM:	    8724 kB
VmRSS:	    8724 kB
Threads:	5
THREAD 142 (mqmgateway_iot) S 122 122 120 52288 122 4194304 163 0 14 0 2 1 0 0 20 0 5 0 418 307654656 2181 18446744073709551615 187650741432320 187650741531680 281474963155936 0 0 0 0 4 16386 1 0 0 17 0 0 0 0 0 0 187650741536992 187650741538848 187650741542912 281474963160609 281474963160922 281474963160922 281474963161056 0
THREAD 144 (mosquitto loop) S 122 122 120 52288 122 4194368 7 0 0 0 244 405 0 0 20 0 5 0 422 307654656 2181 18446744073709551615 187650741432320 187650741531680 281474963155936 0 0 0 0 4 16386 1 0 0 -1 0 0 0 0 0 0 187650741536992 187650741538848 187650741542912 281474963160609 281474963160922 281474963160922 281474963161056 0
THREAD 145 (mqmgateway_iot) R 122 122 120 52288 122 4194368 121 0 0 0 228 374 0 0 20 0 5 0 422 307654656 2181 18446744073709551615 187650741432320 187650741531680 281474963155936 0 0 0 0 4 16386 0 0 0 -1 1 0 0 0 0 0 187650741536992 187650741538848 187650741542912 281474963160609 281474963160922 281474963160922 281474963161056 0
THREAD 146 (mqmgateway_iot) S 122 122 120 52288 122 4194368 1245 0 0 0 431 156 0 0 20 0 5 0 422 307654656 2181 18446744073709551615 187650741432320 187650741531680 281474963155936 0 0 0 0 4 16386 1 0 0 -1 1 0 0 0 0 0 187650741536992 187650741538848 187650741542912 281474963160609 281474963160922 281474963160922 281474963161056 0
THREAD 147 (mqmgateway_iot) S 122 122 120 52288 122 4194368 8 0 2 0 1 6 0 0 20 0 5 0 422 307654656 2181 18446744073709551615 187650741432320 187650741531680 281474963155936 0 0 0 0 4 16386 1 0 0 -1 1 0 0 0 0 0 187650741536992 187650741538848 187650741542912 281474963160609 281474963160922 281474963160922 281474963161056 0
PROCESS 140
140 (mosquitto) R 122 122 120 52288 122 4194560 262 0 0 0 386 733 0 0 20 0 1 0 316 4313088 572 18446744073709551615 187650646818816 187650647061784 281474764166736 0 0 0 18947 4100 18947 0 0 0 17 0 0 0 0 0 0 187650647066880 187650647068840 187650647097344 281474764168970 281474764169054 281474764169054 281474764169188 0
VmHWM:	    2288 kB
VmRSS:	    2288 kB
Threads:	1
THREAD 140 (mosquitto) R 122 122 120 52288 122 4194560 262 0 0 0 389 734 0 0 20 0 1 0 316 4313088 572 18446744073709551615 187650646818816 187650647061784 281474764166736 0 0 0 0 4100 18947 0 0 0 17 0 0 0 0 0 0 187650647066880 187650647068840 187650647097344 281474764168970 281474764169054 281474764169054 281474764169188 0
PROCESS 149
149 (mqmgateway_arm6) R 122 122 120 52288 122 4194304 829 0 2 0 400 968 0 0 20 0 2 0 528 85700608 1997 18446744073709551615 187650626711552 187650626747324 281474621871504 0 0 0 0 6 0 0 0 0 17 1 0 0 0 0 0 187650626750928 187650626752544 187650626756608 281474621873744 281474621874001 281474621874001 281474621874135 0
VmHWM:	    7988 kB
VmRSS:	    7988 kB
Threads:	2
THREAD 149 (mqmgateway_arm6) R 122 122 120 52288 122 4194304 827 0 1 0 106 609 0 0 20 0 2 0 528 85700608 1997 18446744073709551615 187650626711552 187650626747324 281474621871504 0 0 0 0 6 0 0 0 0 17 1 0 0 0 0 0 187650626750928 187650626752544 187650626756608 281474621873744 281474621874001 281474621874001 281474621874135 0
THREAD 153 (mosquitto loop) R 122 122 120 52288 122 4194368 2 0 1 0 225 432 0 0 20 0 2 0 533 85700608 1997 18446744073709551615 187650626711552 187650626747324 281474621871504 0 0 0 0 6 0 0 0 0 -1 0 0 0 0 0 0 187650626750928 187650626752544 187650626756608 281474621873744 281474621874001 281474621874001 281474621874135 0
SYSTEM cpu  1928 0 2288 921 1 0 321 0 0 0
MemFree:          971428 kB
MemAvailable:     941428 kB
SwapFree:              0 kB
METRICS {"enqueued":92549,"dequeued":92547,"current_depth":2,"peak_depth":49,"rejected":0,"processing_latency_ms":0.459218,"published":92573,"publish_failures":0,"command_timeouts":0,"can_errors":0,"telemetry_qos":1,"mqtt_max_inflight":20,"pipeline_metrics_enabled":true,"can_pipeline":{"frames_read":92549,"parsed":92549,"rejected_frames":0,"read_errors":0,"parse":{"count":92549,"mean_us":8.52775,"max_us":4154.14,"p50_upper_us":8,"p95_upper_us":16,"p99_upper_us":256}},"telemetry_enqueued":92549,"telemetry_dequeued":92547,"telemetry_queue_wait":{"count":92547,"mean_us":457.439,"max_us":9183.52,"p50_upper_us":256,"p95_upper_us":4096,"p99_upper_us":4096},"command_queue_wait":{"count":0,"mean_us":0,"max_us":0,"p50_upper_us":0,"p95_upper_us":0,"p99_upper_us":0},"telemetry_worker_before_publish":{"count":92547,"mean_us":29.1672,"max_us":4811.84,"p50_upper_us":32,"p95_upper_us":128,"p99_upper_us":256},"mqtt_pipeline":{"publish_calls":92573,"publish_accepted":92573,"publish_api_errors":0,"puback_received":53159,"qos0_local_completed":0,"telemetry_accepted":92547,"telemetry_puback_received":53142,"pending_tracked":4093,"pending_peak":4096,"oldest_pending_us":4.15242e+06,"tracking_dropped":35321,"unmatched_callbacks":22800,"tracking_complete":false,"publish_api":{"count":92573,"mean_us":15.9473,"max_us":8607.52,"p50_upper_us":8,"p95_upper_us":64,"p99_upper_us":256},"telemetry_puback":{"count":53142,"mean_us":1.33102e+06,"max_us":4.15325e+06,"p50_upper_us":2.09715e+06,"p95_upper_us":4.15325e+06,"p99_upper_us":4.15325e+06}}}
SAMPLE 33.95
PROCESS 142
142 (mqmgateway_iot) S 122 122 120 52288 122 4194304 1823 0 16 0 1128 1200 0 0 20 0 5 0 418 307654656 2469 18446744073709551615 187650741432320 187650741531680 281474963155936 0 0 0 0 4 16386 0 0 0 17 0 0 0 0 0 0 187650741536992 187650741538848 187650741542912 281474963160609 281474963160922 281474963160922 281474963161056 0
VmHWM:	    9876 kB
VmRSS:	    9876 kB
Threads:	5
THREAD 142 (mqmgateway_iot) S 122 122 120 52288 122 4194304 163 0 14 0 3 2 0 0 20 0 5 0 418 307654656 2469 18446744073709551615 187650741432320 187650741531680 281474963155936 0 0 0 0 4 16386 1 0 0 17 0 0 0 0 0 0 187650741536992 187650741538848 187650741542912 281474963160609 281474963160922 281474963160922 281474963161056 0
THREAD 144 (mosquitto loop) S 122 122 120 52288 122 4194368 7 0 0 0 306 495 0 0 20 0 5 0 422 307654656 2469 18446744073709551615 187650741432320 187650741531680 281474963155936 0 0 0 0 4 16386 1 0 0 -1 1 0 0 0 0 0 187650741536992 187650741538848 187650741542912 281474963160609 281474963160922 281474963160922 281474963161056 0
THREAD 145 (mqmgateway_iot) S 122 122 120 52288 122 4194368 146 0 0 0 290 481 0 0 20 0 5 0 422 307654656 2469 18446744073709551615 187650741432320 187650741531680 281474963155936 0 0 0 0 4 16386 1 0 0 -1 1 0 0 0 0 0 187650741536992 187650741538848 187650741542912 281474963160609 281474963160922 281474963160922 281474963161056 0
THREAD 146 (mqmgateway_iot) S 122 122 120 52288 122 4194368 1515 0 0 0 545 206 0 0 20 0 5 0 422 307654656 2469 18446744073709551615 187650741432320 187650741531680 281474963155936 0 0 0 0 4 16386 1 0 0 -1 1 0 0 0 0 0 187650741536992 187650741538848 187650741542912 281474963160609 281474963160922 281474963160922 281474963161056 0
THREAD 147 (mqmgateway_iot) S 122 122 120 52288 122 4194368 8 0 2 0 1 7 0 0 20 0 5 0 422 307654656 2469 18446744073709551615 187650741432320 187650741531680 281474963155936 0 0 0 0 4 16386 1 0 0 -1 1 0 0 0 0 0 187650741536992 187650741538848 187650741542912 281474963160609 281474963160922 281474963160922 281474963161056 0
PROCESS 140
140 (mosquitto) R 122 122 120 52288 122 4194560 262 0 0 0 481 892 0 0 20 0 1 0 316 4313088 572 18446744073709551615 187650646818816 187650647061784 281474764166736 0 0 0 18947 4100 18947 0 0 0 17 0 0 0 0 0 0 187650647066880 187650647068840 187650647097344 281474764168970 281474764169054 281474764169054 281474764169188 0
VmHWM:	    2288 kB
VmRSS:	    2288 kB
Threads:	1
THREAD 140 (mosquitto) R 122 122 120 52288 122 4194560 262 0 0 0 482 895 0 0 20 0 1 0 316 4313088 572 18446744073709551615 187650646818816 187650647061784 281474764166736 0 0 0 0 4100 18947 0 0 0 17 0 0 0 0 0 0 187650647066880 187650647068840 187650647097344 281474764168970 281474764169054 281474764169054 281474764169188 0
PROCESS 149
149 (mqmgateway_arm6) R 122 122 120 52288 122 4194304 829 0 2 0 507 1204 0 0 20 0 2 0 528 85700608 1997 18446744073709551615 187650626711552 187650626747324 281474621871504 0 0 0 0 6 0 0 0 0 17 1 0 0 0 0 0 187650626750928 187650626752544 187650626756608 281474621873744 281474621874001 281474621874001 281474621874135 0
VmHWM:	    7988 kB
VmRSS:	    7988 kB
Threads:	2
THREAD 149 (mqmgateway_arm6) R 122 122 120 52288 122 4194304 827 0 1 0 133 771 0 0 20 0 2 0 528 85700608 1997 18446744073709551615 187650626711552 187650626747324 281474621871504 0 0 0 0 6 0 0 0 0 17 1 0 0 0 0 0 187650626750928 187650626752544 187650626756608 281474621873744 281474621874001 281474621874001 281474621874135 0
THREAD 153 (mosquitto loop) S 122 122 120 52288 122 4194368 2 0 1 0 283 528 0 0 20 0 2 0 533 85700608 1997 18446744073709551615 187650626711552 187650626747324 281474621871504 0 0 0 0 6 0 1 0 0 -1 0 0 0 0 0 0 187650626750928 187650626752544 187650626756608 281474621873744 281474621874001 281474621874001 281474621874135 0
SYSTEM cpu  2387 0 2814 938 1 0 378 0 0 0
MemFree:          971428 kB
MemAvailable:     941432 kB
SwapFree:              0 kB
METRICS {"enqueued":116778,"dequeued":116777,"current_depth":1,"peak_depth":49,"rejected":0,"processing_latency_ms":0.404173,"published":116808,"publish_failures":0,"command_timeouts":0,"can_errors":0,"telemetry_qos":1,"mqtt_max_inflight":20,"pipeline_metrics_enabled":true,"can_pipeline":{"frames_read":116778,"parsed":116778,"rejected_frames":0,"read_errors":0,"parse":{"count":116778,"mean_us":8.80433,"max_us":4154.14,"p50_upper_us":8,"p95_upper_us":16,"p99_upper_us":256}},"telemetry_enqueued":116778,"telemetry_dequeued":116777,"telemetry_queue_wait":{"count":116777,"mean_us":402.354,"max_us":9183.52,"p50_upper_us":256,"p95_upper_us":2048,"p99_upper_us":4096},"command_queue_wait":{"count":0,"mean_us":0,"max_us":0,"p50_upper_us":0,"p95_upper_us":0,"p99_upper_us":0},"telemetry_worker_before_publish":{"count":116777,"mean_us":30.4166,"max_us":4811.84,"p50_upper_us":32,"p95_upper_us":128,"p99_upper_us":256},"mqtt_pipeline":{"publish_calls":116809,"publish_accepted":116809,"publish_api_errors":0,"puback_received":58206,"qos0_local_completed":0,"telemetry_accepted":116777,"telemetry_puback_received":58188,"pending_tracked":4096,"pending_peak":4096,"oldest_pending_us":5.10636e+06,"tracking_dropped":54507,"unmatched_callbacks":38168,"tracking_complete":false,"publish_api":{"count":116809,"mean_us":15.6425,"max_us":8607.52,"p50_upper_us":8,"p95_upper_us":64,"p99_upper_us":256},"telemetry_puback":{"count":58188,"mean_us":1.61499e+06,"max_us":5.11323e+06,"p50_upper_us":2.09715e+06,"p95_upper_us":5.11323e+06,"p99_upper_us":5.11323e+06}}}
SAMPLE 39.63
PROCESS 142
142 (mqmgateway_iot) S 122 122 120 52288 122 4194304 2080 0 16 0 1349 1426 0 0 20 0 5 0 418 307654656 2693 18446744073709551615 187650741432320 187650741531680 281474963155936 0 0 0 0 4 16386 0 0 0 17 0 0 0 0 0 0 187650741536992 187650741538848 187650741542912 281474963160609 281474963160922 281474963160922 281474963161056 0
VmHWM:	   10772 kB
VmRSS:	   10772 kB
Threads:	5
THREAD 142 (mqmgateway_iot) S 122 122 120 52288 122 4194304 163 0 14 0 3 2 0 0 20 0 5 0 418 307654656 2693 18446744073709551615 187650741432320 187650741531680 281474963155936 0 0 0 0 4 16386 1 0 0 17 0 0 0 0 0 0 187650741536992 187650741538848 187650741542912 281474963160609 281474963160922 281474963160922 281474963161056 0
THREAD 144 (mosquitto loop) S 122 122 120 52288 122 4194368 8 0 0 0 363 595 0 0 20 0 5 0 422 307654656 2725 18446744073709551615 187650741432320 187650741531680 281474963155936 0 0 0 0 4 16386 1 0 0 -1 1 0 0 0 0 0 187650741536992 187650741538848 187650741542912 281474963160609 281474963160922 281474963160922 281474963161056 0
THREAD 145 (mqmgateway_iot) R 122 122 120 52288 122 4194368 168 0 0 0 346 568 0 0 20 0 5 0 422 307654656 2725 18446744073709551615 187650741432320 187650741531680 281474963155936 0 0 0 0 4 16386 0 0 0 -1 1 0 0 0 0 0 187650741536992 187650741538848 187650741542912 281474963160609 281474963160922 281474963160922 281474963161056 0
THREAD 146 (mqmgateway_iot) S 122 122 120 52288 122 4194368 1748 0 0 0 654 236 0 0 20 0 5 0 422 307654656 2725 18446744073709551615 187650741432320 187650741531680 281474963155936 0 0 0 0 4 16386 1 0 0 -1 1 0 0 0 0 0 187650741536992 187650741538848 187650741542912 281474963160609 281474963160922 281474963160922 281474963161056 0
THREAD 147 (mqmgateway_iot) S 122 122 120 52288 122 4194368 8 0 2 0 2 9 0 0 20 0 5 0 422 307654656 2725 18446744073709551615 187650741432320 187650741531680 281474963155936 0 0 0 0 4 16386 1 0 0 -1 1 0 0 0 0 0 187650741536992 187650741538848 187650741542912 281474963160609 281474963160922 281474963160922 281474963161056 0
PROCESS 140
140 (mosquitto) S 122 122 120 52288 122 4194560 262 0 0 0 569 1075 0 0 20 0 1 0 316 4313088 572 18446744073709551615 187650646818816 187650647061784 281474764166736 0 0 0 18947 4100 18947 1 0 0 17 1 0 0 0 0 0 187650647066880 187650647068840 187650647097344 281474764168970 281474764169054 281474764169054 281474764169188 0
VmHWM:	    2288 kB
VmRSS:	    2288 kB
Threads:	1
THREAD 140 (mosquitto) R 122 122 120 52288 122 4194560 262 0 0 0 569 1076 0 0 20 0 1 0 316 4313088 572 18446744073709551615 187650646818816 187650647061784 281474764166736 0 0 0 0 4100 18947 0 0 0 17 0 0 0 0 0 0 187650647066880 187650647068840 187650647097344 281474764168970 281474764169054 281474764169054 281474764169188 0
PROCESS 149
149 (mqmgateway_arm6) R 122 122 120 52288 122 4194304 829 0 2 0 612 1425 0 0 20 0 2 0 528 85700608 1997 18446744073709551615 187650626711552 187650626747324 281474621871504 0 0 0 0 6 0 0 0 0 17 1 0 0 0 0 0 187650626750928 187650626752544 187650626756608 281474621873744 281474621874001 281474621874001 281474621874135 0
VmHWM:	    7988 kB
VmRSS:	    7988 kB
Threads:	2
THREAD 149 (mqmgateway_arm6) S 122 122 120 52288 122 4194304 827 0 1 0 156 914 0 0 20 0 2 0 528 85700608 1997 18446744073709551615 187650626711552 187650626747324 281474621871504 0 0 0 0 6 0 1 0 0 17 1 0 0 0 0 0 187650626750928 187650626752544 187650626756608 281474621873744 281474621874001 281474621874001 281474621874135 0
THREAD 153 (mosquitto loop) S 122 122 120 52288 122 4194368 2 0 1 0 343 628 0 0 20 0 2 0 533 85700608 1997 18446744073709551615 187650626711552 187650626747324 281474621871504 0 0 0 0 6 0 1 0 0 -1 0 0 0 0 0 0 187650626750928 187650626752544 187650626756608 281474621873744 281474621874001 281474621874001 281474621874135 0
SYSTEM cpu  2801 0 3331 971 1 0 458 0 0 0
MemFree:          976912 kB
MemAvailable:     946924 kB
SwapFree:              0 kB
METRICS {"enqueued":137001,"dequeued":137001,"current_depth":0,"peak_depth":49,"rejected":0,"processing_latency_ms":0.407988,"published":137038,"publish_failures":0,"command_timeouts":0,"can_errors":0,"telemetry_qos":1,"mqtt_max_inflight":20,"pipeline_metrics_enabled":true,"can_pipeline":{"frames_read":137001,"parsed":137001,"rejected_frames":0,"read_errors":0,"parse":{"count":137001,"mean_us":8.71554,"max_us":4154.14,"p50_upper_us":8,"p95_upper_us":16,"p99_upper_us":256}},"telemetry_enqueued":137001,"telemetry_dequeued":137001,"telemetry_queue_wait":{"count":137001,"mean_us":406.21,"max_us":9183.52,"p50_upper_us":256,"p95_upper_us":2048,"p99_upper_us":4096},"command_queue_wait":{"count":0,"mean_us":0,"max_us":0,"p50_upper_us":0,"p95_upper_us":0,"p99_upper_us":0},"telemetry_worker_before_publish":{"count":137001,"mean_us":30.0521,"max_us":4811.84,"p50_upper_us":32,"p95_upper_us":128,"p99_upper_us":256},"mqtt_pipeline":{"publish_calls":137038,"publish_accepted":137038,"publish_api_errors":0,"puback_received":61704,"qos0_local_completed":0,"telemetry_accepted":137001,"telemetry_puback_received":61684,"pending_tracked":4096,"pending_peak":4096,"oldest_pending_us":5.80345e+06,"tracking_dropped":71238,"unmatched_callbacks":52112,"tracking_complete":false,"publish_api":{"count":137038,"mean_us":15.6842,"max_us":8607.52,"p50_upper_us":8,"p95_upper_us":64,"p99_upper_us":256},"telemetry_puback":{"count":61684,"mean_us":1.83102e+06,"max_us":5.81826e+06,"p50_upper_us":2.09715e+06,"p95_upper_us":5.81826e+06,"p99_upper_us":5.81826e+06}}}
SAMPLE 45.16
PROCESS 142
142 (mqmgateway_iot) S 122 122 120 52288 122 4194304 2444 0 16 0 1533 1658 0 0 20 0 5 0 418 307654656 3077 18446744073709551615 187650741432320 187650741531680 281474963155936 0 0 0 0 4 16386 0 0 0 17 1 0 0 0 0 0 187650741536992 187650741538848 187650741542912 281474963160609 281474963160922 281474963160922 281474963161056 0
VmHWM:	   12308 kB
VmRSS:	   12308 kB
Threads:	5
THREAD 142 (mqmgateway_iot) S 122 122 120 52288 122 4194304 163 0 14 0 3 2 0 0 20 0 5 0 418 307654656 3077 18446744073709551615 187650741432320 187650741531680 281474963155936 0 0 0 0 4 16386 1 0 0 17 1 0 0 0 0 0 187650741536992 187650741538848 187650741542912 281474963160609 281474963160922 281474963160922 281474963161056 0
THREAD 144 (mosquitto loop) S 122 122 120 52288 122 4194368 8 0 0 0 419 697 0 0 20 0 5 0 422 307654656 3077 18446744073709551615 187650741432320 187650741531680 281474963155936 0 0 0 0 4 16386 1 0 0 -1 0 0 0 0 0 0 187650741536992 187650741538848 187650741542912 281474963160609 281474963160922 281474963160922 281474963161056 0
THREAD 145 (mqmgateway_iot) S 122 122 120 52288 122 4194368 195 0 0 0 391 653 0 0 20 0 5 0 422 307654656 3077 18446744073709551615 187650741432320 187650741531680 281474963155936 0 0 0 0 4 16386 1 0 0 -1 1 0 0 0 0 0 187650741536992 187650741538848 187650741542912 281474963160609 281474963160922 281474963160922 281474963161056 0
THREAD 146 (mqmgateway_iot) R 122 122 120 52288 122 4194368 2077 0 0 0 741 276 0 0 20 0 5 0 422 307654656 3109 18446744073709551615 187650741432320 187650741531680 281474963155936 0 0 0 0 4 16386 0 0 0 -1 1 0 0 0 0 0 187650741536992 187650741538848 187650741542912 281474963160609 281474963160922 281474963160922 281474963161056 0
THREAD 147 (mqmgateway_iot) S 122 122 120 52288 122 4194368 8 0 2 0 3 9 0 0 20 0 5 0 422 307654656 3109 18446744073709551615 187650741432320 187650741531680 281474963155936 0 0 0 0 4 16386 1 0 0 -1 0 0 0 0 0 0 187650741536992 187650741538848 187650741542912 281474963160609 281474963160922 281474963160922 281474963161056 0
PROCESS 140
140 (mosquitto) R 122 122 120 52288 122 4194560 262 0 0 0 662 1274 0 0 20 0 1 0 316 4313088 572 18446744073709551615 187650646818816 187650647061784 281474764166736 0 0 0 0 4100 18947 0 0 0 17 0 0 0 0 0 0 187650647066880 187650647068840 187650647097344 281474764168970 281474764169054 281474764169054 281474764169188 0
VmHWM:	    2288 kB
VmRSS:	    2288 kB
Threads:	1
THREAD 140 (mosquitto) R 122 122 120 52288 122 4194560 262 0 0 0 665 1276 0 0 20 0 1 0 316 4313088 572 18446744073709551615 187650646818816 187650647061784 281474764166736 0 0 0 0 4100 18947 0 0 0 17 0 0 0 0 0 0 187650647066880 187650647068840 187650647097344 281474764168970 281474764169054 281474764169054 281474764169188 0
PROCESS 149
149 (mqmgateway_arm6) R 122 122 120 52288 122 4194304 829 0 2 0 718 1662 0 0 20 0 2 0 528 85700608 1997 18446744073709551615 187650626711552 187650626747324 281474621871504 0 0 0 0 6 0 0 0 0 17 1 0 0 0 0 0 187650626750928 187650626752544 187650626756608 281474621873744 281474621874001 281474621874001 281474621874135 0
VmHWM:	    7988 kB
VmRSS:	    7988 kB
Threads:	2
THREAD 149 (mqmgateway_arm6) S 122 122 120 52288 122 4194304 827 0 1 0 192 1049 0 0 20 0 2 0 528 85700608 1997 18446744073709551615 187650626711552 187650626747324 281474621871504 0 0 0 0 6 0 1 0 0 17 1 0 0 0 0 0 187650626750928 187650626752544 187650626756608 281474621873744 281474621874001 281474621874001 281474621874135 0
THREAD 153 (mosquitto loop) S 122 122 120 52288 122 4194368 2 0 1 0 402 743 0 0 20 0 2 0 533 85700608 1997 18446744073709551615 187650626711552 187650626747324 281474621871504 0 0 0 0 6 0 1 0 0 -1 0 0 0 0 0 0 187650626750928 187650626752544 187650626756608 281474621873744 281474621874001 281474621874001 281474621874135 0
SYSTEM cpu  3214 0 3901 1000 1 0 548 0 0 0
MemFree:          975100 kB
MemAvailable:     945116 kB
SwapFree:              0 kB
METRICS {"enqueued":161293,"dequeued":161292,"current_depth":1,"peak_depth":49,"rejected":0,"processing_latency_ms":0.408763,"published":161334,"publish_failures":0,"command_timeouts":0,"can_errors":0,"telemetry_qos":1,"mqtt_max_inflight":20,"pipeline_metrics_enabled":true,"can_pipeline":{"frames_read":161293,"parsed":161293,"rejected_frames":0,"read_errors":0,"parse":{"count":161293,"mean_us":8.5275,"max_us":4154.14,"p50_upper_us":8,"p95_upper_us":16,"p99_upper_us":256}},"telemetry_enqueued":161293,"telemetry_dequeued":161292,"telemetry_queue_wait":{"count":161292,"mean_us":407.018,"max_us":9183.52,"p50_upper_us":256,"p95_upper_us":2048,"p99_upper_us":4096},"command_queue_wait":{"count":0,"mean_us":0,"max_us":0,"p50_upper_us":0,"p95_upper_us":0,"p99_upper_us":0},"telemetry_worker_before_publish":{"count":161291,"mean_us":29.6974,"max_us":4983.39,"p50_upper_us":32,"p95_upper_us":128,"p99_upper_us":256},"mqtt_pipeline":{"publish_calls":161334,"publish_accepted":161334,"publish_api_errors":0,"puback_received":65147,"qos0_local_completed":0,"telemetry_accepted":161291,"telemetry_puback_received":65127,"pending_tracked":4096,"pending_peak":4096,"oldest_pending_us":7.08832e+06,"tracking_dropped":92091,"unmatched_callbacks":67752,"tracking_complete":false,"publish_api":{"count":161334,"mean_us":15.5776,"max_us":8607.52,"p50_upper_us":8,"p95_upper_us":64,"p99_upper_us":256},"telemetry_puback":{"count":65127,"mean_us":2.07475e+06,"max_us":7.08762e+06,"p50_upper_us":2.09715e+06,"p95_upper_us":7.08762e+06,"p99_upper_us":7.08762e+06}}}
SAMPLE 50.92
PROCESS 142
142 (mqmgateway_iot) S 122 122 120 52288 122 4194304 2786 0 16 0 1761 1880 0 0 20 0 5 0 418 307654656 3429 18446744073709551615 187650741432320 187650741531680 281474963155936 0 0 0 0 4 16386 0 0 0 17 1 0 0 0 0 0 187650741536992 187650741538848 187650741542912 281474963160609 281474963160922 281474963160922 281474963161056 0
VmHWM:	   13716 kB
VmRSS:	   13716 kB
Threads:	5
THREAD 142 (mqmgateway_iot) S 122 122 120 52288 122 4194304 163 0 14 0 3 2 0 0 20 0 5 0 418 307654656 3429 18446744073709551615 187650741432320 187650741531680 281474963155936 0 0 0 0 4 16386 1 0 0 17 1 0 0 0 0 0 187650741536992 187650741538848 187650741542912 281474963160609 281474963160922 281474963160922 281474963161056 0
THREAD 144 (mosquitto loop) R 122 122 120 52288 122 4194368 8 0 0 0 480 797 0 0 20 0 5 0 422 307654656 3429 18446744073709551615 187650741432320 187650741531680 281474963155936 0 0 0 0 4 16386 0 0 0 -1 0 0 0 0 0 0 187650741536992 187650741538848 187650741542912 281474963160609 281474963160922 281474963160922 281474963161056 0
THREAD 145 (mqmgateway_iot) R 122 122 120 52288 122 4194368 222 0 0 0 452 737 0 0 20 0 5 0 422 307654656 3429 18446744073709551615 187650741432320 187650741531680 281474963155936 0 0 0 0 4 16386 0 0 0 -1 1 0 0 0 0 0 187650741536992 187650741538848 187650741542912 281474963160609 281474963160922 281474963160922 281474963161056 0
THREAD 146 (mqmgateway_iot) S 122 122 120 52288 122 4194368 2389 0 0 0 849 311 0 0 20 0 5 0 422 307654656 3429 18446744073709551615 187650741432320 187650741531680 281474963155936 0 0 0 0 4 16386 1 0 0 -1 1 0 0 0 0 0 187650741536992 187650741538848 187650741542912 281474963160609 281474963160922 281474963160922 281474963161056 0
THREAD 147 (mqmgateway_iot) S 122 122 120 52288 122 4194368 8 0 2 0 4 10 0 0 20 0 5 0 422 307654656 3429 18446744073709551615 187650741432320 187650741531680 281474963155936 0 0 0 0 4 16386 1 0 0 -1 1 0 0 0 0 0 187650741536992 187650741538848 187650741542912 281474963160609 281474963160922 281474963160922 281474963161056 0
PROCESS 140
140 (mosquitto) S 122 122 120 52288 122 4194560 262 0 0 0 761 1462 0 0 20 0 1 0 316 4313088 572 18446744073709551615 187650646818816 187650647061784 281474764166736 0 0 0 18947 4100 18947 1 0 0 17 1 0 0 0 0 0 187650647066880 187650647068840 187650647097344 281474764168970 281474764169054 281474764169054 281474764169188 0
VmHWM:	    2288 kB
VmRSS:	    2288 kB
Threads:	1
THREAD 140 (mosquitto) R 122 122 120 52288 122 4194560 262 0 0 0 762 1464 0 0 20 0 1 0 316 4313088 572 18446744073709551615 187650646818816 187650647061784 281474764166736 0 0 0 0 4100 18947 0 0 0 17 1 0 0 0 0 0 187650647066880 187650647068840 187650647097344 281474764168970 281474764169054 281474764169054 281474764169188 0
PROCESS 149
149 (mqmgateway_arm6) S 122 122 120 52288 122 4194304 829 0 2 0 817 1908 0 0 20 0 2 0 528 85700608 1997 18446744073709551615 187650626711552 187650626747324 281474621871504 0 0 0 0 6 0 0 0 0 17 1 0 0 0 0 0 187650626750928 187650626752544 187650626756608 281474621873744 281474621874001 281474621874001 281474621874135 0
VmHWM:	    7988 kB
VmRSS:	    7988 kB
Threads:	2
THREAD 149 (mqmgateway_arm6) S 122 122 120 52288 122 4194304 827 0 1 0 210 1200 0 0 20 0 2 0 528 85700608 1997 18446744073709551615 187650626711552 187650626747324 281474621871504 0 0 0 0 6 0 1 0 0 17 1 0 0 0 0 0 187650626750928 187650626752544 187650626756608 281474621873744 281474621874001 281474621874001 281474621874135 0
THREAD 153 (mosquitto loop) S 122 122 120 52288 122 4194368 2 0 1 0 462 857 0 0 20 0 2 0 533 85700608 1997 18446744073709551615 187650626711552 187650626747324 281474621871504 0 0 0 0 6 0 1 0 0 -1 0 0 0 0 0 0 187650626750928 187650626752544 187650626756608 281474621873744 281474621874001 281474621874001 281474621874135 0
SYSTEM cpu  3649 0 4437 1023 1 0 628 0 0 0
MemFree:          973572 kB
MemAvailable:     943592 kB
SwapFree:              0 kB
METRICS {"enqueued":181488,"dequeued":181488,"current_depth":0,"peak_depth":49,"rejected":0,"processing_latency_ms":0.405071,"published":181536,"publish_failures":0,"command_timeouts":0,"can_errors":0,"telemetry_qos":1,"mqtt_max_inflight":20,"pipeline_metrics_enabled":true,"can_pipeline":{"frames_read":181488,"parsed":181488,"rejected_frames":0,"read_errors":0,"parse":{"count":181488,"mean_us":8.52325,"max_us":4154.14,"p50_upper_us":8,"p95_upper_us":16,"p99_upper_us":256}},"telemetry_enqueued":181488,"telemetry_dequeued":181488,"telemetry_queue_wait":{"count":181488,"mean_us":403.33,"max_us":9183.52,"p50_upper_us":256,"p95_upper_us":2048,"p99_upper_us":4096},"command_queue_wait":{"count":0,"mean_us":0,"max_us":0,"p50_upper_us":0,"p95_upper_us":0,"p99_upper_us":0},"telemetry_worker_before_publish":{"count":181488,"mean_us":29.7935,"max_us":8727.68,"p50_upper_us":32,"p95_upper_us":128,"p99_upper_us":256},"mqtt_pipeline":{"publish_calls":181536,"publish_accepted":181536,"publish_api_errors":0,"puback_received":67645,"qos0_local_completed":0,"telemetry_accepted":181488,"telemetry_puback_received":67624,"pending_tracked":4096,"pending_peak":4096,"oldest_pending_us":8.02588e+06,"tracking_dropped":109795,"unmatched_callbacks":81669,"tracking_complete":false,"publish_api":{"count":181536,"mean_us":15.7024,"max_us":8607.52,"p50_upper_us":8,"p95_upper_us":64,"p99_upper_us":256},"telemetry_puback":{"count":67624,"mean_us":2.27594e+06,"max_us":8.05377e+06,"p50_upper_us":2.09715e+06,"p95_upper_us":8.05377e+06,"p99_upper_us":8.05377e+06}}}
SAMPLE 56.59
PROCESS 142
142 (mqmgateway_iot) S 122 122 120 52288 122 4194304 3068 0 16 0 1990 2109 0 0 20 0 5 0 418 307654656 3685 18446744073709551615 187650741432320 187650741531680 281474963155936 0 0 0 0 4 16386 0 0 0 17 0 0 0 0 0 0 187650741536992 187650741538848 187650741542912 281474963160609 281474963160922 281474963160922 281474963161056 0
VmHWM:	   14740 kB
VmRSS:	   14740 kB
Threads:	5
THREAD 142 (mqmgateway_iot) S 122 122 120 52288 122 4194304 163 0 14 0 3 3 0 0 20 0 5 0 418 307654656 3685 18446744073709551615 187650741432320 187650741531680 281474963155936 0 0 0 0 4 16386 1 0 0 17 0 0 0 0 0 0 187650741536992 187650741538848 187650741542912 281474963160609 281474963160922 281474963160922 281474963161056 0
THREAD 144 (mosquitto loop) R 122 122 120 52288 122 4194368 8 0 0 0 543 898 0 0 20 0 5 0 422 307654656 3717 18446744073709551615 187650741432320 187650741531680 281474963155936 0 0 0 0 4 16386 0 0 0 -1 1 0 0 0 0 0 187650741536992 187650741538848 187650741542912 281474963160609 281474963160922 281474963160922 281474963161056 0
THREAD 145 (mqmgateway_iot) R 122 122 120 52288 122 4194368 242 0 0 0 512 827 0 0 20 0 5 0 422 307654656 3717 18446744073709551615 187650741432320 187650741531680 281474963155936 0 0 0 0 4 16386 0 0 0 -1 0 0 0 0 0 0 187650741536992 187650741538848 187650741542912 281474963160609 281474963160922 281474963160922 281474963161056 0
THREAD 146 (mqmgateway_iot) S 122 122 120 52288 122 4194368 2659 0 0 0 953 351 0 0 20 0 5 0 422 307654656 3717 18446744073709551615 187650741432320 187650741531680 281474963155936 0 0 0 0 4 16386 1 0 0 -1 1 0 0 0 0 0 187650741536992 187650741538848 187650741542912 281474963160609 281474963160922 281474963160922 281474963161056 0
THREAD 147 (mqmgateway_iot) S 122 122 120 52288 122 4194368 8 0 2 0 4 11 0 0 20 0 5 0 422 307654656 3717 18446744073709551615 187650741432320 187650741531680 281474963155936 0 0 0 0 4 16386 1 0 0 -1 1 0 0 0 0 0 187650741536992 187650741538848 187650741542912 281474963160609 281474963160922 281474963160922 281474963161056 0
PROCESS 140
140 (mosquitto) R 122 122 120 52288 122 4194560 262 0 0 0 857 1638 0 0 20 0 1 0 316 4313088 572 18446744073709551615 187650646818816 187650647061784 281474764166736 0 0 0 0 4100 18947 0 0 0 17 0 0 0 0 0 0 187650647066880 187650647068840 187650647097344 281474764168970 281474764169054 281474764169054 281474764169188 0
VmHWM:	    2288 kB
VmRSS:	    2288 kB
Threads:	1
THREAD 140 (mosquitto) R 122 122 120 52288 122 4194560 262 0 0 0 858 1639 0 0 20 0 1 0 316 4313088 572 18446744073709551615 187650646818816 187650647061784 281474764166736 0 0 0 18947 4100 18947 0 0 0 17 0 0 0 0 0 0 187650647066880 187650647068840 187650647097344 281474764168970 281474764169054 281474764169054 281474764169188 0
PROCESS 149
149 (mqmgateway_arm6) R 122 122 120 52288 122 4194304 829 0 2 0 923 2137 0 0 20 0 2 0 528 85700608 1997 18446744073709551615 187650626711552 187650626747324 281474621871504 0 0 0 0 6 0 0 0 0 17 1 0 0 0 0 0 187650626750928 187650626752544 187650626756608 281474621873744 281474621874001 281474621874001 281474621874135 0
VmHWM:	    7988 kB
VmRSS:	    7988 kB
Threads:	2
THREAD 149 (mqmgateway_arm6) S 122 122 120 52288 122 4194304 827 0 1 0 232 1355 0 0 20 0 2 0 528 85700608 1997 18446744073709551615 187650626711552 187650626747324 281474621871504 0 0 0 0 6 0 1 0 0 17 1 0 0 0 0 0 187650626750928 187650626752544 187650626756608 281474621873744 281474621874001 281474621874001 281474621874135 0
THREAD 153 (mosquitto loop) S 122 122 120 52288 122 4194368 2 0 1 0 522 956 0 0 20 0 2 0 533 85700608 1997 18446744073709551615 187650626711552 187650626747324 281474621871504 0 0 0 0 6 0 1 0 0 -1 0 0 0 0 0 0 187650626750928 187650626752544 187650626756608 281474621873744 281474621874001 281474621874001 281474621874135 0
SYSTEM cpu  4095 0 4969 1049 1 0 704 0 0 0
MemFree:          968268 kB
MemAvailable:     938296 kB
SwapFree:              0 kB
METRICS {"enqueued":205760,"dequeued":205755,"current_depth":5,"peak_depth":49,"rejected":0,"processing_latency_ms":0.398498,"published":205809,"publish_failures":0,"command_timeouts":0,"can_errors":0,"telemetry_qos":1,"mqtt_max_inflight":20,"pipeline_metrics_enabled":true,"can_pipeline":{"frames_read":205760,"parsed":205760,"rejected_frames":0,"read_errors":0,"parse":{"count":205760,"mean_us":8.51065,"max_us":4154.14,"p50_upper_us":8,"p95_upper_us":16,"p99_upper_us":256}},"telemetry_enqueued":205760,"telemetry_dequeued":205755,"telemetry_queue_wait":{"count":205755,"mean_us":396.739,"max_us":9183.52,"p50_upper_us":256,"p95_upper_us":2048,"p99_upper_us":4096},"command_queue_wait":{"count":0,"mean_us":0,"max_us":0,"p50_upper_us":0,"p95_upper_us":0,"p99_upper_us":0},"telemetry_worker_before_publish":{"count":205755,"mean_us":29.9618,"max_us":8727.68,"p50_upper_us":32,"p95_upper_us":128,"p99_upper_us":256},"mqtt_pipeline":{"publish_calls":205809,"publish_accepted":205809,"publish_api_errors":0,"puback_received":70270,"qos0_local_completed":0,"telemetry_accepted":205755,"telemetry_puback_received":70247,"pending_tracked":4096,"pending_peak":4096,"oldest_pending_us":9.02753e+06,"tracking_dropped":131443,"unmatched_callbacks":99411,"tracking_complete":false,"publish_api":{"count":205809,"mean_us":15.4031,"max_us":8607.52,"p50_upper_us":8,"p95_upper_us":64,"p99_upper_us":256},"telemetry_puback":{"count":70247,"mean_us":2.50477e+06,"max_us":9.02625e+06,"p50_upper_us":2.09715e+06,"p95_upper_us":8.38861e+06,"p99_upper_us":9.02625e+06}}}
SAMPLE 62.28
PROCESS 142
142 (mqmgateway_iot) S 122 122 120 52288 122 4194304 3392 0 16 0 2208 2334 0 0 20 0 5 0 418 307654656 4005 18446744073709551615 187650741432320 187650741531680 281474963155936 0 0 0 0 4 16386 0 0 0 17 0 0 0 0 0 0 187650741536992 187650741538848 187650741542912 281474963160609 281474963160922 281474963160922 281474963161056 0
VmHWM:	   16020 kB
VmRSS:	   16020 kB
Threads:	5
THREAD 142 (mqmgateway_iot) S 122 122 120 52288 122 4194304 163 0 14 0 3 3 0 0 20 0 5 0 418 307654656 4037 18446744073709551615 187650741432320 187650741531680 281474963155936 0 0 0 0 4 16386 1 0 0 17 0 0 0 0 0 0 187650741536992 187650741538848 187650741542912 281474963160609 281474963160922 281474963160922 281474963161056 0
THREAD 144 (mosquitto loop) R 122 122 120 52288 122 4194368 8 0 0 0 599 997 0 0 20 0 5 0 422 307654656 4037 18446744073709551615 187650741432320 187650741531680 281474963155936 0 0 0 0 4 16386 0 0 0 -1 0 0 0 0 0 0 187650741536992 187650741538848 187650741542912 281474963160609 281474963160922 281474963160922 281474963161056 0
THREAD 145 (mqmgateway_iot) S 122 122 120 52288 122 4194368 264 0 0 0 575 912 0 0 20 0 5 0 422 307654656 4037 18446744073709551615 187650741432320 187650741531680 281474963155936 0 0 0 0 4 16386 1 0 0 -1 1 0 0 0 0 0 187650741536992 187650741538848 187650741542912 281474963160609 281474963160922 281474963160922 281474963161056 0
THREAD 146 (mqmgateway_iot) R 122 122 120 52288 122 4194368 2971 0 0 0 1055 389 0 0 20 0 5 0 422 307654656 4069 18446744073709551615 187650741432320 187650741531680 281474963155936 0 0 0 0 4 16386 0 0 0 -1 0 0 0 0 0 0 187650741536992 187650741538848 187650741542912 281474963160609 281474963160922 281474963160922 281474963161056 0
THREAD 147 (mqmgateway_iot) S 122 122 120 52288 122 4194368 8 0 2 0 4 13 0 0 20 0 5 0 422 307654656 4069 18446744073709551615 187650741432320 187650741531680 281474963155936 0 0 0 0 4 16386 1 0 0 -1 1 0 0 0 0 0 187650741536992 187650741538848 187650741542912 281474963160609 281474963160922 281474963160922 281474963161056 0
PROCESS 140
140 (mosquitto) R 122 122 120 52288 122 4194560 262 0 0 0 958 1821 0 0 20 0 1 0 316 4313088 572 18446744073709551615 187650646818816 187650647061784 281474764166736 0 0 0 0 4100 18947 0 0 0 17 0 0 0 0 0 0 187650647066880 187650647068840 187650647097344 281474764168970 281474764169054 281474764169054 281474764169188 0
VmHWM:	    2288 kB
VmRSS:	    2288 kB
Threads:	1
THREAD 140 (mosquitto) R 122 122 120 52288 122 4194560 262 0 0 0 958 1823 0 0 20 0 1 0 316 4313088 572 18446744073709551615 187650646818816 187650647061784 281474764166736 0 0 0 0 4100 18947 0 0 0 17 0 0 0 0 0 0 187650647066880 187650647068840 187650647097344 281474764168970 281474764169054 281474764169054 281474764169188 0
PROCESS 149
149 (mqmgateway_arm6) R 122 122 120 52288 122 4194304 829 0 2 0 1020 2384 0 0 20 0 2 0 528 85700608 1997 18446744073709551615 187650626711552 187650626747324 281474621871504 0 0 0 0 6 0 0 0 0 17 0 0 0 0 0 0 187650626750928 187650626752544 187650626756608 281474621873744 281474621874001 281474621874001 281474621874135 0
VmHWM:	    7988 kB
VmRSS:	    7988 kB
Threads:	2
THREAD 149 (mqmgateway_arm6) S 122 122 120 52288 122 4194304 827 0 1 0 249 1504 0 0 20 0 2 0 528 85700608 1997 18446744073709551615 187650626711552 187650626747324 281474621871504 0 0 0 0 6 0 1 0 0 17 0 0 0 0 0 0 187650626750928 187650626752544 187650626756608 281474621873744 281474621874001 281474621874001 281474621874135 0
THREAD 153 (mosquitto loop) S 122 122 120 52288 122 4194368 2 0 1 0 579 1075 0 0 20 0 2 0 533 85700608 1997 18446744073709551615 187650626711552 187650626747324 281474621871504 0 0 0 0 6 0 1 0 0 -1 1 0 0 0 0 0 187650626750928 187650626752544 187650626756608 281474621873744 281474621874001 281474621874001 281474621874135 0
SYSTEM cpu  4526 0 5505 1075 1 0 790 0 0 0
MemFree:          967464 kB
MemAvailable:     937496 kB
SwapFree:              0 kB
METRICS {"enqueued":230036,"dequeued":230036,"current_depth":0,"peak_depth":49,"rejected":0,"processing_latency_ms":0.397844,"published":230096,"publish_failures":0,"command_timeouts":0,"can_errors":0,"telemetry_qos":1,"mqtt_max_inflight":20,"pipeline_metrics_enabled":true,"can_pipeline":{"frames_read":230041,"parsed":230041,"rejected_frames":0,"read_errors":0,"parse":{"count":230041,"mean_us":8.50505,"max_us":4154.14,"p50_upper_us":8,"p95_upper_us":16,"p99_upper_us":256}},"telemetry_enqueued":230041,"telemetry_dequeued":230036,"telemetry_queue_wait":{"count":230036,"mean_us":396.1,"max_us":9183.52,"p50_upper_us":256,"p95_upper_us":2048,"p99_upper_us":4096},"command_queue_wait":{"count":0,"mean_us":0,"max_us":0,"p50_upper_us":0,"p95_upper_us":0,"p99_upper_us":0},"telemetry_worker_before_publish":{"count":230036,"mean_us":29.7778,"max_us":8727.68,"p50_upper_us":32,"p95_upper_us":128,"p99_upper_us":256},"mqtt_pipeline":{"publish_calls":230096,"publish_accepted":230096,"publish_api_errors":0,"puback_received":72696,"qos0_local_completed":0,"telemetry_accepted":230036,"telemetry_puback_received":72672,"pending_tracked":4096,"pending_peak":4096,"oldest_pending_us":1.01297e+07,"tracking_dropped":153304,"unmatched_callbacks":116853,"tracking_complete":false,"publish_api":{"count":230096,"mean_us":15.2087,"max_us":8607.52,"p50_upper_us":8,"p95_upper_us":64,"p99_upper_us":256},"telemetry_puback":{"count":72672,"mean_us":2.741e+06,"max_us":1.01401e+07,"p50_upper_us":2.09715e+06,"p95_upper_us":8.38861e+06,"p99_upper_us":1.01401e+07}}}
SAMPLE 67.98
PROCESS 142
142 (mqmgateway_iot) S 122 122 120 52288 122 4194304 3586 0 16 0 2375 2527 0 0 20 0 5 0 418 307654656 4229 18446744073709551615 187650741432320 187650741531680 281474963155936 0 0 0 0 4 16386 0 0 0 17 1 0 0 0 0 0 187650741536992 187650741538848 187650741542912 281474963160609 281474963160922 281474963160922 281474963161056 0
VmHWM:	   16916 kB
VmRSS:	   16916 kB
Threads:	5
THREAD 142 (mqmgateway_iot) S 122 122 120 52288 122 4194304 163 0 14 0 3 3 0 0 20 0 5 0 418 307654656 4229 18446744073709551615 187650741432320 187650741531680 281474963155936 0 0 0 0 4 16386 1 0 0 17 1 0 0 0 0 0 187650741536992 187650741538848 187650741542912 281474963160609 281474963160922 281474963160922 281474963161056 0
THREAD 144 (mosquitto loop) S 122 122 120 52288 122 4194368 8 0 0 0 675 1111 0 0 20 0 5 0 422 307654656 4229 18446744073709551615 187650741432320 187650741531680 281474963155936 0 0 0 0 4 16386 1 0 0 -1 0 0 0 0 0 0 187650741536992 187650741538848 187650741542912 281474963160609 281474963160922 281474963160922 281474963161056 0
THREAD 145 (mqmgateway_iot) S 122 122 120 52288 122 4194368 275 0 0 0 600 969 0 0 20 0 5 0 422 307654656 4229 18446744073709551615 187650741432320 187650741531680 281474963155936 0 0 0 0 4 16386 1 0 0 -1 0 0 0 0 0 0 187650741536992 187650741538848 187650741542912 281474963160609 281474963160922 281474963160922 281474963161056 0
THREAD 146 (mqmgateway_iot) S 122 122 120 52288 122 4194368 3132 0 0 0 1114 408 0 0 20 0 5 0 422 307654656 4229 18446744073709551615 187650741432320 187650741531680 281474963155936 0 0 0 0 4 16386 1 0 0 -1 0 0 0 0 0 0 187650741536992 187650741538848 187650741542912 281474963160609 281474963160922 281474963160922 281474963161056 0
THREAD 147 (mqmgateway_iot) S 122 122 120 52288 122 4194368 8 0 2 0 5 14 0 0 20 0 5 0 422 307654656 4229 18446744073709551615 187650741432320 187650741531680 281474963155936 0 0 0 0 4 16386 1 0 0 -1 0 0 0 0 0 0 187650741536992 187650741538848 187650741542912 281474963160609 281474963160922 281474963160922 281474963161056 0
PROCESS 140
140 (mosquitto) R 122 122 120 52288 122 4194560 262 0 0 0 1074 2064 0 0 20 0 1 0 316 4313088 572 18446744073709551615 187650646818816 187650647061784 281474764166736 0 0 0 0 4100 18947 0 0 0 17 0 0 0 0 0 0 187650647066880 187650647068840 187650647097344 281474764168970 281474764169054 281474764169054 281474764169188 0
VmHWM:	    2288 kB
VmRSS:	    2288 kB
Threads:	1
THREAD 140 (mosquitto) R 122 122 120 52288 122 4194560 262 0 0 0 1075 2067 0 0 20 0 1 0 316 4313088 572 18446744073709551615 187650646818816 187650647061784 281474764166736 0 0 0 18947 4100 18947 0 0 0 17 0 0 0 0 0 0 187650647066880 187650647068840 187650647097344 281474764168970 281474764169054 281474764169054 281474764169188 0
PROCESS 149
149 (mqmgateway_arm6) S 122 122 120 52288 122 4194304 829 0 2 0 1126 2574 0 0 20 0 2 0 528 85700608 1997 18446744073709551615 187650626711552 187650626747324 281474621871504 0 0 0 0 6 0 0 0 0 17 0 0 0 0 0 0 187650626750928 187650626752544 187650626756608 281474621873744 281474621874001 281474621874001 281474621874135 0
VmHWM:	    7988 kB
VmRSS:	    7988 kB
Threads:	2
THREAD 149 (mqmgateway_arm6) S 122 122 120 52288 122 4194304 827 0 1 0 262 1579 0 0 20 0 2 0 528 85700608 1997 18446744073709551615 187650626711552 187650626747324 281474621871504 0 0 0 0 6 0 1 0 0 17 0 0 0 0 0 0 187650626750928 187650626752544 187650626756608 281474621873744 281474621874001 281474621874001 281474621874135 0
THREAD 153 (mosquitto loop) S 122 122 120 52288 122 4194368 2 0 1 0 656 1205 0 0 20 0 2 0 533 85700608 1997 18446744073709551615 187650626711552 187650626747324 281474621871504 0 0 0 0 6 0 1 0 0 -1 1 0 0 0 0 0 187650626750928 187650626752544 187650626756608 281474621873744 281474621874001 281474621874001 281474621874135 0
SYSTEM cpu  4908 0 6018 1138 1 0 886 0 0 0
MemFree:          969672 kB
MemAvailable:     939708 kB
SwapFree:              0 kB
METRICS {"enqueued":239999,"dequeued":239999,"current_depth":0,"peak_depth":49,"rejected":0,"processing_latency_ms":0.387407,"published":240064,"publish_failures":0,"command_timeouts":0,"can_errors":0,"telemetry_qos":1,"mqtt_max_inflight":20,"pipeline_metrics_enabled":true,"can_pipeline":{"frames_read":239999,"parsed":239999,"rejected_frames":0,"read_errors":0,"parse":{"count":239999,"mean_us":8.56908,"max_us":4154.14,"p50_upper_us":8,"p95_upper_us":16,"p99_upper_us":256}},"telemetry_enqueued":239999,"telemetry_dequeued":239999,"telemetry_queue_wait":{"count":239999,"mean_us":385.658,"max_us":9183.52,"p50_upper_us":256,"p95_upper_us":2048,"p99_upper_us":4096},"command_queue_wait":{"count":0,"mean_us":0,"max_us":0,"p50_upper_us":0,"p95_upper_us":0,"p99_upper_us":0},"telemetry_worker_before_publish":{"count":239999,"mean_us":30.0359,"max_us":8727.68,"p50_upper_us":32,"p95_upper_us":128,"p99_upper_us":256},"mqtt_pipeline":{"publish_calls":240064,"publish_accepted":240064,"publish_api_errors":0,"puback_received":75455,"qos0_local_completed":0,"telemetry_accepted":239999,"telemetry_puback_received":75431,"pending_tracked":2202,"pending_peak":4096,"oldest_pending_us":8.57432e+06,"tracking_dropped":162407,"unmatched_callbacks":140555,"tracking_complete":false,"publish_api":{"count":240064,"mean_us":15.1787,"max_us":8607.52,"p50_upper_us":8,"p95_upper_us":64,"p99_upper_us":256},"telemetry_puback":{"count":75431,"mean_us":3.00058e+06,"max_us":1.06712e+07,"p50_upper_us":2.09715e+06,"p95_upper_us":1.06712e+07,"p99_upper_us":1.06712e+07}}}
