PIDS gateway=143 broker=141 probe=151
CLK_TCK=100 (Linux USER_HZ fallback=100 if getconf unavailable)
SAMPLE 5.42
PROCESS 143
143 (mqmgateway_iot) S 123 123 120 52288 123 4194304 181 0 15 0 3 3 0 0 20 0 6 0 427 181891072 837 18446744073709551615 187650675163136 187650675262496 281474921747840 0 0 0 0 4 16386 0 0 0 17 0 0 0 0 0 0 187650675267808 187650675269664 187650675273728 281474921750049 281474921750362 281474921750362 281474921750496 0
VmHWM:	    3348 kB
VmRSS:	    3348 kB
Threads:	6
THREAD 143 (mqmgateway_iot) S 123 123 120 52288 123 4194304 167 0 13 0 2 1 0 0 20 0 6 0 427 383217664 837 18446744073709551615 187650675163136 187650675262496 281474921747840 0 0 0 0 4 16386 1 0 0 17 0 0 0 0 0 0 187650675267808 187650675269664 187650675273728 281474921750049 281474921750362 281474921750362 281474921750496 0
THREAD 145 (mosquitto loop) R 123 123 120 52288 123 4194368 4 0 0 0 1 0 0 0 20 0 6 0 431 383217664 837 18446744073709551615 187650675163136 187650675262496 281474921747840 0 0 0 0 4 16386 0 0 0 -1 0 0 0 0 0 0 187650675267808 187650675269664 187650675273728 281474921750049 281474921750362 281474921750362 281474921750496 0
THREAD 146 (mqmgateway_iot) R 123 123 120 52288 123 4194368 6 0 0 0 1 1 0 0 20 0 6 0 431 383217664 837 18446744073709551615 187650675163136 187650675262496 281474921747840 0 0 0 0 4 16386 0 0 0 -1 1 0 0 0 0 0 187650675267808 187650675269664 187650675273728 281474921750049 281474921750362 281474921750362 281474921750496 0
THREAD 147 (mqmgateway_iot) S 123 123 120 52288 123 4194368 13 0 0 0 1 0 0 0 20 0 6 0 431 383217664 869 18446744073709551615 187650675163136 187650675262496 281474921747840 0 0 0 0 4 16386 1 0 0 -1 1 0 0 0 0 0 187650675267808 187650675269664 187650675273728 281474921750049 281474921750362 281474921750362 281474921750496 0
THREAD 148 (mqmgateway_iot) S 123 123 120 52288 123 4194368 14 0 0 0 2 0 0 0 20 0 6 0 431 383217664 869 18446744073709551615 187650675163136 187650675262496 281474921747840 0 0 0 0 4 16386 1 0 0 -1 1 0 0 0 0 0 187650675267808 187650675269664 187650675273728 281474921750049 281474921750362 281474921750362 281474921750496 0
THREAD 149 (mqmgateway_iot) S 123 123 120 52288 123 4194368 8 0 2 0 0 0 0 0 20 0 6 0 431 383217664 869 18446744073709551615 187650675163136 187650675262496 281474921747840 0 0 0 0 4 16386 1 0 0 -1 1 0 0 0 0 0 187650675267808 187650675269664 187650675273728 281474921750049 281474921750362 281474921750362 281474921750496 0
PROCESS 141
141 (mosquitto) R 123 123 120 52288 123 4194560 127 0 0 0 5 9 0 0 20 0 1 0 325 3772416 474 18446744073709551615 187650425810944 187650426053912 281474701469056 0 0 0 0 4100 18947 0 0 0 17 0 0 0 0 0 0 187650426059008 187650426060968 187650426089472 281474701471498 281474701471582 281474701471582 281474701471716 0
VmHWM:	    1896 kB
VmRSS:	    1896 kB
Threads:	1
THREAD 141 (mosquitto) R 123 123 120 52288 123 4194560 144 0 0 0 7 11 0 0 20 0 1 0 325 3772416 474 18446744073709551615 187650425810944 187650426053912 281474701469056 0 0 0 18947 4100 18947 0 0 0 17 0 0 0 0 0 0 187650426059008 187650426060968 187650426089472 281474701471498 281474701471582 281474701471582 281474701471716 0
PROCESS 151
151 (mqmgateway_arm6) R 123 123 120 52288 123 4194304 317 0 2 0 5 15 0 0 20 0 2 0 539 85700608 1997 18446744073709551615 187650713534464 187650713570236 281474436343120 0 0 0 0 6 0 0 0 0 17 0 0 0 0 0 0 187650713573840 187650713575456 187650713579520 281474436345424 281474436345681 281474436345681 281474436345815 0
VmHWM:	    7988 kB
VmRSS:	    7988 kB
Threads:	2
THREAD 151 (mqmgateway_arm6) R 123 123 120 52288 123 4194304 314 0 1 0 4 10 0 0 20 0 2 0 539 85700608 1997 18446744073709551615 187650713534464 187650713570236 281474436343120 0 0 0 0 6 0 0 0 0 17 0 0 0 0 0 0 187650713573840 187650713575456 187650713579520 281474436345424 281474436345681 281474436345681 281474436345815 0
THREAD 155 (mosquitto loop) S 123 123 120 52288 123 4194368 3 0 1 0 4 7 0 0 20 0 2 0 543 85700608 1997 18446744073709551615 187650713534464 187650713570236 281474436343120 0 0 0 0 6 0 1 0 0 -1 0 0 0 0 0 0 187650713573840 187650713575456 187650713579520 281474436345424 281474436345681 281474436345681 281474436345815 0
SYSTEM cpu  186 0 128 815 3 0 7 0 0 0
MemFree:          984600 kB
MemAvailable:     954564 kB
SwapFree:              0 kB
METRICS {"enqueued":0,"dequeued":0,"current_depth":0,"peak_depth":0,"rejected":0,"processing_latency_ms":0,"published":3,"publish_failures":0,"command_timeouts":0,"can_errors":0,"telemetry_qos":1,"mqtt_max_inflight":20,"pipeline_metrics_enabled":true,"can_pipeline":{"frames_read":0,"parsed":0,"rejected_frames":0,"read_errors":0,"parse":{"count":0,"mean_us":0,"max_us":0,"p50_upper_us":0,"p95_upper_us":0,"p99_upper_us":0}},"telemetry_enqueued":0,"telemetry_dequeued":0,"telemetry_queue_wait":{"count":0,"mean_us":0,"max_us":0,"p50_upper_us":0,"p95_upper_us":0,"p99_upper_us":0},"command_queue_wait":{"count":0,"mean_us":0,"max_us":0,"p50_upper_us":0,"p95_upper_us":0,"p99_upper_us":0},"telemetry_worker_before_publish":{"count":0,"mean_us":0,"max_us":0,"p50_upper_us":0,"p95_upper_us":0,"p99_upper_us":0},"mqtt_pipeline":{"publish_calls":3,"publish_accepted":3,"publish_api_errors":0,"puback_received":2,"qos0_local_completed":0,"telemetry_accepted":0,"telemetry_puback_received":0,"pending_tracked":1,"pending_peak":2,"oldest_pending_us":2106.06,"tracking_dropped":0,"unmatched_callbacks":0,"tracking_complete":true,"publish_api":{"count":3,"mean_us":341.061,"max_us":513.664,"p50_upper_us":512,"p95_upper_us":513.664,"p99_upper_us":513.664},"telemetry_puback":{"count":0,"mean_us":0,"max_us":0,"p50_upper_us":0,"p95_upper_us":0,"p99_upper_us":0}}}
SAMPLE 11.07
PROCESS 143
143 (mqmgateway_iot) S 123 123 120 52288 123 4194304 538 0 15 0 238 259 0 0 20 0 6 0 427 383217664 1157 18446744073709551615 187650675163136 187650675262496 281474921747840 0 0 0 0 4 16386 0 0 0 17 0 0 0 0 0 0 187650675267808 187650675269664 187650675273728 281474921750049 281474921750362 281474921750362 281474921750496 0
VmHWM:	    4628 kB
VmRSS:	    4628 kB
Threads:	6
THREAD 143 (mqmgateway_iot) S 123 123 120 52288 123 4194304 167 0 13 0 2 1 0 0 20 0 6 0 427 383217664 1157 18446744073709551615 187650675163136 187650675262496 281474921747840 0 0 0 0 4 16386 1 0 0 17 0 0 0 0 0 0 187650675267808 187650675269664 187650675273728 281474921750049 281474921750362 281474921750362 281474921750496 0
THREAD 145 (mosquitto loop) S 123 123 120 52288 123 4194368 4 0 0 0 69 87 0 0 20 0 6 0 431 383217664 1157 18446744073709551615 187650675163136 187650675262496 281474921747840 0 0 0 0 4 16386 1 0 0 -1 0 0 0 0 0 0 187650675267808 187650675269664 187650675273728 281474921750049 281474921750362 281474921750362 281474921750496 0
THREAD 146 (mqmgateway_iot) S 123 123 120 52288 123 4194368 35 0 0 0 52 109 0 0 20 0 6 0 431 383217664 1157 18446744073709551615 187650675163136 187650675262496 281474921747840 0 0 0 0 4 16386 1 0 0 -1 1 0 0 0 0 0 187650675267808 187650675269664 187650675273728 281474921750049 281474921750362 281474921750362 281474921750496 0
THREAD 147 (mqmgateway_iot) S 123 123 120 52288 123 4194368 188 0 0 0 65 25 0 0 20 0 6 0 431 383217664 1157 18446744073709551615 187650675163136 187650675262496 281474921747840 0 0 0 0 4 16386 1 0 0 -1 1 0 0 0 0 0 187650675267808 187650675269664 187650675273728 281474921750049 281474921750362 281474921750362 281474921750496 0
THREAD 148 (mqmgateway_iot) S 123 123 120 52288 123 4194368 150 0 0 0 59 34 0 0 20 0 6 0 431 383217664 1157 18446744073709551615 187650675163136 187650675262496 281474921747840 0 0 0 0 4 16386 1 0 0 -1 0 0 0 0 0 0 187650675267808 187650675269664 187650675273728 281474921750049 281474921750362 281474921750362 281474921750496 0
THREAD 149 (mqmgateway_iot) S 123 123 120 52288 123 4194368 8 0 2 0 1 1 0 0 20 0 6 0 431 383217664 1189 18446744073709551615 187650675163136 187650675262496 281474921747840 0 0 0 0 4 16386 1 0 0 -1 0 0 0 0 0 0 187650675267808 187650675269664 187650675273728 281474921750049 281474921750362 281474921750362 281474921750496 0
PROCESS 141
141 (mosquitto) R 123 123 120 52288 123 4194560 151 0 0 0 100 168 0 0 20 0 1 0 325 3772416 474 18446744073709551615 187650425810944 187650426053912 281474701469056 0 0 0 18947 4100 18947 0 0 0 17 0 0 0 0 0 0 187650426059008 187650426060968 187650426089472 281474701471498 281474701471582 281474701471582 281474701471716 0
VmHWM:	    1896 kB
VmRSS:	    1896 kB
Threads:	1
THREAD 141 (mosquitto) R 123 123 120 52288 123 4194560 151 0 0 0 101 171 0 0 20 0 1 0 325 3772416 474 18446744073709551615 187650425810944 187650426053912 281474701469056 0 0 0 0 4100 18947 0 0 0 17 0 0 0 0 0 0 187650426059008 187650426060968 187650426089472 281474701471498 281474701471582 281474701471582 281474701471716 0
PROCESS 151
151 (mqmgateway_arm6) R 123 123 120 52288 123 4194304 317 0 2 0 111 246 0 0 20 0 2 0 539 85700608 1997 18446744073709551615 187650713534464 187650713570236 281474436343120 0 0 0 0 6 0 0 0 0 17 1 0 0 0 0 0 187650713573840 187650713575456 187650713579520 281474436345424 281474436345681 281474436345681 281474436345815 0
VmHWM:	    7988 kB
VmRSS:	    7988 kB
Threads:	2
THREAD 151 (mqmgateway_arm6) S 123 123 120 52288 123 4194304 314 0 1 0 35 154 0 0 20 0 2 0 539 85700608 1997 18446744073709551615 187650713534464 187650713570236 281474436343120 0 0 0 0 6 0 1 0 0 17 1 0 0 0 0 0 187650713573840 187650713575456 187650713579520 281474436345424 281474436345681 281474436345681 281474436345815 0
THREAD 155 (mosquitto loop) R 123 123 120 52288 123 4194368 3 0 1 0 63 110 0 0 20 0 2 0 543 85700608 1997 18446744073709551615 187650713534464 187650713570236 281474436343120 0 0 0 0 6 0 0 0 0 -1 0 0 0 0 0 0 187650713573840 187650713575456 187650713579520 281474436345424 281474436345681 281474436345681 281474436345815 0
SYSTEM cpu  658 0 698 832 3 0 69 0 0 0
MemFree:          982808 kB
MemAvailable:     952780 kB
SwapFree:              0 kB
METRICS {"enqueued":23846,"dequeued":23832,"current_depth":14,"peak_depth":30,"rejected":0,"processing_latency_ms":0.200511,"published":23846,"publish_failures":0,"command_timeouts":0,"can_errors":0,"telemetry_qos":1,"mqtt_max_inflight":20,"pipeline_metrics_enabled":true,"can_pipeline":{"frames_read":23846,"parsed":23846,"rejected_frames":0,"read_errors":0,"parse":{"count":23846,"mean_us":8.50311,"max_us":4420.13,"p50_upper_us":8,"p95_upper_us":16,"p99_upper_us":256}},"telemetry_enqueued":23846,"telemetry_dequeued":23839,"telemetry_queue_wait":{"count":23839,"mean_us":199.372,"max_us":8798.19,"p50_upper_us":128,"p95_upper_us":1024,"p99_upper_us":2048},"command_queue_wait":{"count":0,"mean_us":0,"max_us":0,"p50_upper_us":0,"p95_upper_us":0,"p99_upper_us":0},"telemetry_worker_before_publish":{"count":23839,"mean_us":34.3705,"max_us":3747.01,"p50_upper_us":32,"p95_upper_us":128,"p99_upper_us":256},"mqtt_pipeline":{"publish_calls":23847,"publish_accepted":23847,"publish_api_errors":0,"puback_received":19937,"qos0_local_completed":0,"telemetry_accepted":23838,"telemetry_puback_received":19929,"pending_tracked":3910,"pending_peak":3911,"oldest_pending_us":979032,"tracking_dropped":0,"unmatched_callbacks":0,"tracking_complete":true,"publish_api":{"count":23847,"mean_us":14.5121,"max_us":3829.42,"p50_upper_us":8,"p95_upper_us":64,"p99_upper_us":256},"telemetry_puback":{"count":19929,"mean_us":494514,"max_us":977795,"p50_upper_us":524288,"p95_upper_us":977795,"p99_upper_us":977795}}}
SAMPLE 16.96
PROCESS 143
143 (mqmgateway_iot) S 123 123 120 52288 123 4194304 872 0 15 0 498 524 0 0 20 0 6 0 427 383217664 1509 18446744073709551615 187650675163136 187650675262496 281474921747840 0 0 0 0 4 16386 0 0 0 17 0 0 0 0 0 0 187650675267808 187650675269664 187650675273728 281474921750049 281474921750362 281474921750362 281474921750496 0
VmHWM:	    6036 kB
VmRSS:	    6036 kB
Threads:	6
THREAD 143 (mqmgateway_iot) S 123 123 120 52288 123 4194304 167 0 13 0 2 1 0 0 20 0 6 0 427 383217664 1509 18446744073709551615 187650675163136 187650675262496 281474921747840 0 0 0 0 4 16386 1 0 0 17 0 0 0 0 0 0 187650675267808 187650675269664 187650675273728 281474921750049 281474921750362 281474921750362 281474921750496 0
THREAD 145 (mosquitto loop) S 123 123 120 52288 123 4194368 4 0 0 0 131 181 0 0 20 0 6 0 431 383217664 1509 18446744073709551615 187650675163136 187650675262496 281474921747840 0 0 0 0 4 16386 1 0 0 -1 0 0 0 0 0 0 187650675267808 187650675269664 187650675273728 281474921750049 281474921750362 281474921750362 281474921750496 0
THREAD 146 (mqmgateway_iot) R 123 123 120 52288 123 4194368 65 0 0 0 114 219 0 0 20 0 6 0 431 383217664 1509 18446744073709551615 187650675163136 187650675262496 281474921747840 0 0 0 0 4 16386 0 0 0 -1 0 0 0 0 0 0 187650675267808 187650675269664 187650675273728 281474921750049 281474921750362 281474921750362 281474921750496 0
THREAD 147 (mqmgateway_iot) S 123 123 120 52288 123 4194368 334 0 0 0 136 52 0 0 20 0 6 0 431 383217664 1509 18446744073709551615 187650675163136 187650675262496 281474921747840 0 0 0 0 4 16386 1 0 0 -1 1 0 0 0 0 0 187650675267808 187650675269664 187650675273728 281474921750049 281474921750362 281474921750362 281474921750496 0
THREAD 148 (mqmgateway_iot) S 123 123 120 52288 123 4194368 317 0 0 0 130 61 0 0 20 0 6 0 431 383217664 1541 18446744073709551615 187650675163136 187650675262496 281474921747840 0 0 0 0 4 16386 1 0 0 -1 0 0 0 0 0 0 187650675267808 187650675269664 187650675273728 281474921750049 281474921750362 281474921750362 281474921750496 0
THREAD 149 (mqmgateway_iot) S 123 123 120 52288 123 4194368 8 0 2 0 1 3 0 0 20 0 6 0 431 383217664 1541 18446744073709551615 187650675163136 187650675262496 281474921747840 0 0 0 0 4 16386 1 0 0 -1 1 0 0 0 0 0 187650675267808 187650675269664 187650675273728 281474921750049 281474921750362 281474921750362 281474921750496 0
PROCESS 141
141 (mosquitto) R 123 123 120 52288 123 4194560 239 0 0 0 195 331 0 0 20 0 1 0 325 4177920 570 18446744073709551615 187650425810944 187650426053912 281474701469056 0 0 0 0 4100 18947 0 0 0 17 1 0 0 0 0 0 187650426059008 187650426060968 187650426089472 281474701471498 281474701471582 281474701471582 281474701471716 0
VmHWM:	    2280 kB
VmRSS:	    2280 kB
Threads:	1
THREAD 141 (mosquitto) R 123 123 120 52288 123 4194560 239 0 0 0 196 334 0 0 20 0 1 0 325 4177920 570 18446744073709551615 187650425810944 187650426053912 281474701469056 0 0 0 0 4100 18947 0 0 0 17 1 0 0 0 0 0 187650426059008 187650426060968 187650426089472 281474701471498 281474701471582 281474701471582 281474701471716 0
PROCESS 151
151 (mqmgateway_arm6) R 123 123 120 52288 123 4194304 317 0 2 0 220 478 0 0 20 0 2 0 539 85700608 1997 18446744073709551615 187650713534464 187650713570236 281474436343120 0 0 0 0 6 0 0 0 0 17 0 0 0 0 0 0 187650713573840 187650713575456 187650713579520 281474436345424 281474436345681 281474436345681 281474436345815 0
VmHWM:	    7988 kB
VmRSS:	    7988 kB
Threads:	2
THREAD 151 (mqmgateway_arm6) S 123 123 120 52288 123 4194304 314 0 1 0 57 310 0 0 20 0 2 0 539 85700608 1997 18446744073709551615 187650713534464 187650713570236 281474436343120 0 0 0 0 6 0 1 0 0 17 0 0 0 0 0 0 187650713573840 187650713575456 187650713579520 281474436345424 281474436345681 281474436345681 281474436345815 0
THREAD 155 (mosquitto loop) S 123 123 120 52288 123 4194368 3 0 1 0 123 212 0 0 20 0 2 0 543 85700608 1997 18446744073709551615 187650713534464 187650713570236 281474436343120 0 0 0 0 6 0 1 0 0 -1 0 0 0 0 0 0 187650713573840 187650713575456 187650713579520 281474436345424 281474436345681 281474436345681 281474436345815 0
SYSTEM cpu  1152 0 1246 845 3 0 125 0 0 0
MemFree:          980372 kB
MemAvailable:     950348 kB
SwapFree:              0 kB
METRICS {"enqueued":48113,"dequeued":48111,"current_depth":2,"peak_depth":39,"rejected":0,"processing_latency_ms":0.189162,"published":48126,"publish_failures":0,"command_timeouts":0,"can_errors":0,"telemetry_qos":1,"mqtt_max_inflight":20,"pipeline_metrics_enabled":true,"can_pipeline":{"frames_read":48115,"parsed":48115,"rejected_frames":0,"read_errors":0,"parse":{"count":48115,"mean_us":8.7484,"max_us":4420.13,"p50_upper_us":8,"p95_upper_us":16,"p99_upper_us":256}},"telemetry_enqueued":48115,"telemetry_dequeued":48114,"telemetry_queue_wait":{"count":48114,"mean_us":187.499,"max_us":8798.19,"p50_upper_us":128,"p95_upper_us":1024,"p99_upper_us":2048},"command_queue_wait":{"count":0,"mean_us":0,"max_us":0,"p50_upper_us":0,"p95_upper_us":0,"p99_upper_us":0},"telemetry_worker_before_publish":{"count":48113,"mean_us":35.3649,"max_us":3822.5,"p50_upper_us":32,"p95_upper_us":128,"p99_upper_us":256},"mqtt_pipeline":{"publish_calls":48128,"publish_accepted":48128,"publish_api_errors":0,"puback_received":34811,"qos0_local_completed":0,"telemetry_accepted":48113,"telemetry_puback_received":34800,"pending_tracked":4096,"pending_peak":4096,"oldest_pending_us":2.11283e+06,"tracking_dropped":9221,"unmatched_callbacks":4862,"tracking_complete":false,"publish_api":{"count":48128,"mean_us":14.4818,"max_us":3829.42,"p50_upper_us":8,"p95_upper_us":64,"p99_upper_us":256},"telemetry_puback":{"count":34800,"mean_us":914578,"max_us":2.10752e+06,"p50_upper_us":1.04858e+06,"p95_upper_us":2.09715e+06,"p99_upper_us":2.09715e+06}}}
SAMPLE 22.77
PROCESS 143
143 (mqmgateway_iot) S 123 123 120 52288 123 4194304 1145 0 15 0 738 789 0 0 20 0 6 0 427 383217664 1765 18446744073709551615 187650675163136 187650675262496 281474921747840 0 0 0 0 4 16386 0 0 0 17 0 0 0 0 0 0 187650675267808 187650675269664 187650675273728 281474921750049 281474921750362 281474921750362 281474921750496 0
VmHWM:	    7188 kB
VmRSS:	    7188 kB
Threads:	6
THREAD 143 (mqmgateway_iot) S 123 123 120 52288 123 4194304 167 0 13 0 2 2 0 0 20 0 6 0 427 383217664 1797 18446744073709551615 187650675163136 187650675262496 281474921747840 0 0 0 0 4 16386 1 0 0 17 0 0 0 0 0 0 187650675267808 187650675269664 187650675273728 281474921750049 281474921750362 281474921750362 281474921750496 0
THREAD 145 (mosquitto loop) R 123 123 120 52288 123 4194368 5 0 0 0 193 274 0 0 20 0 6 0 431 383217664 1797 18446744073709551615 187650675163136 187650675262496 281474921747840 0 0 0 0 4 16386 0 0 0 -1 1 0 0 0 0 0 187650675267808 187650675269664 187650675273728 281474921750049 281474921750362 281474921750362 281474921750496 0
THREAD 146 (mqmgateway_iot) R 123 123 120 52288 123 4194368 91 0 0 0 172 325 0 0 20 0 6 0 431 383217664 1797 18446744073709551615 187650675163136 187650675262496 281474921747840 0 0 0 0 4 16386 0 0 0 -1 0 0 0 0 0 0 187650675267808 187650675269664 187650675273728 281474921750049 281474921750362 281474921750362 281474921750496 0
THREAD 147 (mqmgateway_iot) R 123 123 120 52288 123 4194368 470 0 0 0 194 85 0 0 20 0 6 0 431 383217664 1797 18446744073709551615 187650675163136 187650675262496 281474921747840 0 0 0 0 4 16386 1 0 0 -1 0 0 0 0 0 0 187650675267808 187650675269664 187650675273728 281474921750049 281474921750362 281474921750362 281474921750496 0
THREAD 148 (mqmgateway_iot) R 123 123 120 52288 123 4194368 431 0 0 0 195 90 0 0 20 0 6 0 431 383217664 1829 18446744073709551615 187650675163136 187650675262496 281474921747840 0 0 0 0 4 16386 0 0 0 -1 1 0 0 0 0 0 187650675267808 187650675269664 187650675273728 281474921750049 281474921750362 281474921750362 281474921750496 0
THREAD 149 (mqmgateway_iot) S 123 123 120 52288 123 4194368 8 0 2 0 1 4 0 0 20 0 6 0 431 383217664 1829 18446744073709551615 187650675163136 187650675262496 281474921747840 0 0 0 0 4 16386 1 0 0 -1 1 0 0 0 0 0 187650675267808 187650675269664 187650675273728 281474921750049 281474921750362 281474921750362 281474921750496 0
PROCESS 141
141 (mosquitto) R 123 123 120 52288 123 4194560 239 0 0 0 295 492 0 0 20 0 1 0 325 4177920 570 18446744073709551615 187650425810944 187650426053912 281474701469056 0 0 0 0 4100 18947 0 0 0 17 1 0 0 0 0 0 187650426059008 187650426060968 187650426089472 281474701471498 281474701471582 281474701471582 281474701471716 0
VmHWM:	    2280 kB
VmRSS:	    2280 kB
Threads:	1
THREAD 141 (mosquitto) S 123 123 120 52288 123 4194560 239 0 0 0 297 495 0 0 20 0 1 0 325 4177920 570 18446744073709551615 187650425810944 187650426053912 281474701469056 0 0 0 18947 4100 18947 1 0 0 17 1 0 0 0 0 0 187650426059008 187650426060968 187650426089472 281474701471498 281474701471582 281474701471582 281474701471716 0
PROCESS 151
151 (mqmgateway_arm6) S 123 123 120 52288 123 4194304 317 0 2 0 329 709 0 0 20 0 2 0 539 85700608 1997 18446744073709551615 187650713534464 187650713570236 281474436343120 0 0 0 0 6 0 0 0 0 17 0 0 0 0 0 0 187650713573840 187650713575456 187650713579520 281474436345424 281474436345681 281474436345681 281474436345815 0
VmHWM:	    7988 kB
VmRSS:	    7988 kB
Threads:	2
THREAD 151 (mqmgateway_arm6) R 123 123 120 52288 123 4194304 314 0 1 0 82 455 0 0 20 0 2 0 539 85700608 1997 18446744073709551615 187650713534464 187650713570236 281474436343120 0 0 0 0 6 0 0 0 0 17 0 0 0 0 0 0 187650713573840 187650713575456 187650713579520 281474436345424 281474436345681 281474436345681 281474436345815 0
THREAD 155 (mosquitto loop) R 123 123 120 52288 123 4194368 3 0 1 0 188 318 0 0 20 0 2 0 543 85700608 1997 18446744073709551615 187650713534464 187650713570236 281474436343120 0 0 0 0 6 0 0 0 0 -1 0 0 0 0 0 0 187650713573840 187650713575456 187650713579520 281474436345424 281474436345681 281474436345681 281474436345815 0
SYSTEM cpu  1620 0 1809 861 3 0 196 0 0 0
MemFree:          977768 kB
MemAvailable:     947756 kB
SwapFree:              0 kB
METRICS {"enqueued":72388,"dequeued":72384,"current_depth":4,"peak_depth":39,"rejected":0,"processing_latency_ms":0.20144,"published":72405,"publish_failures":0,"command_timeouts":0,"can_errors":0,"telemetry_qos":1,"mqtt_max_inflight":20,"pipeline_metrics_enabled":true,"can_pipeline":{"frames_read":72388,"parsed":72388,"rejected_frames":0,"read_errors":0,"parse":{"count":72388,"mean_us":8.67385,"max_us":4420.13,"p50_upper_us":8,"p95_upper_us":16,"p99_upper_us":256}},"telemetry_enqueued":72388,"telemetry_dequeued":72384,"telemetry_queue_wait":{"count":72384,"mean_us":199.795,"max_us":8798.19,"p50_upper_us":128,"p95_upper_us":1024,"p99_upper_us":2048},"command_queue_wait":{"count":0,"mean_us":0,"max_us":0,"p50_upper_us":0,"p95_upper_us":0,"p99_upper_us":0},"telemetry_worker_before_publish":{"count":72384,"mean_us":34.9349,"max_us":3955.25,"p50_upper_us":32,"p95_upper_us":128,"p99_upper_us":256},"mqtt_pipeline":{"publish_calls":72405,"publish_accepted":72405,"publish_api_errors":0,"puback_received":43529,"qos0_local_completed":0,"telemetry_accepted":72384,"telemetry_puback_received":43518,"pending_tracked":4096,"pending_peak":4096,"oldest_pending_us":3.09688e+06,"tracking_dropped":24780,"unmatched_callbacks":16489,"tracking_complete":false,"publish_api":{"count":72405,"mean_us":14.1414,"max_us":3829.42,"p50_upper_us":8,"p95_upper_us":64,"p99_upper_us":256},"telemetry_puback":{"count":43518,"mean_us":1.24528e+06,"max_us":3.099e+06,"p50_upper_us":2.09715e+06,"p95_upper_us":3.099e+06,"p99_upper_us":3.099e+06}}}
SAMPLE 28.64
PROCESS 143
143 (mqmgateway_iot) S 123 123 120 52288 123 4194304 1498 0 15 0 982 1067 0 0 20 0 6 0 427 383217664 2117 18446744073709551615 187650675163136 187650675262496 281474921747840 0 0 0 0 4 16386 0 0 0 17 0 0 0 0 0 0 187650675267808 187650675269664 187650675273728 281474921750049 281474921750362 281474921750362 281474921750496 0
VmHWM:	    8468 kB
VmRSS:	    8468 kB
Threads:	6
THREAD 143 (mqmgateway_iot) S 123 123 120 52288 123 4194304 167 0 13 0 2 2 0 0 20 0 6 0 427 383217664 2117 18446744073709551615 187650675163136 187650675262496 281474921747840 0 0 0 0 4 16386 1 0 0 17 0 0 0 0 0 0 187650675267808 187650675269664 187650675273728 281474921750049 281474921750362 281474921750362 281474921750496 0
THREAD 145 (mosquitto loop) R 123 123 120 52288 123 4194368 6 0 0 0 249 370 0 0 20 0 6 0 431 383217664 2149 18446744073709551615 187650675163136 187650675262496 281474921747840 0 0 0 0 4 16386 0 0 0 -1 1 0 0 0 0 0 187650675267808 187650675269664 187650675273728 281474921750049 281474921750362 281474921750362 281474921750496 0
THREAD 146 (mqmgateway_iot) S 123 123 120 52288 123 4194368 122 0 0 0 229 442 0 0 20 0 6 0 431 383217664 2149 18446744073709551615 187650675163136 187650675262496 281474921747840 0 0 0 0 4 16386 1 0 0 -1 0 0 0 0 0 0 187650675267808 187650675269664 187650675273728 281474921750049 281474921750362 281474921750362 281474921750496 0
THREAD 147 (mqmgateway_iot) S 123 123 120 52288 123 4194368 618 0 0 0 256 118 0 0 20 0 6 0 431 383217664 2149 18446744073709551615 187650675163136 187650675262496 281474921747840 0 0 0 0 4 16386 1 0 0 -1 0 0 0 0 0 0 187650675267808 187650675269664 187650675273728 281474921750049 281474921750362 281474921750362 281474921750496 0
THREAD 148 (mqmgateway_iot) S 123 123 120 52288 123 4194368 602 0 0 0 268 116 0 0 20 0 6 0 431 383217664 2149 18446744073709551615 187650675163136 187650675262496 281474921747840 0 0 0 0 4 16386 1 0 0 -1 0 0 0 0 0 0 187650675267808 187650675269664 187650675273728 281474921750049 281474921750362 281474921750362 281474921750496 0
THREAD 149 (mqmgateway_iot) S 123 123 120 52288 123 4194368 8 0 2 0 1 6 0 0 20 0 6 0 431 383217664 2149 18446744073709551615 187650675163136 187650675262496 281474921747840 0 0 0 0 4 16386 1 0 0 -1 1 0 0 0 0 0 187650675267808 187650675269664 187650675273728 281474921750049 281474921750362 281474921750362 281474921750496 0
PROCESS 141
141 (mosquitto) R 123 123 120 52288 123 4194560 239 0 0 0 389 655 0 0 20 0 1 0 325 4177920 570 18446744073709551615 187650425810944 187650426053912 281474701469056 0 0 0 0 4100 18947 0 0 0 17 1 0 0 0 0 0 187650426059008 187650426060968 187650426089472 281474701471498 281474701471582 281474701471582 281474701471716 0
VmHWM:	    2280 kB
VmRSS:	    2280 kB
Threads:	1
THREAD 141 (mosquitto) S 123 123 120 52288 123 4194560 239 0 0 0 390 657 0 0 20 0 1 0 325 4177920 570 18446744073709551615 187650425810944 187650426053912 281474701469056 0 0 0 18947 4100 18947 0 0 0 17 0 0 0 0 0 0 187650426059008 187650426060968 187650426089472 281474701471498 281474701471582 281474701471582 281474701471716 0
PROCESS 151
151 (mqmgateway_arm6) R 123 123 120 52288 123 4194304 317 0 2 0 429 947 0 0 20 0 2 0 539 85700608 1997 18446744073709551615 187650713534464 187650713570236 281474436343120 0 0 0 0 6 0 0 0 0 17 1 0 0 0 0 0 187650713573840 187650713575456 187650713579520 281474436345424 281474436345681 281474436345681 281474436345815 0
VmHWM:	    7988 kB
VmRSS:	    7988 kB
Threads:	2
THREAD 151 (mqmgateway_arm6) R 123 123 120 52288 123 4194304 314 0 1 0 117 595 0 0 20 0 2 0 539 85700608 1997 18446744073709551615 187650713534464 187650713570236 281474436343120 0 0 0 0 6 0 1 0 0 17 1 0 0 0 0 0 187650713573840 187650713575456 187650713579520 281474436345424 281474436345681 281474436345681 281474436345815 0
THREAD 155 (mosquitto loop) S 123 123 120 52288 123 4194368 3 0 1 0 243 424 0 0 20 0 2 0 543 85700608 1997 18446744073709551615 187650713534464 187650713570236 281474436343120 0 0 0 0 6 0 1 0 0 -1 1 0 0 0 0 0 187650713573840 187650713575456 187650713579520 281474436345424 281474436345681 281474436345681 281474436345815 0
SYSTEM cpu  2073 0 2374 873 3 0 258 0 0 0
MemFree:          972916 kB
MemAvailable:     942912 kB
SwapFree:              0 kB
METRICS {"enqueued":92631,"dequeued":92631,"current_depth":0,"peak_depth":39,"rejected":0,"processing_latency_ms":0.194193,"published":92658,"publish_failures":0,"command_timeouts":0,"can_errors":0,"telemetry_qos":1,"mqtt_max_inflight":20,"pipeline_metrics_enabled":true,"can_pipeline":{"frames_read":92632,"parsed":92632,"rejected_frames":0,"read_errors":0,"parse":{"count":92632,"mean_us":8.78241,"max_us":4420.13,"p50_upper_us":8,"p95_upper_us":16,"p99_upper_us":256}},"telemetry_enqueued":92632,"telemetry_dequeued":92632,"telemetry_queue_wait":{"count":92632,"mean_us":192.552,"max_us":8798.19,"p50_upper_us":128,"p95_upper_us":1024,"p99_upper_us":2048},"command_queue_wait":{"count":0,"mean_us":0,"max_us":0,"p50_upper_us":0,"p95_upper_us":0,"p99_upper_us":0},"telemetry_worker_before_publish":{"count":92632,"mean_us":35.2992,"max_us":3955.25,"p50_upper_us":32,"p95_upper_us":128,"p99_upper_us":256},"mqtt_pipeline":{"publish_calls":92658,"publish_accepted":92658,"publish_api_errors":0,"puback_received":49246,"qos0_local_completed":0,"telemetry_accepted":92632,"telemetry_puback_received":49233,"pending_tracked":4093,"pending_peak":4096,"oldest_pending_us":3.94009e+06,"tracking_dropped":39319,"unmatched_callbacks":27647,"tracking_complete":false,"publish_api":{"count":92658,"mean_us":14.2269,"max_us":3829.42,"p50_upper_us":8,"p95_upper_us":64,"p99_upper_us":256},"telemetry_puback":{"count":49233,"mean_us":1.50073e+06,"max_us":3.94305e+06,"p50_upper_us":2.09715e+06,"p95_upper_us":3.94305e+06,"p99_upper_us":3.94305e+06}}}
SAMPLE 34.39
PROCESS 143
143 (mqmgateway_iot) S 123 123 120 52288 123 4194304 1778 0 15 0 1235 1328 0 0 20 0 6 0 427 383217664 2405 18446744073709551615 187650675163136 187650675262496 281474921747840 0 0 0 0 4 16386 0 0 0 17 0 0 0 0 0 0 187650675267808 187650675269664 187650675273728 281474921750049 281474921750362 281474921750362 281474921750496 0
VmHWM:	    9620 kB
VmRSS:	    9620 kB
Threads:	6
THREAD 143 (mqmgateway_iot) S 123 123 120 52288 123 4194304 167 0 13 0 2 2 0 0 20 0 6 0 427 383217664 2405 18446744073709551615 187650675163136 187650675262496 281474921747840 0 0 0 0 4 16386 1 0 0 17 0 0 0 0 0 0 187650675267808 187650675269664 187650675273728 281474921750049 281474921750362 281474921750362 281474921750496 0
THREAD 145 (mosquitto loop) S 123 123 120 52288 123 4194368 6 0 0 0 312 460 0 0 20 0 6 0 431 383217664 2405 18446744073709551615 187650675163136 187650675262496 281474921747840 0 0 0 0 4 16386 1 0 0 -1 0 0 0 0 0 0 187650675267808 187650675269664 187650675273728 281474921750049 281474921750362 281474921750362 281474921750496 0
THREAD 146 (mqmgateway_iot) S 123 123 120 52288 123 4194368 146 0 0 0 286 555 0 0 20 0 6 0 431 383217664 2405 18446744073709551615 187650675163136 187650675262496 281474921747840 0 0 0 0 4 16386 1 0 0 -1 1 0 0 0 0 0 187650675267808 187650675269664 187650675273728 281474921750049 281474921750362 281474921750362 281474921750496 0
THREAD 147 (mqmgateway_iot) S 123 123 120 52288 123 4194368 756 0 0 0 323 143 0 0 20 0 6 0 431 383217664 2405 18446744073709551615 187650675163136 187650675262496 281474921747840 0 0 0 0 4 16386 1 0 0 -1 1 0 0 0 0 0 187650675267808 187650675269664 187650675273728 281474921750049 281474921750362 281474921750362 281474921750496 0
THREAD 148 (mqmgateway_iot) S 123 123 120 52288 123 4194368 712 0 0 0 334 146 0 0 20 0 6 0 431 383217664 2405 18446744073709551615 187650675163136 187650675262496 281474921747840 0 0 0 0 4 16386 1 0 0 -1 1 0 0 0 0 0 187650675267808 187650675269664 187650675273728 281474921750049 281474921750362 281474921750362 281474921750496 0
THREAD 149 (mqmgateway_iot) S 123 123 120 52288 123 4194368 8 0 2 0 1 7 0 0 20 0 6 0 431 383217664 2437 18446744073709551615 187650675163136 187650675262496 281474921747840 0 0 0 0 4 16386 1 0 0 -1 1 0 0 0 0 0 187650675267808 187650675269664 187650675273728 281474921750049 281474921750362 281474921750362 281474921750496 0
PROCESS 141
141 (mosquitto) R 123 123 120 52288 123 4194560 239 0 0 0 481 811 0 0 20 0 1 0 325 4177920 570 18446744073709551615 187650425810944 187650426053912 281474701469056 0 0 0 18947 4100 18947 0 0 0 17 0 0 0 0 0 0 187650426059008 187650426060968 187650426089472 281474701471498 281474701471582 281474701471582 281474701471716 0
VmHWM:	    2280 kB
VmRSS:	    2280 kB
Threads:	1
THREAD 141 (mosquitto) R 123 123 120 52288 123 4194560 239 0 0 0 483 814 0 0 20 0 1 0 325 4177920 570 18446744073709551615 187650425810944 187650426053912 281474701469056 0 0 0 0 4100 18947 0 0 0 17 0 0 0 0 0 0 187650426059008 187650426060968 187650426089472 281474701471498 281474701471582 281474701471582 281474701471716 0
PROCESS 151
151 (mqmgateway_arm6) S 123 123 120 52288 123 4194304 317 0 2 0 536 1170 0 0 20 0 2 0 539 85700608 1997 18446744073709551615 187650713534464 187650713570236 281474436343120 0 0 0 0 6 0 0 0 0 17 0 0 0 0 0 0 187650713573840 187650713575456 187650713579520 281474436345424 281474436345681 281474436345681 281474436345815 0
VmHWM:	    7988 kB
VmRSS:	    7988 kB
Threads:	2
THREAD 151 (mqmgateway_arm6) S 123 123 120 52288 123 4194304 314 0 1 0 150 738 0 0 20 0 2 0 539 85700608 1997 18446744073709551615 187650713534464 187650713570236 281474436343120 0 0 0 0 6 0 1 0 0 17 0 0 0 0 0 0 187650713573840 187650713575456 187650713579520 281474436345424 281474436345681 281474436345681 281474436345815 0
THREAD 155 (mosquitto loop) S 123 123 120 52288 123 4194368 3 0 1 0 302 521 0 0 20 0 2 0 543 85700608 1997 18446744073709551615 187650713534464 187650713570236 281474436343120 0 0 0 0 6 0 1 0 0 -1 0 0 0 0 0 0 187650713573840 187650713575456 187650713579520 281474436345424 281474436345681 281474436345681 281474436345815 0
SYSTEM cpu  2554 0 2927 888 3 0 310 0 0 0
MemFree:          971908 kB
MemAvailable:     941908 kB
SwapFree:              0 kB
METRICS {"enqueued":116857,"dequeued":116857,"current_depth":0,"peak_depth":39,"rejected":0,"processing_latency_ms":0.189745,"published":116888,"publish_failures":0,"command_timeouts":0,"can_errors":0,"telemetry_qos":1,"mqtt_max_inflight":20,"pipeline_metrics_enabled":true,"can_pipeline":{"frames_read":116857,"parsed":116857,"rejected_frames":0,"read_errors":0,"parse":{"count":116857,"mean_us":8.95478,"max_us":5974,"p50_upper_us":8,"p95_upper_us":16,"p99_upper_us":256}},"telemetry_enqueued":116857,"telemetry_dequeued":116857,"telemetry_queue_wait":{"count":116857,"mean_us":188.11,"max_us":8798.19,"p50_upper_us":128,"p95_upper_us":1024,"p99_upper_us":2048},"command_queue_wait":{"count":0,"mean_us":0,"max_us":0,"p50_upper_us":0,"p95_upper_us":0,"p99_upper_us":0},"telemetry_worker_before_publish":{"count":116857,"mean_us":35.4638,"max_us":3955.25,"p50_upper_us":32,"p95_upper_us":128,"p99_upper_us":256},"mqtt_pipeline":{"publish_calls":116888,"publish_accepted":116888,"publish_api_errors":0,"puback_received":54381,"qos0_local_completed":0,"telemetry_accepted":116856,"telemetry_puback_received":54365,"pending_tracked":4096,"pending_peak":4096,"oldest_pending_us":4.90465e+06,"tracking_dropped":58411,"unmatched_callbacks":42883,"tracking_complete":false,"publish_api":{"count":116888,"mean_us":14.2173,"max_us":4807.41,"p50_upper_us":8,"p95_upper_us":64,"p99_upper_us":256},"telemetry_puback":{"count":54365,"mean_us":1.77841e+06,"max_us":4.90482e+06,"p50_upper_us":2.09715e+06,"p95_upper_us":4.90482e+06,"p99_upper_us":4.90482e+06}}}
SAMPLE 40.14
PROCESS 143
143 (mqmgateway_iot) S 123 123 120 52288 123 4194304 2075 0 15 0 1462 1573 0 0 20 0 6 0 427 383217664 2693 18446744073709551615 187650675163136 187650675262496 281474921747840 0 0 0 0 4 16386 0 0 0 17 0 0 0 0 0 0 187650675267808 187650675269664 187650675273728 281474921750049 281474921750362 281474921750362 281474921750496 0
VmHWM:	   10772 kB
VmRSS:	   10772 kB
Threads:	6
THREAD 143 (mqmgateway_iot) S 123 123 120 52288 123 4194304 167 0 13 0 2 2 0 0 20 0 6 0 427 383217664 2693 18446744073709551615 187650675163136 187650675262496 281474921747840 0 0 0 0 4 16386 1 0 0 17 0 0 0 0 0 0 187650675267808 187650675269664 187650675273728 281474921750049 281474921750362 281474921750362 281474921750496 0
THREAD 145 (mosquitto loop) R 123 123 120 52288 123 4194368 6 0 0 0 368 559 0 0 20 0 6 0 431 383217664 2693 18446744073709551615 187650675163136 187650675262496 281474921747840 0 0 0 0 4 16386 0 0 0 -1 0 0 0 0 0 0 187650675267808 187650675269664 187650675273728 281474921750049 281474921750362 281474921750362 281474921750496 0
THREAD 146 (mqmgateway_iot) S 123 123 120 52288 123 4194368 172 0 0 0 339 643 0 0 20 0 6 0 431 383217664 2693 18446744073709551615 187650675163136 187650675262496 281474921747840 0 0 0 0 4 16386 1 0 0 -1 0 0 0 0 0 0 187650675267808 187650675269664 187650675273728 281474921750049 281474921750362 281474921750362 281474921750496 0
THREAD 147 (mqmgateway_iot) S 123 123 120 52288 123 4194368 879 0 0 0 381 169 0 0 20 0 6 0 431 383217664 2693 18446744073709551615 187650675163136 187650675262496 281474921747840 0 0 0 0 4 16386 1 0 0 -1 1 0 0 0 0 0 187650675267808 187650675269664 187650675273728 281474921750049 281474921750362 281474921750362 281474921750496 0
THREAD 148 (mqmgateway_iot) R 123 123 120 52288 123 4194368 861 0 0 0 397 170 0 0 20 0 6 0 431 383217664 2725 18446744073709551615 187650675163136 187650675262496 281474921747840 0 0 0 0 4 16386 0 0 0 -1 1 0 0 0 0 0 187650675267808 187650675269664 187650675273728 281474921750049 281474921750362 281474921750362 281474921750496 0
THREAD 149 (mqmgateway_iot) S 123 123 120 52288 123 4194368 8 0 2 0 2 8 0 0 20 0 6 0 431 383217664 2725 18446744073709551615 187650675163136 187650675262496 281474921747840 0 0 0 0 4 16386 1 0 0 -1 0 0 0 0 0 0 187650675267808 187650675269664 187650675273728 281474921750049 281474921750362 281474921750362 281474921750496 0
PROCESS 141
141 (mosquitto) R 123 123 120 52288 123 4194560 239 0 0 0 585 979 0 0 20 0 1 0 325 4177920 570 18446744073709551615 187650425810944 187650426053912 281474701469056 0 0 0 0 4100 18947 0 0 0 17 0 0 0 0 0 0 187650426059008 187650426060968 187650426089472 281474701471498 281474701471582 281474701471582 281474701471716 0
VmHWM:	    2280 kB
VmRSS:	    2280 kB
Threads:	1
THREAD 141 (mosquitto) R 123 123 120 52288 123 4194560 239 0 0 0 585 981 0 0 20 0 1 0 325 4177920 570 18446744073709551615 187650425810944 187650426053912 281474701469056 0 0 0 0 4100 18947 0 0 0 17 0 0 0 0 0 0 187650426059008 187650426060968 187650426089472 281474701471498 281474701471582 281474701471582 281474701471716 0
PROCESS 151
151 (mqmgateway_arm6) R 123 123 120 52288 123 4194304 317 0 2 0 646 1397 0 0 20 0 2 0 539 85700608 1997 18446744073709551615 187650713534464 187650713570236 281474436343120 0 0 0 0 6 0 0 0 0 17 1 0 0 0 0 0 187650713573840 187650713575456 187650713579520 281474436345424 281474436345681 281474436345681 281474436345815 0
VmHWM:	    7988 kB
VmRSS:	    7988 kB
Threads:	2
THREAD 151 (mqmgateway_arm6) S 123 123 120 52288 123 4194304 314 0 1 0 186 866 0 0 20 0 2 0 539 85700608 1997 18446744073709551615 187650713534464 187650713570236 281474436343120 0 0 0 0 6 0 1 0 0 17 1 0 0 0 0 0 187650713573840 187650713575456 187650713579520 281474436345424 281474436345681 281474436345681 281474436345815 0
THREAD 155 (mosquitto loop) R 123 123 120 52288 123 4194368 3 0 1 0 362 635 0 0 20 0 2 0 543 85700608 1997 18446744073709551615 187650713534464 187650713570236 281474436343120 0 0 0 0 6 0 0 0 0 -1 0 0 0 0 0 0 187650713573840 187650713575456 187650713579520 281474436345424 281474436345681 281474436345681 281474436345815 0
SYSTEM cpu  3015 0 3471 912 3 0 381 0 0 0
MemFree:          970648 kB
MemAvailable:     940656 kB
SwapFree:              0 kB
METRICS {"enqueued":141181,"dequeued":141169,"current_depth":12,"peak_depth":53,"rejected":0,"processing_latency_ms":0.210567,"published":141219,"publish_failures":0,"command_timeouts":0,"can_errors":0,"telemetry_qos":1,"mqtt_max_inflight":20,"pipeline_metrics_enabled":true,"can_pipeline":{"frames_read":141182,"parsed":141182,"rejected_frames":0,"read_errors":0,"parse":{"count":141182,"mean_us":8.68413,"max_us":5974,"p50_upper_us":8,"p95_upper_us":16,"p99_upper_us":256}},"telemetry_enqueued":141181,"telemetry_dequeued":141181,"telemetry_queue_wait":{"count":141181,"mean_us":208.957,"max_us":8798.19,"p50_upper_us":128,"p95_upper_us":1024,"p99_upper_us":2048},"command_queue_wait":{"count":0,"mean_us":0,"max_us":0,"p50_upper_us":0,"p95_upper_us":0,"p99_upper_us":0},"telemetry_worker_before_publish":{"count":141181,"mean_us":35.046,"max_us":4198.32,"p50_upper_us":32,"p95_upper_us":128,"p99_upper_us":256},"mqtt_pipeline":{"publish_calls":141219,"publish_accepted":141219,"publish_api_errors":0,"puback_received":58572,"qos0_local_completed":0,"telemetry_accepted":141181,"telemetry_puback_received":58556,"pending_tracked":4096,"pending_peak":4096,"oldest_pending_us":5.94967e+06,"tracking_dropped":78551,"unmatched_callbacks":58843,"tracking_complete":false,"publish_api":{"count":141219,"mean_us":14.7896,"max_us":7286.75,"p50_upper_us":8,"p95_upper_us":64,"p99_upper_us":256},"telemetry_puback":{"count":58556,"mean_us":2.03586e+06,"max_us":5.94271e+06,"p50_upper_us":2.09715e+06,"p95_upper_us":5.94271e+06,"p99_upper_us":5.94271e+06}}}
SAMPLE 45.89
PROCESS 143
143 (mqmgateway_iot) S 123 123 120 52288 123 4194304 2393 0 15 0 1719 1831 0 0 20 0 6 0 427 383217664 3045 18446744073709551615 187650675163136 187650675262496 281474921747840 0 0 0 0 4 16386 0 0 0 17 0 0 0 0 0 0 187650675267808 187650675269664 187650675273728 281474921750049 281474921750362 281474921750362 281474921750496 0
VmHWM:	   12180 kB
VmRSS:	   12180 kB
Threads:	6
THREAD 143 (mqmgateway_iot) S 123 123 120 52288 123 4194304 167 0 13 0 3 2 0 0 20 0 6 0 427 383217664 3045 18446744073709551615 187650675163136 187650675262496 281474921747840 0 0 0 0 4 16386 1 0 0 17 0 0 0 0 0 0 187650675267808 187650675269664 187650675273728 281474921750049 281474921750362 281474921750362 281474921750496 0
THREAD 145 (mosquitto loop) S 123 123 120 52288 123 4194368 6 0 0 0 434 645 0 0 20 0 6 0 431 383217664 3045 18446744073709551615 187650675163136 187650675262496 281474921747840 0 0 0 0 4 16386 1 0 0 -1 0 0 0 0 0 0 187650675267808 187650675269664 187650675273728 281474921750049 281474921750362 281474921750362 281474921750496 0
THREAD 146 (mqmgateway_iot) R 123 123 120 52288 123 4194368 201 0 0 0 402 749 0 0 20 0 6 0 431 383217664 3045 18446744073709551615 187650675163136 187650675262496 281474921747840 0 0 0 0 4 16386 0 0 0 -1 1 0 0 0 0 0 187650675267808 187650675269664 187650675273728 281474921750049 281474921750362 281474921750362 281474921750496 0
THREAD 147 (mqmgateway_iot) S 123 123 120 52288 123 4194368 1036 0 0 0 445 199 0 0 20 0 6 0 431 383217664 3045 18446744073709551615 187650675163136 187650675262496 281474921747840 0 0 0 0 4 16386 1 0 0 -1 1 0 0 0 0 0 187650675267808 187650675269664 187650675273728 281474921750049 281474921750362 281474921750362 281474921750496 0
THREAD 148 (mqmgateway_iot) R 123 123 120 52288 123 4194368 988 0 0 0 468 199 0 0 20 0 6 0 431 383217664 3045 18446744073709551615 187650675163136 187650675262496 281474921747840 0 0 0 0 4 16386 0 0 0 -1 1 0 0 0 0 0 187650675267808 187650675269664 187650675273728 281474921750049 281474921750362 281474921750362 281474921750496 0
THREAD 149 (mqmgateway_iot) S 123 123 120 52288 123 4194368 8 0 2 0 2 10 0 0 20 0 6 0 431 383217664 3045 18446744073709551615 187650675163136 187650675262496 281474921747840 0 0 0 0 4 16386 1 0 0 -1 0 0 0 0 0 0 187650675267808 187650675269664 187650675273728 281474921750049 281474921750362 281474921750362 281474921750496 0
PROCESS 141
141 (mosquitto) R 123 123 120 52288 123 4194560 239 0 0 0 665 1149 0 0 20 0 1 0 325 4177920 570 18446744073709551615 187650425810944 187650426053912 281474701469056 0 0 0 0 4100 18947 0 0 0 17 0 0 0 0 0 0 187650426059008 187650426060968 187650426089472 281474701471498 281474701471582 281474701471582 281474701471716 0
VmHWM:	    2280 kB
VmRSS:	    2280 kB
Threads:	1
THREAD 141 (mosquitto) R 123 123 120 52288 123 4194560 239 0 0 0 666 1151 0 0 20 0 1 0 325 4177920 570 18446744073709551615 187650425810944 187650426053912 281474701469056 0 0 0 0 4100 18947 0 0 0 17 0 0 0 0 0 0 187650426059008 187650426060968 187650426089472 281474701471498 281474701471582 281474701471582 281474701471716 0
PROCESS 151
151 (mqmgateway_arm6) R 123 123 120 52288 123 4194304 317 0 2 0 745 1632 0 0 20 0 2 0 539 85700608 1997 18446744073709551615 187650713534464 187650713570236 281474436343120 0 0 0 0 6 0 0 0 0 17 0 0 0 0 0 0 187650713573840 187650713575456 187650713579520 281474436345424 281474436345681 281474436345681 281474436345815 0
VmHWM:	    7988 kB
VmRSS:	    7988 kB
Threads:	2
THREAD 151 (mqmgateway_arm6) S 123 123 120 52288 123 4194304 314 0 1 0 215 1010 0 0 20 0 2 0 539 85700608 1997 18446744073709551615 187650713534464 187650713570236 281474436343120 0 0 0 0 6 0 1 0 0 17 0 0 0 0 0 0 187650713573840 187650713575456 187650713579520 281474436345424 281474436345681 281474436345681 281474436345815 0
THREAD 155 (mosquitto loop) S 123 123 120 52288 123 4194368 3 0 1 0 417 739 0 0 20 0 2 0 543 85700608 1997 18446744073709551615 187650713534464 187650713570236 281474436343120 0 0 0 0 6 0 1 0 0 -1 1 0 0 0 0 0 187650713573840 187650713575456 187650713579520 281474436345424 281474436345681 281474436345681 281474436345815 0
SYSTEM cpu  3481 0 4034 922 3 0 443 0 0 0
MemFree:          964788 kB
MemAvailable:     934804 kB
SwapFree:              0 kB
METRICS {"enqueued":161450,"dequeued":161450,"current_depth":0,"peak_depth":53,"rejected":0,"processing_latency_ms":0.205012,"published":161494,"publish_failures":0,"command_timeouts":0,"can_errors":0,"telemetry_qos":1,"mqtt_max_inflight":20,"pipeline_metrics_enabled":true,"can_pipeline":{"frames_read":161452,"parsed":161452,"rejected_frames":0,"read_errors":0,"parse":{"count":161452,"mean_us":8.76153,"max_us":5974,"p50_upper_us":8,"p95_upper_us":16,"p99_upper_us":256}},"telemetry_enqueued":161451,"telemetry_dequeued":161451,"telemetry_queue_wait":{"count":161451,"mean_us":203.389,"max_us":8798.19,"p50_upper_us":128,"p95_upper_us":1024,"p99_upper_us":2048},"command_queue_wait":{"count":0,"mean_us":0,"max_us":0,"p50_upper_us":0,"p95_upper_us":0,"p99_upper_us":0},"telemetry_worker_before_publish":{"count":161451,"mean_us":35.378,"max_us":4430.38,"p50_upper_us":32,"p95_upper_us":128,"p99_upper_us":256},"mqtt_pipeline":{"publish_calls":161494,"publish_accepted":161494,"publish_api_errors":0,"puback_received":61600,"qos0_local_completed":0,"telemetry_accepted":161451,"telemetry_puback_received":61583,"pending_tracked":4096,"pending_peak":4096,"oldest_pending_us":6.79244e+06,"tracking_dropped":95798,"unmatched_callbacks":72717,"tracking_complete":false,"publish_api":{"count":161494,"mean_us":14.8482,"max_us":7286.75,"p50_upper_us":8,"p95_upper_us":64,"p99_upper_us":256},"telemetry_puback":{"count":61583,"mean_us":2.24934e+06,"max_us":6.79173e+06,"p50_upper_us":2.09715e+06,"p95_upper_us":6.79173e+06,"p99_upper_us":6.79173e+06}}}
SAMPLE 51.62
PROCESS 143
143 (mqmgateway_iot) S 123 123 120 52288 123 4194304 2519 0 15 0 1918 2051 0 0 20 0 6 0 427 383217664 3141 18446744073709551615 187650675163136 187650675262496 281474921747840 0 0 0 0 4 16386 0 0 0 17 0 0 0 0 0 0 187650675267808 187650675269664 187650675273728 281474921750049 281474921750362 281474921750362 281474921750496 0
VmHWM:	   12564 kB
VmRSS:	   12564 kB
Threads:	6
THREAD 143 (mqmgateway_iot) S 123 123 120 52288 123 4194304 167 0 13 0 3 3 0 0 20 0 6 0 427 383217664 3173 18446744073709551615 187650675163136 187650675262496 281474921747840 0 0 0 0 4 16386 1 0 0 17 0 0 0 0 0 0 187650675267808 187650675269664 187650675273728 281474921750049 281474921750362 281474921750362 281474921750496 0
THREAD 145 (mosquitto loop) S 123 123 120 52288 123 4194368 7 0 0 0 499 746 0 0 20 0 6 0 431 383217664 3173 18446744073709551615 187650675163136 187650675262496 281474921747840 0 0 0 0 4 16386 1 0 0 -1 1 0 0 0 0 0 187650675267808 187650675269664 187650675273728 281474921750049 281474921750362 281474921750362 281474921750496 0
THREAD 146 (mqmgateway_iot) R 123 123 120 52288 123 4194368 212 0 0 0 444 822 0 0 20 0 6 0 431 383217664 3173 18446744073709551615 187650675163136 187650675262496 281474921747840 0 0 0 0 4 16386 0 0 0 -1 0 0 0 0 0 0 187650675267808 187650675269664 187650675273728 281474921750049 281474921750362 281474921750362 281474921750496 0
THREAD 147 (mqmgateway_iot) S 123 123 120 52288 123 4194368 1089 0 0 0 490 221 0 0 20 0 6 0 431 383217664 3173 18446744073709551615 187650675163136 187650675262496 281474921747840 0 0 0 0 4 16386 1 0 0 -1 1 0 0 0 0 0 187650675267808 187650675269664 187650675273728 281474921750049 281474921750362 281474921750362 281474921750496 0
THREAD 148 (mqmgateway_iot) S 123 123 120 52288 123 4194368 1050 0 0 0 520 218 0 0 20 0 6 0 431 383217664 3173 18446744073709551615 187650675163136 187650675262496 281474921747840 0 0 0 0 4 16386 1 0 0 -1 0 0 0 0 0 0 187650675267808 187650675269664 187650675273728 281474921750049 281474921750362 281474921750362 281474921750496 0
THREAD 149 (mqmgateway_iot) S 123 123 120 52288 123 4194368 8 0 2 0 3 11 0 0 20 0 6 0 431 383217664 3173 18446744073709551615 187650675163136 187650675262496 281474921747840 0 0 0 0 4 16386 1 0 0 -1 0 0 0 0 0 0 187650675267808 187650675269664 187650675273728 281474921750049 281474921750362 281474921750362 281474921750496 0
PROCESS 141
141 (mosquitto) R 123 123 120 52288 123 4194560 264 0 0 0 771 1339 0 0 20 0 1 0 325 4313088 602 18446744073709551615 187650425810944 187650426053912 281474701469056 0 0 0 0 4100 18947 0 0 0 17 1 0 0 0 0 0 187650426059008 187650426060968 187650426089472 281474701471498 281474701471582 281474701471582 281474701471716 0
VmHWM:	    2408 kB
VmRSS:	    2408 kB
Threads:	1
THREAD 141 (mosquitto) S 123 123 120 52288 123 4194560 264 0 0 0 772 1342 0 0 20 0 1 0 325 4313088 602 18446744073709551615 187650425810944 187650426053912 281474701469056 0 0 0 18947 4100 18947 1 0 0 17 1 0 0 0 0 0 187650426059008 187650426060968 187650426089472 281474701471498 281474701471582 281474701471582 281474701471716 0
PROCESS 151
151 (mqmgateway_arm6) R 123 123 120 52288 123 4194304 317 0 2 0 846 1874 0 0 20 0 2 0 539 85700608 1997 18446744073709551615 187650713534464 187650713570236 281474436343120 0 0 0 0 6 0 0 0 0 17 1 0 0 0 0 0 187650713573840 187650713575456 187650713579520 281474436345424 281474436345681 281474436345681 281474436345815 0
VmHWM:	    7988 kB
VmRSS:	    7988 kB
Threads:	2
THREAD 151 (mqmgateway_arm6) R 123 123 120 52288 123 4194304 314 0 1 0 241 1141 0 0 20 0 2 0 539 85700608 1997 18446744073709551615 187650713534464 187650713570236 281474436343120 0 0 0 0 6 0 0 0 0 17 1 0 0 0 0 0 187650713573840 187650713575456 187650713579520 281474436345424 281474436345681 281474436345681 281474436345815 0
THREAD 155 (mosquitto loop) R 123 123 120 52288 123 4194368 3 0 1 0 477 867 0 0 20 0 2 0 543 85700608 1997 18446744073709551615 187650713534464 187650713570236 281474436343120 0 0 0 0 6 0 0 0 0 -1 0 0 0 0 0 0 187650713573840 187650713575456 187650713579520 281474436345424 281474436345681 281474436345681 281474436345815 0
SYSTEM cpu  3908 0 4575 972 4 0 540 0 0 0
MemFree:          964788 kB
MemAvailable:     934808 kB
SwapFree:              0 kB
METRICS {"enqueued":185676,"dequeued":185673,"current_depth":3,"peak_depth":112,"rejected":0,"processing_latency_ms":0.225433,"published":185725,"publish_failures":0,"command_timeouts":0,"can_errors":0,"telemetry_qos":1,"mqtt_max_inflight":20,"pipeline_metrics_enabled":true,"can_pipeline":{"frames_read":185676,"parsed":185676,"rejected_frames":0,"read_errors":0,"parse":{"count":185676,"mean_us":8.3467,"max_us":5974,"p50_upper_us":8,"p95_upper_us":16,"p99_upper_us":256}},"telemetry_enqueued":185676,"telemetry_dequeued":185676,"telemetry_queue_wait":{"count":185676,"mean_us":223.835,"max_us":25547.2,"p50_upper_us":128,"p95_upper_us":1024,"p99_upper_us":2048},"command_queue_wait":{"count":0,"mean_us":0,"max_us":0,"p50_upper_us":0,"p95_upper_us":0,"p99_upper_us":0},"telemetry_worker_before_publish":{"count":185676,"mean_us":34.5396,"max_us":4659.63,"p50_upper_us":32,"p95_upper_us":128,"p99_upper_us":256},"mqtt_pipeline":{"publish_calls":185725,"publish_accepted":185725,"publish_api_errors":0,"puback_received":65165,"qos0_local_completed":0,"telemetry_accepted":185676,"telemetry_puback_received":65147,"pending_tracked":4095,"pending_peak":4096,"oldest_pending_us":7.22648e+06,"tracking_dropped":116465,"unmatched_callbacks":91651,"tracking_complete":false,"publish_api":{"count":185725,"mean_us":14.6977,"max_us":7286.75,"p50_upper_us":8,"p95_upper_us":64,"p99_upper_us":256},"telemetry_puback":{"count":65147,"mean_us":2.50794e+06,"max_us":7.22683e+06,"p50_upper_us":2.09715e+06,"p95_upper_us":7.22683e+06,"p99_upper_us":7.22683e+06}}}
SAMPLE 57.49
PROCESS 143
143 (mqmgateway_iot) S 123 123 120 52288 123 4194304 2905 0 15 0 2150 2302 0 0 20 0 6 0 427 383217664 3525 18446744073709551615 187650675163136 187650675262496 281474921747840 0 0 0 0 4 16386 0 0 0 17 0 0 0 0 0 0 187650675267808 187650675269664 187650675273728 281474921750049 281474921750362 281474921750362 281474921750496 0
VmHWM:	   14228 kB
VmRSS:	   14228 kB
Threads:	6
THREAD 143 (mqmgateway_iot) S 123 123 120 52288 123 4194304 167 0 13 0 3 3 0 0 20 0 6 0 427 383217664 3557 18446744073709551615 187650675163136 187650675262496 281474921747840 0 0 0 0 4 16386 1 0 0 17 0 0 0 0 0 0 187650675267808 187650675269664 187650675273728 281474921750049 281474921750362 281474921750362 281474921750496 0
THREAD 145 (mosquitto loop) S 123 123 120 52288 123 4194368 7 0 0 0 564 845 0 0 20 0 6 0 431 383217664 3557 18446744073709551615 187650675163136 187650675262496 281474921747840 0 0 0 0 4 16386 1 0 0 -1 1 0 0 0 0 0 187650675267808 187650675269664 187650675273728 281474921750049 281474921750362 281474921750362 281474921750496 0
THREAD 146 (mqmgateway_iot) R 123 123 120 52288 123 4194368 235 0 0 0 493 919 0 0 20 0 6 0 431 383217664 3557 18446744073709551615 187650675163136 187650675262496 281474921747840 0 0 0 0 4 16386 0 0 0 -1 0 0 0 0 0 0 187650675267808 187650675269664 187650675273728 281474921750049 281474921750362 281474921750362 281474921750496 0
THREAD 147 (mqmgateway_iot) S 123 123 120 52288 123 4194368 1317 0 0 0 547 247 0 0 20 0 6 0 431 383217664 3557 18446744073709551615 187650675163136 187650675262496 281474921747840 0 0 0 0 4 16386 1 0 0 -1 0 0 0 0 0 0 187650675267808 187650675269664 187650675273728 281474921750049 281474921750362 281474921750362 281474921750496 0
THREAD 148 (mqmgateway_iot) S 123 123 120 52288 123 4194368 1196 0 0 0 585 241 0 0 20 0 6 0 431 383217664 3557 18446744073709551615 187650675163136 187650675262496 281474921747840 0 0 0 0 4 16386 1 0 0 -1 0 0 0 0 0 0 187650675267808 187650675269664 187650675273728 281474921750049 281474921750362 281474921750362 281474921750496 0
THREAD 149 (mqmgateway_iot) S 123 123 120 52288 123 4194368 8 0 2 0 4 11 0 0 20 0 6 0 431 383217664 3557 18446744073709551615 187650675163136 187650675262496 281474921747840 0 0 0 0 4 16386 1 0 0 -1 1 0 0 0 0 0 187650675267808 187650675269664 187650675273728 281474921750049 281474921750362 281474921750362 281474921750496 0
PROCESS 141
141 (mosquitto) R 123 123 120 52288 123 4194560 264 0 0 0 874 1512 0 0 20 0 1 0 325 4313088 602 18446744073709551615 187650425810944 187650426053912 281474701469056 0 0 0 0 4100 18947 0 0 0 17 1 0 0 0 0 0 187650426059008 187650426060968 187650426089472 281474701471498 281474701471582 281474701471582 281474701471716 0
VmHWM:	    2408 kB
VmRSS:	    2408 kB
Threads:	1
THREAD 141 (mosquitto) R 123 123 120 52288 123 4194560 264 0 0 0 876 1514 0 0 20 0 1 0 325 4313088 602 18446744073709551615 187650425810944 187650426053912 281474701469056 0 0 0 0 4100 18947 0 0 0 17 1 0 0 0 0 0 187650426059008 187650426060968 187650426089472 281474701471498 281474701471582 281474701471582 281474701471716 0
PROCESS 151
151 (mqmgateway_arm6) R 123 123 120 52288 123 4194304 317 0 2 0 961 2100 0 0 20 0 2 0 539 85700608 1997 18446744073709551615 187650713534464 187650713570236 281474436343120 0 0 0 0 6 0 0 0 0 17 0 0 0 0 0 0 187650713573840 187650713575456 187650713579520 281474436345424 281474436345681 281474436345681 281474436345815 0
VmHWM:	    7988 kB
VmRSS:	    7988 kB
Threads:	2
THREAD 151 (mqmgateway_arm6) R 123 123 120 52288 123 4194304 314 0 1 0 267 1283 0 0 20 0 2 0 539 85700608 1997 18446744073709551615 187650713534464 187650713570236 281474436343120 0 0 0 0 6 0 0 0 0 17 0 0 0 0 0 0 187650713573840 187650713575456 187650713579520 281474436345424 281474436345681 281474436345681 281474436345815 0
THREAD 155 (mosquitto loop) S 123 123 120 52288 123 4194368 3 0 1 0 544 972 0 0 20 0 2 0 543 85700608 1997 18446744073709551615 187650713534464 187650713570236 281474436343120 0 0 0 0 6 0 1 0 0 -1 1 0 0 0 0 0 187650713573840 187650713575456 187650713579520 281474436345424 281474436345681 281474436345681 281474436345815 0
SYSTEM cpu  4382 0 5112 990 4 0 614 0 0 0
MemFree:          964788 kB
MemAvailable:     934816 kB
SwapFree:              0 kB
METRICS {"enqueued":209958,"dequeued":209958,"current_depth":0,"peak_depth":112,"rejected":0,"processing_latency_ms":0.230047,"published":210013,"publish_failures":0,"command_timeouts":0,"can_errors":0,"telemetry_qos":1,"mqtt_max_inflight":20,"pipeline_metrics_enabled":true,"can_pipeline":{"frames_read":209960,"parsed":209960,"rejected_frames":0,"read_errors":0,"parse":{"count":209960,"mean_us":8.19479,"max_us":5974,"p50_upper_us":8,"p95_upper_us":16,"p99_upper_us":256}},"telemetry_enqueued":209960,"telemetry_dequeued":209959,"telemetry_queue_wait":{"count":209959,"mean_us":228.424,"max_us":25547.2,"p50_upper_us":128,"p95_upper_us":1024,"p99_upper_us":2048},"command_queue_wait":{"count":0,"mean_us":0,"max_us":0,"p50_upper_us":0,"p95_upper_us":0,"p99_upper_us":0},"telemetry_worker_before_publish":{"count":209959,"mean_us":34.6188,"max_us":6078.06,"p50_upper_us":32,"p95_upper_us":128,"p99_upper_us":256},"mqtt_pipeline":{"publish_calls":210014,"publish_accepted":210014,"publish_api_errors":0,"puback_received":67643,"qos0_local_completed":0,"telemetry_accepted":209959,"telemetry_puback_received":67623,"pending_tracked":4096,"pending_peak":4096,"oldest_pending_us":8.54498e+06,"tracking_dropped":138275,"unmatched_callbacks":108146,"tracking_complete":false,"publish_api":{"count":210014,"mean_us":14.9016,"max_us":7286.75,"p50_upper_us":8,"p95_upper_us":64,"p99_upper_us":256},"telemetry_puback":{"count":67623,"mean_us":2.70546e+06,"max_us":8.54609e+06,"p50_upper_us":2.09715e+06,"p95_upper_us":8.38861e+06,"p99_upper_us":8.38861e+06}}}
SAMPLE 63.28
PROCESS 143
143 (mqmgateway_iot) S 123 123 120 52288 123 4194304 3271 0 15 0 2389 2560 0 0 20 0 6 0 427 383217664 3877 18446744073709551615 187650675163136 187650675262496 281474921747840 0 0 0 0 4 16386 0 0 0 17 1 0 0 0 0 0 187650675267808 187650675269664 187650675273728 281474921750049 281474921750362 281474921750362 281474921750496 0
VmHWM:	   15636 kB
VmRSS:	   15636 kB
Threads:	6
THREAD 143 (mqmgateway_iot) S 123 123 120 52288 123 4194304 167 0 13 0 3 3 0 0 20 0 6 0 427 383217664 3909 18446744073709551615 187650675163136 187650675262496 281474921747840 0 0 0 0 4 16386 1 0 0 17 1 0 0 0 0 0 187650675267808 187650675269664 187650675273728 281474921750049 281474921750362 281474921750362 281474921750496 0
THREAD 145 (mosquitto loop) S 123 123 120 52288 123 4194368 7 0 0 0 622 943 0 0 20 0 6 0 431 383217664 3909 18446744073709551615 187650675163136 187650675262496 281474921747840 0 0 0 0 4 16386 1 0 0 -1 0 0 0 0 0 0 187650675267808 187650675269664 187650675273728 281474921750049 281474921750362 281474921750362 281474921750496 0
THREAD 146 (mqmgateway_iot) R 123 123 120 52288 123 4194368 268 0 0 0 551 1016 0 0 20 0 6 0 431 383217664 3909 18446744073709551615 187650675163136 187650675262496 281474921747840 0 0 0 0 4 16386 0 0 0 -1 1 0 0 0 0 0 187650675267808 187650675269664 187650675273728 281474921750049 281474921750362 281474921750362 281474921750496 0
THREAD 147 (mqmgateway_iot) S 123 123 120 52288 123 4194368 1455 0 0 0 606 276 0 0 20 0 6 0 431 383217664 3909 18446744073709551615 187650675163136 187650675262496 281474921747840 0 0 0 0 4 16386 1 0 0 -1 0 0 0 0 0 0 187650675267808 187650675269664 187650675273728 281474921750049 281474921750362 281474921750362 281474921750496 0
THREAD 148 (mqmgateway_iot) S 123 123 120 52288 123 4194368 1379 0 0 0 652 267 0 0 20 0 6 0 431 383217664 3909 18446744073709551615 187650675163136 187650675262496 281474921747840 0 0 0 0 4 16386 1 0 0 -1 1 0 0 0 0 0 187650675267808 187650675269664 187650675273728 281474921750049 281474921750362 281474921750362 281474921750496 0
THREAD 149 (mqmgateway_iot) S 123 123 120 52288 123 4194368 8 0 2 0 4 13 0 0 20 0 6 0 431 383217664 3909 18446744073709551615 187650675163136 187650675262496 281474921747840 0 0 0 0 4 16386 1 0 0 -1 1 0 0 0 0 0 187650675267808 187650675269664 187650675273728 281474921750049 281474921750362 281474921750362 281474921750496 0
PROCESS 141
141 (mosquitto) S 123 123 120 52288 123 4194560 264 0 0 0 966 1688 0 0 20 0 1 0 325 4313088 602 18446744073709551615 187650425810944 187650426053912 281474701469056 0 0 0 18947 4100 18947 1 0 0 17 0 0 0 0 0 0 187650426059008 187650426060968 187650426089472 281474701471498 281474701471582 281474701471582 281474701471716 0
VmHWM:	    2408 kB
VmRSS:	    2408 kB
Threads:	1
THREAD 141 (mosquitto) R 123 123 120 52288 123 4194560 264 0 0 0 968 1690 0 0 20 0 1 0 325 4313088 602 18446744073709551615 187650425810944 187650426053912 281474701469056 0 0 0 0 4100 18947 0 0 0 17 0 0 0 0 0 0 187650426059008 187650426060968 187650426089472 281474701471498 281474701471582 281474701471582 281474701471716 0
PROCESS 151
151 (mqmgateway_arm6) R 123 123 120 52288 123 4194304 317 0 2 0 1062 2328 0 0 20 0 2 0 539 85700608 1997 18446744073709551615 187650713534464 187650713570236 281474436343120 0 0 0 0 6 0 0 0 0 17 1 0 0 0 0 0 187650713573840 187650713575456 187650713579520 281474436345424 281474436345681 281474436345681 281474436345815 0
VmHWM:	    7988 kB
VmRSS:	    7988 kB
Threads:	2
THREAD 151 (mqmgateway_arm6) R 123 123 120 52288 123 4194304 314 0 1 0 295 1421 0 0 20 0 2 0 539 85700608 1997 18446744073709551615 187650713534464 187650713570236 281474436343120 0 0 0 0 6 0 0 0 0 17 1 0 0 0 0 0 187650713573840 187650713575456 187650713579520 281474436345424 281474436345681 281474436345681 281474436345815 0
THREAD 155 (mosquitto loop) R 123 123 120 52288 123 4194368 3 0 1 0 601 1077 0 0 20 0 2 0 543 85700608 1997 18446744073709551615 187650713534464 187650713570236 281474436343120 0 0 0 0 6 0 0 0 0 -1 0 0 0 0 0 0 187650713573840 187650713575456 187650713579520 281474436345424 281474436345681 281474436345681 281474436345815 0
SYSTEM cpu  4833 0 5660 1008 4 0 698 0 0 0
MemFree:          964788 kB
MemAvailable:     934820 kB
SwapFree:              0 kB
METRICS {"enqueued":230156,"dequeued":230156,"current_depth":0,"peak_depth":112,"rejected":0,"processing_latency_ms":0.233474,"published":230216,"publish_failures":0,"command_timeouts":0,"can_errors":0,"telemetry_qos":1,"mqtt_max_inflight":20,"pipeline_metrics_enabled":true,"can_pipeline":{"frames_read":230156,"parsed":230156,"rejected_frames":0,"read_errors":0,"parse":{"count":230156,"mean_us":8.22519,"max_us":5974,"p50_upper_us":8,"p95_upper_us":16,"p99_upper_us":256}},"telemetry_enqueued":230156,"telemetry_dequeued":230156,"telemetry_queue_wait":{"count":230156,"mean_us":231.824,"max_us":25547.2,"p50_upper_us":128,"p95_upper_us":1024,"p99_upper_us":2048},"command_queue_wait":{"count":0,"mean_us":0,"max_us":0,"p50_upper_us":0,"p95_upper_us":0,"p99_upper_us":0},"telemetry_worker_before_publish":{"count":230156,"mean_us":34.6042,"max_us":6078.06,"p50_upper_us":32,"p95_upper_us":128,"p99_upper_us":256},"mqtt_pipeline":{"publish_calls":230216,"publish_accepted":230216,"publish_api_errors":0,"puback_received":69810,"qos0_local_completed":0,"telemetry_accepted":230156,"telemetry_puback_received":69790,"pending_tracked":4096,"pending_peak":4096,"oldest_pending_us":9.54114e+06,"tracking_dropped":156310,"unmatched_callbacks":122200,"tracking_complete":false,"publish_api":{"count":230216,"mean_us":14.9778,"max_us":7286.75,"p50_upper_us":8,"p95_upper_us":64,"p99_upper_us":256},"telemetry_puback":{"count":69790,"mean_us":2.90015e+06,"max_us":9.55058e+06,"p50_upper_us":4.1943e+06,"p95_upper_us":8.38861e+06,"p99_upper_us":9.55058e+06}}}
SAMPLE 68.99
PROCESS 143
143 (mqmgateway_iot) S 123 123 120 52288 123 4194304 3389 0 15 0 2515 2738 0 0 20 0 6 0 427 383217664 4037 18446744073709551615 187650675163136 187650675262496 281474921747840 0 0 0 0 4 16386 0 0 0 17 1 0 0 0 0 0 187650675267808 187650675269664 187650675273728 281474921750049 281474921750362 281474921750362 281474921750496 0
VmHWM:	   16148 kB
VmRSS:	   16148 kB
Threads:	6
THREAD 143 (mqmgateway_iot) S 123 123 120 52288 123 4194304 167 0 13 0 3 3 0 0 20 0 6 0 427 383217664 4037 18446744073709551615 187650675163136 187650675262496 281474921747840 0 0 0 0 4 16386 1 0 0 17 0 0 0 0 0 0 187650675267808 187650675269664 187650675273728 281474921750049 281474921750362 281474921750362 281474921750496 0
THREAD 145 (mosquitto loop) R 123 123 120 52288 123 4194368 7 0 0 0 693 1080 0 0 20 0 6 0 431 383217664 4037 18446744073709551615 187650675163136 187650675262496 281474921747840 0 0 0 0 4 16386 0 0 0 -1 0 0 0 0 0 0 187650675267808 187650675269664 187650675273728 281474921750049 281474921750362 281474921750362 281474921750496 0
THREAD 146 (mqmgateway_iot) S 123 123 120 52288 123 4194368 275 0 0 0 563 1042 0 0 20 0 6 0 431 383217664 4037 18446744073709551615 187650675163136 187650675262496 281474921747840 0 0 0 0 4 16386 1 0 0 -1 0 0 0 0 0 0 187650675267808 187650675269664 187650675273728 281474921750049 281474921750362 281474921750362 281474921750496 0
THREAD 147 (mqmgateway_iot) S 123 123 120 52288 123 4194368 1478 0 0 0 621 283 0 0 20 0 6 0 431 383217664 4037 18446744073709551615 187650675163136 187650675262496 281474921747840 0 0 0 0 4 16386 1 0 0 -1 1 0 0 0 0 0 187650675267808 187650675269664 187650675273728 281474921750049 281474921750362 281474921750362 281474921750496 0
THREAD 148 (mqmgateway_iot) S 123 123 120 52288 123 4194368 1454 0 0 0 669 274 0 0 20 0 6 0 431 383217664 4037 18446744073709551615 187650675163136 187650675262496 281474921747840 0 0 0 0 4 16386 1 0 0 -1 1 0 0 0 0 0 187650675267808 187650675269664 187650675273728 281474921750049 281474921750362 281474921750362 281474921750496 0
THREAD 149 (mqmgateway_iot) S 123 123 120 52288 123 4194368 8 0 2 0 4 14 0 0 20 0 6 0 431 383217664 4037 18446744073709551615 187650675163136 187650675262496 281474921747840 0 0 0 0 4 16386 1 0 0 -1 0 0 0 0 0 0 187650675267808 187650675269664 187650675273728 281474921750049 281474921750362 281474921750362 281474921750496 0
PROCESS 141
141 (mosquitto) R 123 123 120 52288 123 4194560 264 0 0 0 1104 1931 0 0 20 0 1 0 325 4313088 602 18446744073709551615 187650425810944 187650426053912 281474701469056 0 0 0 0 4100 18947 0 0 0 17 0 0 0 0 0 0 187650426059008 187650426060968 187650426089472 281474701471498 281474701471582 281474701471582 281474701471716 0
VmHWM:	    2408 kB
VmRSS:	    2408 kB
Threads:	1
THREAD 141 (mosquitto) R 123 123 120 52288 123 4194560 264 0 0 0 1104 1935 0 0 20 0 1 0 325 4313088 602 18446744073709551615 187650425810944 187650426053912 281474701469056 0 0 0 0 4100 18947 0 0 0 17 0 0 0 0 0 0 187650426059008 187650426060968 187650426089472 281474701471498 281474701471582 281474701471582 281474701471716 0
PROCESS 151
151 (mqmgateway_arm6) S 123 123 120 52288 123 4194304 317 0 2 0 1152 2507 0 0 20 0 2 0 539 85700608 1997 18446744073709551615 187650713534464 187650713570236 281474436343120 0 0 0 0 6 0 0 0 0 17 0 0 0 0 0 0 187650713573840 187650713575456 187650713579520 281474436345424 281474436345681 281474436345681 281474436345815 0
VmHWM:	    7988 kB
VmRSS:	    7988 kB
Threads:	2
THREAD 151 (mqmgateway_arm6) S 123 123 120 52288 123 4194304 314 0 1 0 304 1459 0 0 20 0 2 0 539 85700608 1997 18446744073709551615 187650713534464 187650713570236 281474436343120 0 0 0 0 6 0 1 0 0 17 0 0 0 0 0 0 187650713573840 187650713575456 187650713579520 281474436345424 281474436345681 281474436345681 281474436345815 0
THREAD 155 (mosquitto loop) R 123 123 120 52288 123 4194368 3 0 1 0 674 1224 0 0 20 0 2 0 543 85700608 1997 18446744073709551615 187650713534464 187650713570236 281474436343120 0 0 0 0 6 0 1 0 0 -1 1 0 0 0 0 0 187650713573840 187650713575456 187650713579520 281474436345424 281474436345681 281474436345681 281474436345815 0
SYSTEM cpu  5172 0 6128 1136 4 0 809 0 0 0
MemFree:          964788 kB
MemAvailable:     934824 kB
SwapFree:              0 kB
METRICS {"enqueued":240000,"dequeued":240000,"current_depth":0,"peak_depth":112,"rejected":0,"processing_latency_ms":0.235942,"published":240066,"publish_failures":0,"command_timeouts":0,"can_errors":0,"telemetry_qos":1,"mqtt_max_inflight":20,"pipeline_metrics_enabled":true,"can_pipeline":{"frames_read":240000,"parsed":240000,"rejected_frames":0,"read_errors":0,"parse":{"count":240000,"mean_us":8.14103,"max_us":5974,"p50_upper_us":8,"p95_upper_us":16,"p99_upper_us":256}},"telemetry_enqueued":240000,"telemetry_dequeued":240000,"telemetry_queue_wait":{"count":240000,"mean_us":234.3,"max_us":25547.2,"p50_upper_us":128,"p95_upper_us":1024,"p99_upper_us":2048},"command_queue_wait":{"count":0,"mean_us":0,"max_us":0,"p50_upper_us":0,"p95_upper_us":0,"p99_upper_us":0},"telemetry_worker_before_publish":{"count":240000,"mean_us":34.4786,"max_us":6078.06,"p50_upper_us":32,"p95_upper_us":128,"p99_upper_us":256},"mqtt_pipeline":{"publish_calls":240066,"publish_accepted":240066,"publish_api_errors":0,"puback_received":73391,"qos0_local_completed":0,"telemetry_accepted":240000,"telemetry_puback_received":73369,"pending_tracked":1474,"pending_peak":4096,"oldest_pending_us":7.94303e+06,"tracking_dropped":165201,"unmatched_callbacks":149348,"tracking_complete":false,"publish_api":{"count":240066,"mean_us":14.9059,"max_us":7286.75,"p50_upper_us":8,"p95_upper_us":64,"p99_upper_us":256},"telemetry_puback":{"count":73369,"mean_us":3.19961e+06,"max_us":9.9786e+06,"p50_upper_us":4.1943e+06,"p95_upper_us":9.9786e+06,"p99_upper_us":9.9786e+06}}}
