PIDS gateway=158 broker=156 probe=166
CLK_TCK=100 (Linux USER_HZ fallback=100 if getconf unavailable)
SAMPLE 5.62
PROCESS 158
158 (mqmgateway_iot) S 138 138 136 52288 138 4194304 175 0 16 0 3 3 0 0 20 0 6 0 447 181891072 790 18446744073709551615 187650902470656 187650902570016 281474106820320 0 0 0 0 4 16386 0 0 0 17 1 0 0 0 0 0 187650902575328 187650902577184 187650902581248 281474106822177 281474106822490 281474106822490 281474106822624 0
VmHWM:	    3160 kB
VmRSS:	    3160 kB
Threads:	6
THREAD 158 (mqmgateway_iot) S 138 138 136 52288 138 4194304 162 0 14 0 2 1 0 0 20 0 6 0 447 383217664 790 18446744073709551615 187650902470656 187650902570016 281474106820320 0 0 0 0 4 16386 1 0 0 17 1 0 0 0 0 0 187650902575328 187650902577184 187650902581248 281474106822177 281474106822490 281474106822490 281474106822624 0
THREAD 160 (mosquitto loop) R 138 138 136 52288 138 4194368 4 0 0 0 0 1 0 0 20 0 6 0 451 383217664 790 18446744073709551615 187650902470656 187650902570016 281474106820320 0 0 0 0 4 16386 0 0 0 -1 1 0 0 0 0 0 187650902575328 187650902577184 187650902581248 281474106822177 281474106822490 281474106822490 281474106822624 0
THREAD 161 (mqmgateway_iot) S 138 138 136 52288 138 4194368 4 0 0 0 0 1 0 0 20 0 6 0 451 383217664 790 18446744073709551615 187650902470656 187650902570016 281474106820320 0 0 0 0 4 16386 1 0 0 -1 1 0 0 0 0 0 187650902575328 187650902577184 187650902581248 281474106822177 281474106822490 281474106822490 281474106822624 0
THREAD 162 (mqmgateway_iot) S 138 138 136 52288 138 4194368 8 0 0 0 2 0 0 0 20 0 6 0 451 383217664 790 18446744073709551615 187650902470656 187650902570016 281474106820320 0 0 0 0 4 16386 1 0 0 -1 2 0 0 0 0 0 187650902575328 187650902577184 187650902581248 281474106822177 281474106822490 281474106822490 281474106822624 0
THREAD 163 (mqmgateway_iot) S 138 138 136 52288 138 4194368 9 0 0 0 0 1 0 0 20 0 6 0 451 383217664 790 18446744073709551615 187650902470656 187650902570016 281474106820320 0 0 0 0 4 16386 1 0 0 -1 3 0 0 0 0 0 187650902575328 187650902577184 187650902581248 281474106822177 281474106822490 281474106822490 281474106822624 0
THREAD 164 (mqmgateway_iot) S 138 138 136 52288 138 4194368 7 0 2 0 0 1 0 0 20 0 6 0 451 383217664 790 18446744073709551615 187650902470656 187650902570016 281474106820320 0 0 0 0 4 16386 1 0 0 -1 0 0 0 0 0 0 187650902575328 187650902577184 187650902581248 281474106822177 281474106822490 281474106822490 281474106822624 0
PROCESS 156
156 (mosquitto) R 138 138 136 52288 138 4194560 125 0 0 0 7 9 0 0 20 0 1 0 345 3772416 460 18446744073709551615 187650954207232 187650954450200 281474606176464 0 0 0 0 4100 18947 0 0 0 17 2 0 0 0 0 0 187650954455296 187650954457256 187650954485760 281474606178058 281474606178142 281474606178142 281474606178276 0
VmHWM:	    1840 kB
VmRSS:	    1840 kB
Threads:	1
THREAD 156 (mosquitto) R 138 138 136 52288 138 4194560 125 0 0 0 10 12 0 0 20 0 1 0 345 3772416 460 18446744073709551615 187650954207232 187650954450200 281474606176464 0 0 0 0 4100 18947 1 0 0 17 2 0 0 0 0 0 187650954455296 187650954457256 187650954485760 281474606178058 281474606178142 281474606178142 281474606178276 0
PROCESS 166
166 (mqmgateway_arm6) S 138 138 136 52288 138 4194304 828 0 2 0 9 18 0 0 20 0 2 0 559 85700608 1951 18446744073709551615 187651045920768 187651045956540 281474182994816 0 0 0 0 6 0 0 0 0 17 0 0 0 0 0 0 187651045960144 187651045961760 187651045965824 281474182995536 281474182995793 281474182995793 281474182995927 0
VmHWM:	    7804 kB
VmRSS:	    7804 kB
Threads:	2
THREAD 166 (mqmgateway_arm6) R 138 138 136 52288 138 4194304 825 0 1 0 6 9 0 0 20 0 2 0 559 85700608 1951 18446744073709551615 187651045920768 187651045956540 281474182994816 0 0 0 0 6 0 0 0 0 17 0 0 0 0 0 0 187651045960144 187651045961760 187651045965824 281474182995536 281474182995793 281474182995793 281474182995927 0
THREAD 170 (mosquitto loop) R 138 138 136 52288 138 4194368 3 0 1 0 4 13 0 0 20 0 2 0 563 85700608 1951 18446744073709551615 187651045920768 187651045956540 281474182994816 0 0 0 0 6 0 0 0 0 -1 0 0 0 0 0 0 187651045960144 187651045961760 187651045965824 281474182995536 281474182995793 281474182995793 281474182995927 0
SYSTEM cpu  189 0 167 1955 3 0 9 0 0 0
MemFree:          974052 kB
MemAvailable:     944152 kB
SwapFree:              0 kB
METRICS {"enqueued":0,"dequeued":0,"current_depth":0,"peak_depth":0,"rejected":0,"processing_latency_ms":0,"published":3,"publish_failures":0,"command_timeouts":0,"can_errors":0,"telemetry_qos":1,"mqtt_max_inflight":20,"pipeline_metrics_enabled":true,"can_pipeline":{"frames_read":0,"parsed":0,"rejected_frames":0,"read_errors":0,"parse":{"count":0,"mean_us":0,"max_us":0,"p50_upper_us":0,"p95_upper_us":0,"p99_upper_us":0}},"telemetry_enqueued":0,"telemetry_dequeued":0,"telemetry_queue_wait":{"count":0,"mean_us":0,"max_us":0,"p50_upper_us":0,"p95_upper_us":0,"p99_upper_us":0},"command_queue_wait":{"count":0,"mean_us":0,"max_us":0,"p50_upper_us":0,"p95_upper_us":0,"p99_upper_us":0},"telemetry_worker_before_publish":{"count":0,"mean_us":0,"max_us":0,"p50_upper_us":0,"p95_upper_us":0,"p99_upper_us":0},"mqtt_pipeline":{"publish_calls":3,"publish_accepted":3,"publish_api_errors":0,"puback_received":2,"qos0_local_completed":0,"telemetry_accepted":0,"telemetry_puback_received":0,"pending_tracked":1,"pending_peak":2,"oldest_pending_us":1976.35,"tracking_dropped":0,"unmatched_callbacks":0,"tracking_complete":true,"publish_api":{"count":3,"mean_us":267.312,"max_us":427.84,"p50_upper_us":427.84,"p95_upper_us":427.84,"p99_upper_us":427.84},"telemetry_puback":{"count":0,"mean_us":0,"max_us":0,"p50_upper_us":0,"p95_upper_us":0,"p99_upper_us":0}}}
SAMPLE 11.10
PROCESS 158
158 (mqmgateway_iot) S 138 138 136 52288 138 4194304 238 0 16 0 393 420 0 0 20 0 6 0 447 383217664 822 18446744073709551615 187650902470656 187650902570016 281474106820320 0 0 0 0 4 16386 0 0 0 17 2 0 0 0 0 0 187650902575328 187650902577184 187650902581248 281474106822177 281474106822490 281474106822490 281474106822624 0
VmHWM:	    3288 kB
VmRSS:	    3288 kB
Threads:	6
THREAD 158 (mqmgateway_iot) S 138 138 136 52288 138 4194304 162 0 14 0 2 2 0 0 20 0 6 0 447 383217664 822 18446744073709551615 187650902470656 187650902570016 281474106820320 0 0 0 0 4 16386 1 0 0 17 2 0 0 0 0 0 187650902575328 187650902577184 187650902581248 281474106822177 281474106822490 281474106822490 281474106822624 0
THREAD 160 (mosquitto loop) S 138 138 136 52288 138 4194368 4 0 0 0 116 205 0 0 20 0 6 0 451 383217664 822 18446744073709551615 187650902470656 187650902570016 281474106820320 0 0 0 0 4 16386 1 0 0 -1 1 0 0 0 0 0 187650902575328 187650902577184 187650902581248 281474106822177 281474106822490 281474106822490 281474106822624 0
THREAD 161 (mqmgateway_iot) R 138 138 136 52288 138 4194368 8 0 0 0 93 125 0 0 20 0 6 0 451 383217664 822 18446744073709551615 187650902470656 187650902570016 281474106820320 0 0 0 0 4 16386 0 0 0 -1 0 0 0 0 0 0 187650902575328 187650902577184 187650902581248 281474106822177 281474106822490 281474106822490 281474106822624 0
THREAD 162 (mqmgateway_iot) S 138 138 136 52288 138 4194368 30 0 0 0 98 39 0 0 20 0 6 0 451 383217664 822 18446744073709551615 187650902470656 187650902570016 281474106820320 0 0 0 0 4 16386 1 0 0 -1 3 0 0 0 0 0 187650902575328 187650902577184 187650902581248 281474106822177 281474106822490 281474106822490 281474106822624 0
THREAD 163 (mqmgateway_iot) R 138 138 136 52288 138 4194368 27 0 0 0 94 49 0 0 20 0 6 0 451 383217664 822 18446744073709551615 187650902470656 187650902570016 281474106820320 0 0 0 0 4 16386 0 0 0 -1 2 0 0 0 0 0 187650902575328 187650902577184 187650902581248 281474106822177 281474106822490 281474106822490 281474106822624 0
THREAD 164 (mqmgateway_iot) S 138 138 136 52288 138 4194368 7 0 2 0 1 2 0 0 20 0 6 0 451 383217664 822 18446744073709551615 187650902470656 187650902570016 281474106820320 0 0 0 0 4 16386 1 0 0 -1 1 0 0 0 0 0 187650902575328 187650902577184 187650902581248 281474106822177 281474106822490 281474106822490 281474106822624 0
PROCESS 156
156 (mosquitto) R 138 138 136 52288 138 4194560 262 0 0 0 186 331 0 0 20 0 1 0 345 4313088 556 18446744073709551615 187650954207232 187650954450200 281474606176464 0 0 0 0 4100 18947 0 0 0 17 3 0 0 0 0 0 187650954455296 187650954457256 187650954485760 281474606178058 281474606178142 281474606178142 281474606178276 0
VmHWM:	    2224 kB
VmRSS:	    2224 kB
Threads:	1
THREAD 156 (mosquitto) R 138 138 136 52288 138 4194560 262 0 0 0 190 335 0 0 20 0 1 0 345 4313088 556 18446744073709551615 187650954207232 187650954450200 281474606176464 0 0 0 0 4100 18947 0 0 0 17 3 0 0 0 0 0 187650954455296 187650954457256 187650954485760 281474606178058 281474606178142 281474606178142 281474606178276 0
PROCESS 166
166 (mqmgateway_arm6) R 138 138 136 52288 138 4194304 828 0 2 0 198 415 0 0 20 0 2 0 559 85700608 1951 18446744073709551615 187651045920768 187651045956540 281474182994816 0 0 0 0 6 0 0 0 0 17 2 0 0 0 0 0 187651045960144 187651045961760 187651045965824 281474182995536 281474182995793 281474182995793 281474182995927 0
VmHWM:	    7804 kB
VmRSS:	    7804 kB
Threads:	2
THREAD 166 (mqmgateway_arm6) R 138 138 136 52288 138 4194304 825 0 1 0 62 188 0 0 20 0 2 0 559 85700608 1951 18446744073709551615 187651045920768 187651045956540 281474182994816 0 0 0 0 6 0 0 0 0 17 3 0 0 0 0 0 187651045960144 187651045961760 187651045965824 281474182995536 281474182995793 281474182995793 281474182995927 0
THREAD 170 (mosquitto loop) R 138 138 136 52288 138 4194368 3 0 1 0 136 233 0 0 20 0 2 0 563 85700608 1951 18446744073709551615 187651045920768 187651045956540 281474182994816 0 0 0 0 6 0 0 0 0 -1 0 0 0 0 0 0 187651045960144 187651045961760 187651045965824 281474182995536 281474182995793 281474182995793 281474182995927 0
SYSTEM cpu  935 0 1091 2153 3 0 206 0 0 0
MemFree:          973368 kB
MemAvailable:     943480 kB
SwapFree:              0 kB
METRICS {"enqueued":23860,"dequeued":23858,"current_depth":2,"peak_depth":32,"rejected":0,"processing_latency_ms":0.241759,"published":23865,"publish_failures":0,"command_timeouts":0,"can_errors":0,"telemetry_qos":1,"mqtt_max_inflight":20,"pipeline_metrics_enabled":true,"can_pipeline":{"frames_read":23860,"parsed":23860,"rejected_frames":0,"read_errors":0,"parse":{"count":23860,"mean_us":11.5355,"max_us":4003.7,"p50_upper_us":8,"p95_upper_us":32,"p99_upper_us":256}},"telemetry_enqueued":23860,"telemetry_dequeued":23858,"telemetry_queue_wait":{"count":23858,"mean_us":238.702,"max_us":4738.05,"p50_upper_us":128,"p95_upper_us":1024,"p99_upper_us":4096},"command_queue_wait":{"count":0,"mean_us":0,"max_us":0,"p50_upper_us":0,"p95_upper_us":0,"p99_upper_us":0},"telemetry_worker_before_publish":{"count":23857,"mean_us":36.6093,"max_us":5005.14,"p50_upper_us":32,"p95_upper_us":128,"p99_upper_us":256},"mqtt_pipeline":{"publish_calls":23865,"publish_accepted":23865,"publish_api_errors":0,"puback_received":23663,"qos0_local_completed":0,"telemetry_accepted":23856,"telemetry_puback_received":23655,"pending_tracked":202,"pending_peak":506,"oldest_pending_us":50381.6,"tracking_dropped":0,"unmatched_callbacks":0,"tracking_complete":true,"publish_api":{"count":23865,"mean_us":30.7551,"max_us":4888.46,"p50_upper_us":16,"p95_upper_us":128,"p99_upper_us":256},"telemetry_puback":{"count":23655,"mean_us":32360.8,"max_us":126041,"p50_upper_us":32768,"p95_upper_us":126041,"p99_upper_us":126041}}}
SAMPLE 16.70
PROCESS 158
158 (mqmgateway_iot) S 138 138 136 52288 138 4194304 238 0 16 0 783 829 0 0 20 0 6 0 447 383217664 822 18446744073709551615 187650902470656 187650902570016 281474106820320 0 0 0 0 4 16386 0 0 0 17 1 0 0 0 0 0 187650902575328 187650902577184 187650902581248 281474106822177 281474106822490 281474106822490 281474106822624 0
VmHWM:	    3288 kB
VmRSS:	    3288 kB
Threads:	6
THREAD 158 (mqmgateway_iot) S 138 138 136 52288 138 4194304 162 0 14 0 2 2 0 0 20 0 6 0 447 383217664 822 18446744073709551615 187650902470656 187650902570016 281474106820320 0 0 0 0 4 16386 1 0 0 17 1 0 0 0 0 0 187650902575328 187650902577184 187650902581248 281474106822177 281474106822490 281474106822490 281474106822624 0
THREAD 160 (mosquitto loop) R 138 138 136 52288 138 4194368 4 0 0 0 241 401 0 0 20 0 6 0 451 383217664 822 18446744073709551615 187650902470656 187650902570016 281474106820320 0 0 0 0 4 16386 0 0 0 -1 3 0 0 0 0 0 187650902575328 187650902577184 187650902581248 281474106822177 281474106822490 281474106822490 281474106822624 0
THREAD 161 (mqmgateway_iot) S 138 138 136 52288 138 4194368 8 0 0 0 174 239 0 0 20 0 6 0 451 383217664 822 18446744073709551615 187650902470656 187650902570016 281474106820320 0 0 0 0 4 16386 1 0 0 -1 2 0 0 0 0 0 187650902575328 187650902577184 187650902581248 281474106822177 281474106822490 281474106822490 281474106822624 0
THREAD 162 (mqmgateway_iot) R 138 138 136 52288 138 4194368 30 0 0 0 185 90 0 0 20 0 6 0 451 383217664 822 18446744073709551615 187650902470656 187650902570016 281474106820320 0 0 0 0 4 16386 0 0 0 -1 0 0 0 0 0 0 187650902575328 187650902577184 187650902581248 281474106822177 281474106822490 281474106822490 281474106822624 0
THREAD 163 (mqmgateway_iot) S 138 138 136 52288 138 4194368 27 0 0 0 196 91 0 0 20 0 6 0 451 383217664 822 18446744073709551615 187650902470656 187650902570016 281474106820320 0 0 0 0 4 16386 1 0 0 -1 3 0 0 0 0 0 187650902575328 187650902577184 187650902581248 281474106822177 281474106822490 281474106822490 281474106822624 0
THREAD 164 (mqmgateway_iot) S 138 138 136 52288 138 4194368 7 0 2 0 1 3 0 0 20 0 6 0 451 383217664 822 18446744073709551615 187650902470656 187650902570016 281474106820320 0 0 0 0 4 16386 1 0 0 -1 2 0 0 0 0 0 187650902575328 187650902577184 187650902581248 281474106822177 281474106822490 281474106822490 281474106822624 0
PROCESS 156
156 (mosquitto) R 138 138 136 52288 138 4194560 262 0 0 0 371 672 0 0 20 0 1 0 345 4313088 556 18446744073709551615 187650954207232 187650954450200 281474606176464 0 0 0 0 4100 18947 0 0 0 17 1 0 0 0 0 0 187650954455296 187650954457256 187650954485760 281474606178058 281474606178142 281474606178142 281474606178276 0
VmHWM:	    2224 kB
VmRSS:	    2224 kB
Threads:	1
THREAD 156 (mosquitto) R 138 138 136 52288 138 4194560 262 0 0 0 372 677 0 0 20 0 1 0 345 4313088 556 18446744073709551615 187650954207232 187650954450200 281474606176464 0 0 0 0 4100 18947 0 0 0 17 1 0 0 0 0 0 187650954455296 187650954457256 187650954485760 281474606178058 281474606178142 281474606178142 281474606178276 0
PROCESS 166
166 (mqmgateway_arm6) S 138 138 136 52288 138 4194304 828 0 2 0 380 828 0 0 20 0 2 0 559 85700608 1951 18446744073709551615 187651045920768 187651045956540 281474182994816 0 0 0 0 6 0 0 0 0 17 3 0 0 0 0 0 187651045960144 187651045961760 187651045965824 281474182995536 281474182995793 281474182995793 281474182995927 0
VmHWM:	    7804 kB
VmRSS:	    7804 kB
Threads:	2
THREAD 166 (mqmgateway_arm6) R 138 138 136 52288 138 4194304 825 0 1 0 116 361 0 0 20 0 2 0 559 85700608 1951 18446744073709551615 187651045920768 187651045956540 281474182994816 0 0 0 0 6 0 0 0 0 17 3 0 0 0 0 0 187651045960144 187651045961760 187651045965824 281474182995536 281474182995793 281474182995793 281474182995927 0
THREAD 170 (mosquitto loop) R 138 138 136 52288 138 4194368 3 0 1 0 262 472 0 0 20 0 2 0 563 85700608 1951 18446744073709551615 187651045920768 187651045956540 281474182994816 0 0 0 0 6 0 0 0 0 -1 1 0 0 0 0 0 187651045960144 187651045961760 187651045965824 281474182995536 281474182995793 281474182995793 281474182995927 0
SYSTEM cpu  1671 0 2020 2371 3 0 393 0 0 0
MemFree:          972968 kB
MemAvailable:     943088 kB
SwapFree:              0 kB
METRICS {"enqueued":44056,"dequeued":44056,"current_depth":0,"peak_depth":32,"rejected":0,"processing_latency_ms":0.244694,"published":44070,"publish_failures":0,"command_timeouts":0,"can_errors":0,"telemetry_qos":1,"mqtt_max_inflight":20,"pipeline_metrics_enabled":true,"can_pipeline":{"frames_read":44056,"parsed":44056,"rejected_frames":0,"read_errors":0,"parse":{"count":44056,"mean_us":10.6882,"max_us":4003.7,"p50_upper_us":8,"p95_upper_us":32,"p99_upper_us":256}},"telemetry_enqueued":44056,"telemetry_dequeued":44056,"telemetry_queue_wait":{"count":44056,"mean_us":241.519,"max_us":5834.35,"p50_upper_us":256,"p95_upper_us":1024,"p99_upper_us":4096},"command_queue_wait":{"count":0,"mean_us":0,"max_us":0,"p50_upper_us":0,"p95_upper_us":0,"p99_upper_us":0},"telemetry_worker_before_publish":{"count":44056,"mean_us":38.6414,"max_us":5005.14,"p50_upper_us":32,"p95_upper_us":128,"p99_upper_us":512},"mqtt_pipeline":{"publish_calls":44070,"publish_accepted":44070,"publish_api_errors":0,"puback_received":43935,"qos0_local_completed":0,"telemetry_accepted":44056,"telemetry_puback_received":43922,"pending_tracked":135,"pending_peak":506,"oldest_pending_us":33421.9,"tracking_dropped":0,"unmatched_callbacks":0,"tracking_complete":true,"publish_api":{"count":44070,"mean_us":32.5624,"max_us":5961.84,"p50_upper_us":16,"p95_upper_us":128,"p99_upper_us":512},"telemetry_puback":{"count":43922,"mean_us":25206.6,"max_us":126041,"p50_upper_us":16384,"p95_upper_us":126041,"p99_upper_us":126041}}}
SAMPLE 22.36
PROCESS 158
158 (mqmgateway_iot) S 138 138 136 52288 138 4194304 258 0 16 0 1182 1223 0 0 20 0 6 0 447 383217664 854 18446744073709551615 187650902470656 187650902570016 281474106820320 0 0 0 0 4 16386 0 0 0 17 2 0 0 0 0 0 187650902575328 187650902577184 187650902581248 281474106822177 281474106822490 281474106822490 281474106822624 0
VmHWM:	    3416 kB
VmRSS:	    3416 kB
Threads:	6
THREAD 158 (mqmgateway_iot) S 138 138 136 52288 138 4194304 162 0 14 0 2 2 0 0 20 0 6 0 447 383217664 854 18446744073709551615 187650902470656 187650902570016 281474106820320 0 0 0 0 4 16386 1 0 0 17 2 0 0 0 0 0 187650902575328 187650902577184 187650902581248 281474106822177 281474106822490 281474106822490 281474106822624 0
THREAD 160 (mosquitto loop) R 138 138 136 52288 138 4194368 4 0 0 0 365 597 0 0 20 0 6 0 451 383217664 854 18446744073709551615 187650902470656 187650902570016 281474106820320 0 0 0 0 4 16386 0 0 0 -1 1 0 0 0 0 0 187650902575328 187650902577184 187650902581248 281474106822177 281474106822490 281474106822490 281474106822624 0
THREAD 161 (mqmgateway_iot) R 138 138 136 52288 138 4194368 10 0 0 0 254 352 0 0 20 0 6 0 451 383217664 854 18446744073709551615 187650902470656 187650902570016 281474106820320 0 0 0 0 4 16386 0 0 0 -1 3 0 0 0 0 0 187650902575328 187650902577184 187650902581248 281474106822177 281474106822490 281474106822490 281474106822624 0
THREAD 162 (mqmgateway_iot) S 138 138 136 52288 138 4194368 41 0 0 0 278 133 0 0 20 0 6 0 451 383217664 854 18446744073709551615 187650902470656 187650902570016 281474106820320 0 0 0 0 4 16386 1 0 0 -1 0 0 0 0 0 0 187650902575328 187650902577184 187650902581248 281474106822177 281474106822490 281474106822490 281474106822624 0
THREAD 163 (mqmgateway_iot) S 138 138 136 52288 138 4194368 34 0 0 0 292 137 0 0 20 0 6 0 451 383217664 854 18446744073709551615 187650902470656 187650902570016 281474106820320 0 0 0 0 4 16386 1 0 0 -1 1 0 0 0 0 0 187650902575328 187650902577184 187650902581248 281474106822177 281474106822490 281474106822490 281474106822624 0
THREAD 164 (mqmgateway_iot) S 138 138 136 52288 138 4194368 7 0 2 0 1 4 0 0 20 0 6 0 451 383217664 854 18446744073709551615 187650902470656 187650902570016 281474106820320 0 0 0 0 4 16386 1 0 0 -1 2 0 0 0 0 0 187650902575328 187650902577184 187650902581248 281474106822177 281474106822490 281474106822490 281474106822624 0
PROCESS 156
156 (mosquitto) R 138 138 136 52288 138 4194560 262 0 0 0 549 1017 0 0 20 0 1 0 345 4313088 556 18446744073709551615 187650954207232 187650954450200 281474606176464 0 0 0 0 4100 18947 0 0 0 17 2 0 0 0 0 0 187650954455296 187650954457256 187650954485760 281474606178058 281474606178142 281474606178142 281474606178276 0
VmHWM:	    2224 kB
VmRSS:	    2224 kB
Threads:	1
THREAD 156 (mosquitto) R 138 138 136 52288 138 4194560 262 0 0 0 551 1022 0 0 20 0 1 0 345 4313088 556 18446744073709551615 187650954207232 187650954450200 281474606176464 0 0 0 0 4100 18947 0 0 0 17 2 0 0 0 0 0 187650954455296 187650954457256 187650954485760 281474606178058 281474606178142 281474606178142 281474606178276 0
PROCESS 166
166 (mqmgateway_arm6) S 138 138 136 52288 138 4194304 828 0 2 0 569 1234 0 0 20 0 2 0 559 85700608 1951 18446744073709551615 187651045920768 187651045956540 281474182994816 0 0 0 0 6 0 0 0 0 17 3 0 0 0 0 0 187651045960144 187651045961760 187651045965824 281474182995536 281474182995793 281474182995793 281474182995927 0
VmHWM:	    7804 kB
VmRSS:	    7804 kB
Threads:	2
THREAD 166 (mqmgateway_arm6) R 138 138 136 52288 138 4194304 825 0 1 0 173 533 0 0 20 0 2 0 559 85700608 1951 18446744073709551615 187651045920768 187651045956540 281474182994816 0 0 0 0 6 0 0 0 0 17 3 0 0 0 0 0 187651045960144 187651045961760 187651045965824 281474182995536 281474182995793 281474182995793 281474182995927 0
THREAD 170 (mosquitto loop) R 138 138 136 52288 138 4194368 3 0 1 0 392 711 0 0 20 0 2 0 563 85700608 1951 18446744073709551615 187651045920768 187651045956540 281474182994816 0 0 0 0 6 0 0 0 0 -1 0 0 0 0 0 0 187651045960144 187651045961760 187651045965824 281474182995536 281474182995793 281474182995793 281474182995927 0
SYSTEM cpu  2414 0 2944 2576 3 0 580 0 0 0
MemFree:          972744 kB
MemAvailable:     942872 kB
SwapFree:              0 kB
METRICS {"enqueued":68290,"dequeued":68289,"current_depth":1,"peak_depth":32,"rejected":0,"processing_latency_ms":0.252169,"published":68311,"publish_failures":0,"command_timeouts":0,"can_errors":0,"telemetry_qos":1,"mqtt_max_inflight":20,"pipeline_metrics_enabled":true,"can_pipeline":{"frames_read":68291,"parsed":68291,"rejected_frames":0,"read_errors":0,"parse":{"count":68291,"mean_us":10.1115,"max_us":4003.7,"p50_upper_us":4,"p95_upper_us":32,"p99_upper_us":256}},"telemetry_enqueued":68291,"telemetry_dequeued":68291,"telemetry_queue_wait":{"count":68291,"mean_us":248.982,"max_us":5834.35,"p50_upper_us":256,"p95_upper_us":1024,"p99_upper_us":4096},"command_queue_wait":{"count":0,"mean_us":0,"max_us":0,"p50_upper_us":0,"p95_upper_us":0,"p99_upper_us":0},"telemetry_worker_before_publish":{"count":68291,"mean_us":39.356,"max_us":5005.14,"p50_upper_us":32,"p95_upper_us":128,"p99_upper_us":512},"mqtt_pipeline":{"publish_calls":68311,"publish_accepted":68311,"publish_api_errors":0,"puback_received":68018,"qos0_local_completed":0,"telemetry_accepted":68291,"telemetry_puback_received":67999,"pending_tracked":293,"pending_peak":755,"oldest_pending_us":72078.4,"tracking_dropped":0,"unmatched_callbacks":0,"tracking_complete":true,"publish_api":{"count":68311,"mean_us":32.5748,"max_us":5961.84,"p50_upper_us":16,"p95_upper_us":128,"p99_upper_us":512},"telemetry_puback":{"count":67999,"mean_us":27284.8,"max_us":188805,"p50_upper_us":16384,"p95_upper_us":131072,"p99_upper_us":188805}}}
SAMPLE 27.97
PROCESS 158
158 (mqmgateway_iot) S 138 138 136 52288 138 4194304 258 0 16 0 1580 1642 0 0 20 0 6 0 447 383217664 854 18446744073709551615 187650902470656 187650902570016 281474106820320 0 0 0 0 4 16386 0 0 0 17 0 0 0 0 0 0 187650902575328 187650902577184 187650902581248 281474106822177 281474106822490 281474106822490 281474106822624 0
VmHWM:	    3416 kB
VmRSS:	    3416 kB
Threads:	6
THREAD 158 (mqmgateway_iot) S 138 138 136 52288 138 4194304 162 0 14 0 2 2 0 0 20 0 6 0 447 383217664 854 18446744073709551615 187650902470656 187650902570016 281474106820320 0 0 0 0 4 16386 1 0 0 17 0 0 0 0 0 0 187650902575328 187650902577184 187650902581248 281474106822177 281474106822490 281474106822490 281474106822624 0
THREAD 160 (mosquitto loop) S 138 138 136 52288 138 4194368 4 0 0 0 486 793 0 0 20 0 6 0 451 383217664 854 18446744073709551615 187650902470656 187650902570016 281474106820320 0 0 0 0 4 16386 1 0 0 -1 2 0 0 0 0 0 187650902575328 187650902577184 187650902581248 281474106822177 281474106822490 281474106822490 281474106822624 0
THREAD 161 (mqmgateway_iot) R 138 138 136 52288 138 4194368 10 0 0 0 345 472 0 0 20 0 6 0 451 383217664 854 18446744073709551615 187650902470656 187650902570016 281474106820320 0 0 0 0 4 16386 0 0 0 -1 0 0 0 0 0 0 187650902575328 187650902577184 187650902581248 281474106822177 281474106822490 281474106822490 281474106822624 0
THREAD 162 (mqmgateway_iot) R 138 138 136 52288 138 4194368 41 0 0 0 375 174 0 0 20 0 6 0 451 383217664 854 18446744073709551615 187650902470656 187650902570016 281474106820320 0 0 0 0 4 16386 0 0 0 -1 1 0 0 0 0 0 187650902575328 187650902577184 187650902581248 281474106822177 281474106822490 281474106822490 281474106822624 0
THREAD 163 (mqmgateway_iot) R 138 138 136 52288 138 4194368 34 0 0 0 387 185 0 0 20 0 6 0 451 383217664 854 18446744073709551615 187650902470656 187650902570016 281474106820320 0 0 0 0 4 16386 0 0 0 -1 2 0 0 0 0 0 187650902575328 187650902577184 187650902581248 281474106822177 281474106822490 281474106822490 281474106822624 0
THREAD 164 (mqmgateway_iot) S 138 138 136 52288 138 4194368 7 0 2 0 2 5 0 0 20 0 6 0 451 383217664 854 18446744073709551615 187650902470656 187650902570016 281474106820320 0 0 0 0 4 16386 1 0 0 -1 2 0 0 0 0 0 187650902575328 187650902577184 187650902581248 281474106822177 281474106822490 281474106822490 281474106822624 0
PROCESS 156
156 (mosquitto) R 138 138 136 52288 138 4194560 262 0 0 0 731 1345 0 0 20 0 1 0 345 4313088 556 18446744073709551615 187650954207232 187650954450200 281474606176464 0 0 0 0 4100 18947 0 0 0 17 1 0 0 0 0 0 187650954455296 187650954457256 187650954485760 281474606178058 281474606178142 281474606178142 281474606178276 0
VmHWM:	    2224 kB
VmRSS:	    2224 kB
Threads:	1
THREAD 156 (mosquitto) R 138 138 136 52288 138 4194560 262 0 0 0 733 1348 0 0 20 0 1 0 345 4313088 556 18446744073709551615 187650954207232 187650954450200 281474606176464 0 0 0 0 4100 18947 0 0 0 17 1 0 0 0 0 0 187650954455296 187650954457256 187650954485760 281474606178058 281474606178142 281474606178142 281474606178276 0
PROCESS 166
166 (mqmgateway_arm6) S 138 138 136 52288 138 4194304 828 0 2 0 750 1637 0 0 20 0 2 0 559 85700608 1951 18446744073709551615 187651045920768 187651045956540 281474182994816 0 0 0 0 6 0 0 0 0 17 2 0 0 0 0 0 187651045960144 187651045961760 187651045965824 281474182995536 281474182995793 281474182995793 281474182995927 0
VmHWM:	    7804 kB
VmRSS:	    7804 kB
Threads:	2
THREAD 166 (mqmgateway_arm6) R 138 138 136 52288 138 4194304 825 0 1 0 226 709 0 0 20 0 2 0 559 85700608 1951 18446744073709551615 187651045920768 187651045956540 281474182994816 0 0 0 0 6 0 0 0 0 17 2 0 0 0 0 0 187651045960144 187651045961760 187651045965824 281474182995536 281474182995793 281474182995793 281474182995927 0
THREAD 170 (mosquitto loop) S 138 138 136 52288 138 4194368 3 0 1 0 522 938 0 0 20 0 2 0 563 85700608 1951 18446744073709551615 187651045920768 187651045956540 281474182994816 0 0 0 0 6 0 1 0 0 -1 2 0 0 0 0 0 187651045960144 187651045961760 187651045965824 281474182995536 281474182995793 281474182995793 281474182995927 0
SYSTEM cpu  3153 0 3858 2777 3 0 772 0 0 0
MemFree:          972016 kB
MemAvailable:     942148 kB
SwapFree:              0 kB
METRICS {"enqueued":88475,"dequeued":88475,"current_depth":0,"peak_depth":32,"rejected":0,"processing_latency_ms":0.256366,"published":88500,"publish_failures":0,"command_timeouts":0,"can_errors":0,"telemetry_qos":1,"mqtt_max_inflight":20,"pipeline_metrics_enabled":true,"can_pipeline":{"frames_read":88476,"parsed":88476,"rejected_frames":0,"read_errors":0,"parse":{"count":88476,"mean_us":10.182,"max_us":4003.7,"p50_upper_us":4,"p95_upper_us":32,"p99_upper_us":256}},"telemetry_enqueued":88475,"telemetry_dequeued":88475,"telemetry_queue_wait":{"count":88475,"mean_us":253.212,"max_us":7041.7,"p50_upper_us":256,"p95_upper_us":1024,"p99_upper_us":4096},"command_queue_wait":{"count":0,"mean_us":0,"max_us":0,"p50_upper_us":0,"p95_upper_us":0,"p99_upper_us":0},"telemetry_worker_before_publish":{"count":88475,"mean_us":39.5237,"max_us":6226.22,"p50_upper_us":32,"p95_upper_us":128,"p99_upper_us":512},"mqtt_pipeline":{"publish_calls":88500,"publish_accepted":88500,"publish_api_errors":0,"puback_received":88310,"qos0_local_completed":0,"telemetry_accepted":88475,"telemetry_puback_received":88286,"pending_tracked":190,"pending_peak":755,"oldest_pending_us":47578.2,"tracking_dropped":0,"unmatched_callbacks":0,"tracking_complete":true,"publish_api":{"count":88500,"mean_us":32.3393,"max_us":6495.84,"p50_upper_us":16,"p95_upper_us":128,"p99_upper_us":512},"telemetry_puback":{"count":88286,"mean_us":28031.7,"max_us":188805,"p50_upper_us":16384,"p95_upper_us":131072,"p99_upper_us":188805}}}
SAMPLE 33.50
PROCESS 158
158 (mqmgateway_iot) S 138 138 136 52288 138 4194304 263 0 16 0 1960 2048 0 0 20 0 6 0 447 383217664 854 18446744073709551615 187650902470656 187650902570016 281474106820320 0 0 0 0 4 16386 0 0 0 17 0 0 0 0 0 0 187650902575328 187650902577184 187650902581248 281474106822177 281474106822490 281474106822490 281474106822624 0
VmHWM:	    3416 kB
VmRSS:	    3416 kB
Threads:	6
THREAD 158 (mqmgateway_iot) S 138 138 136 52288 138 4194304 162 0 14 0 3 3 0 0 20 0 6 0 447 383217664 854 18446744073709551615 187650902470656 187650902570016 281474106820320 0 0 0 0 4 16386 1 0 0 17 0 0 0 0 0 0 187650902575328 187650902577184 187650902581248 281474106822177 281474106822490 281474106822490 281474106822624 0
THREAD 160 (mosquitto loop) S 138 138 136 52288 138 4194368 4 0 0 0 608 1001 0 0 20 0 6 0 451 383217664 854 18446744073709551615 187650902470656 187650902570016 281474106820320 0 0 0 0 4 16386 1 0 0 -1 2 0 0 0 0 0 187650902575328 187650902577184 187650902581248 281474106822177 281474106822490 281474106822490 281474106822624 0
THREAD 161 (mqmgateway_iot) R 138 138 136 52288 138 4194368 10 0 0 0 430 590 0 0 20 0 6 0 451 383217664 854 18446744073709551615 187650902470656 187650902570016 281474106820320 0 0 0 0 4 16386 1 0 0 -1 3 0 0 0 0 0 187650902575328 187650902577184 187650902581248 281474106822177 281474106822490 281474106822490 281474106822624 0
THREAD 162 (mqmgateway_iot) R 138 138 136 52288 138 4194368 42 0 0 0 455 220 0 0 20 0 6 0 451 383217664 854 18446744073709551615 187650902470656 187650902570016 281474106820320 0 0 0 0 4 16386 0 0 0 -1 1 0 0 0 0 0 187650902575328 187650902577184 187650902581248 281474106822177 281474106822490 281474106822490 281474106822624 0
THREAD 163 (mqmgateway_iot) S 138 138 136 52288 138 4194368 38 0 0 0 481 220 0 0 20 0 6 0 451 383217664 854 18446744073709551615 187650902470656 187650902570016 281474106820320 0 0 0 0 4 16386 1 0 0 -1 1 0 0 0 0 0 187650902575328 187650902577184 187650902581248 281474106822177 281474106822490 281474106822490 281474106822624 0
THREAD 164 (mqmgateway_iot) S 138 138 136 52288 138 4194368 7 0 2 0 2 7 0 0 20 0 6 0 451 383217664 854 18446744073709551615 187650902470656 187650902570016 281474106820320 0 0 0 0 4 16386 1 0 0 -1 2 0 0 0 0 0 187650902575328 187650902577184 187650902581248 281474106822177 281474106822490 281474106822490 281474106822624 0
PROCESS 156
156 (mosquitto) S 138 138 136 52288 138 4194560 262 0 0 0 920 1680 0 0 20 0 1 0 345 4313088 556 18446744073709551615 187650954207232 187650954450200 281474606176464 0 0 0 18947 4100 18947 1 0 0 17 0 0 0 0 0 0 187650954455296 187650954457256 187650954485760 281474606178058 281474606178142 281474606178142 281474606178276 0
VmHWM:	    2224 kB
VmRSS:	    2224 kB
Threads:	1
THREAD 156 (mosquitto) R 138 138 136 52288 138 4194560 262 0 0 0 922 1683 0 0 20 0 1 0 345 4313088 556 18446744073709551615 187650954207232 187650954450200 281474606176464 0 0 0 0 4100 18947 0 0 0 17 0 0 0 0 0 0 187650954455296 187650954457256 187650954485760 281474606178058 281474606178142 281474606178142 281474606178276 0
PROCESS 166
166 (mqmgateway_arm6) R 138 138 136 52288 138 4194304 828 0 2 0 933 2031 0 0 20 0 2 0 559 85700608 1951 18446744073709551615 187651045920768 187651045956540 281474182994816 0 0 0 0 6 0 0 0 0 17 1 0 0 0 0 0 187651045960144 187651045961760 187651045965824 281474182995536 281474182995793 281474182995793 281474182995927 0
VmHWM:	    7804 kB
VmRSS:	    7804 kB
Threads:	2
THREAD 166 (mqmgateway_arm6) S 138 138 136 52288 138 4194304 825 0 1 0 278 878 0 0 20 0 2 0 559 85700608 1951 18446744073709551615 187651045920768 187651045956540 281474182994816 0 0 0 0 6 0 1 0 0 17 1 0 0 0 0 0 187651045960144 187651045961760 187651045965824 281474182995536 281474182995793 281474182995793 281474182995927 0
THREAD 170 (mosquitto loop) R 138 138 136 52288 138 4194368 3 0 1 0 649 1164 0 0 20 0 2 0 563 85700608 1951 18446744073709551615 187651045920768 187651045956540 281474182994816 0 0 0 0 6 0 0 0 0 -1 3 0 0 0 0 0 187651045960144 187651045961760 187651045965824 281474182995536 281474182995793 281474182995793 281474182995927 0
SYSTEM cpu  3872 0 4765 2998 3 0 936 0 0 0
MemFree:          972000 kB
MemAvailable:     942144 kB
SwapFree:              0 kB
METRICS {"enqueued":112715,"dequeued":112715,"current_depth":0,"peak_depth":32,"rejected":0,"processing_latency_ms":0.251167,"published":112746,"publish_failures":0,"command_timeouts":0,"can_errors":0,"telemetry_qos":1,"mqtt_max_inflight":20,"pipeline_metrics_enabled":true,"can_pipeline":{"frames_read":112715,"parsed":112715,"rejected_frames":0,"read_errors":0,"parse":{"count":112715,"mean_us":10.0481,"max_us":4003.7,"p50_upper_us":4,"p95_upper_us":32,"p99_upper_us":256}},"telemetry_enqueued":112715,"telemetry_dequeued":112715,"telemetry_queue_wait":{"count":112715,"mean_us":248.07,"max_us":7041.7,"p50_upper_us":256,"p95_upper_us":1024,"p99_upper_us":4096},"command_queue_wait":{"count":0,"mean_us":0,"max_us":0,"p50_upper_us":0,"p95_upper_us":0,"p99_upper_us":0},"telemetry_worker_before_publish":{"count":112715,"mean_us":39.2114,"max_us":6226.22,"p50_upper_us":32,"p95_upper_us":128,"p99_upper_us":512},"mqtt_pipeline":{"publish_calls":112746,"publish_accepted":112746,"publish_api_errors":0,"puback_received":112705,"qos0_local_completed":0,"telemetry_accepted":112715,"telemetry_puback_received":112675,"pending_tracked":41,"pending_peak":755,"oldest_pending_us":10385.7,"tracking_dropped":0,"unmatched_callbacks":0,"tracking_complete":true,"publish_api":{"count":112746,"mean_us":31.0387,"max_us":6495.84,"p50_upper_us":16,"p95_upper_us":128,"p99_upper_us":512},"telemetry_puback":{"count":112675,"mean_us":34309.7,"max_us":188805,"p50_upper_us":16384,"p95_upper_us":131072,"p99_upper_us":188805}}}
SAMPLE 39.09
PROCESS 158
158 (mqmgateway_iot) S 138 138 136 52288 138 4194304 263 0 16 0 2339 2468 0 0 20 0 6 0 447 383217664 854 18446744073709551615 187650902470656 187650902570016 281474106820320 0 0 0 0 4 16386 0 0 0 17 1 0 0 0 0 0 187650902575328 187650902577184 187650902581248 281474106822177 281474106822490 281474106822490 281474106822624 0
VmHWM:	    3416 kB
VmRSS:	    3416 kB
Threads:	6
THREAD 158 (mqmgateway_iot) S 138 138 136 52288 138 4194304 162 0 14 0 3 3 0 0 20 0 6 0 447 383217664 854 18446744073709551615 187650902470656 187650902570016 281474106820320 0 0 0 0 4 16386 1 0 0 17 1 0 0 0 0 0 187650902575328 187650902577184 187650902581248 281474106822177 281474106822490 281474106822490 281474106822624 0
THREAD 160 (mosquitto loop) S 138 138 136 52288 138 4194368 4 0 0 0 723 1205 0 0 20 0 6 0 451 383217664 854 18446744073709551615 187650902470656 187650902570016 281474106820320 0 0 0 0 4 16386 1 0 0 -1 2 0 0 0 0 0 187650902575328 187650902577184 187650902581248 281474106822177 281474106822490 281474106822490 281474106822624 0
THREAD 161 (mqmgateway_iot) R 138 138 136 52288 138 4194368 10 0 0 0 518 707 0 0 20 0 6 0 451 383217664 854 18446744073709551615 187650902470656 187650902570016 281474106820320 0 0 0 0 4 16386 0 0 0 -1 0 0 0 0 0 0 187650902575328 187650902577184 187650902581248 281474106822177 281474106822490 281474106822490 281474106822624 0
THREAD 162 (mqmgateway_iot) R 138 138 136 52288 138 4194368 42 0 0 0 545 263 0 0 20 0 6 0 451 383217664 854 18446744073709551615 187650902470656 187650902570016 281474106820320 0 0 0 0 4 16386 0 0 0 -1 1 0 0 0 0 0 187650902575328 187650902577184 187650902581248 281474106822177 281474106822490 281474106822490 281474106822624 0
THREAD 163 (mqmgateway_iot) R 138 138 136 52288 138 4194368 38 0 0 0 568 265 0 0 20 0 6 0 451 383217664 854 18446744073709551615 187650902470656 187650902570016 281474106820320 0 0 0 0 4 16386 0 0 0 -1 1 0 0 0 0 0 187650902575328 187650902577184 187650902581248 281474106822177 281474106822490 281474106822490 281474106822624 0
THREAD 164 (mqmgateway_iot) S 138 138 136 52288 138 4194368 7 0 2 0 3 8 0 0 20 0 6 0 451 383217664 854 18446744073709551615 187650902470656 187650902570016 281474106820320 0 0 0 0 4 16386 1 0 0 -1 0 0 0 0 0 0 187650902575328 187650902577184 187650902581248 281474106822177 281474106822490 281474106822490 281474106822624 0
PROCESS 156
156 (mosquitto) R 138 138 136 52288 138 4194560 262 0 0 0 1095 2017 0 0 20 0 1 0 345 4313088 556 18446744073709551615 187650954207232 187650954450200 281474606176464 0 0 0 0 4100 18947 0 0 0 17 3 0 0 0 0 0 187650954455296 187650954457256 187650954485760 281474606178058 281474606178142 281474606178142 281474606178276 0
VmHWM:	    2224 kB
VmRSS:	    2224 kB
Threads:	1
THREAD 156 (mosquitto) R 138 138 136 52288 138 4194560 262 0 0 0 1097 2020 0 0 20 0 1 0 345 4313088 556 18446744073709551615 187650954207232 187650954450200 281474606176464 0 0 0 0 4100 18947 0 0 0 17 3 0 0 0 0 0 187650954455296 187650954457256 187650954485760 281474606178058 281474606178142 281474606178142 281474606178276 0
PROCESS 166
166 (mqmgateway_arm6) S 138 138 136 52288 138 4194304 828 0 2 0 1119 2426 0 0 20 0 2 0 559 85700608 1951 18446744073709551615 187651045920768 187651045956540 281474182994816 0 0 0 0 6 0 0 0 0 17 1 0 0 0 0 0 187651045960144 187651045961760 187651045965824 281474182995536 281474182995793 281474182995793 281474182995927 0
VmHWM:	    7804 kB
VmRSS:	    7804 kB
Threads:	2
THREAD 166 (mqmgateway_arm6) S 138 138 136 52288 138 4194304 825 0 1 0 328 1055 0 0 20 0 2 0 559 85700608 1951 18446744073709551615 187651045920768 187651045956540 281474182994816 0 0 0 0 6 0 1 0 0 17 2 0 0 0 0 0 187651045960144 187651045961760 187651045965824 281474182995536 281474182995793 281474182995793 281474182995927 0
THREAD 170 (mosquitto loop) R 138 138 136 52288 138 4194368 3 0 1 0 781 1387 0 0 20 0 2 0 563 85700608 1951 18446744073709551615 187651045920768 187651045956540 281474182994816 0 0 0 0 6 0 0 0 0 -1 0 0 0 0 0 0 187651045960144 187651045961760 187651045965824 281474182995536 281474182995793 281474182995793 281474182995927 0
SYSTEM cpu  4590 0 5697 3198 3 0 1135 0 0 0
MemFree:          972000 kB
MemAvailable:     942152 kB
SwapFree:              0 kB
METRICS {"enqueued":132885,"dequeued":132885,"current_depth":0,"peak_depth":32,"rejected":0,"processing_latency_ms":0.24473,"published":132924,"publish_failures":0,"command_timeouts":0,"can_errors":0,"telemetry_qos":1,"mqtt_max_inflight":20,"pipeline_metrics_enabled":true,"can_pipeline":{"frames_read":132889,"parsed":132889,"rejected_frames":0,"read_errors":0,"parse":{"count":132889,"mean_us":10.0978,"max_us":4003.7,"p50_upper_us":4,"p95_upper_us":32,"p99_upper_us":256}},"telemetry_enqueued":132889,"telemetry_dequeued":132888,"telemetry_queue_wait":{"count":132888,"mean_us":241.636,"max_us":7041.7,"p50_upper_us":256,"p95_upper_us":1024,"p99_upper_us":4096},"command_queue_wait":{"count":0,"mean_us":0,"max_us":0,"p50_upper_us":0,"p95_upper_us":0,"p99_upper_us":0},"telemetry_worker_before_publish":{"count":132888,"mean_us":39.1041,"max_us":6226.22,"p50_upper_us":32,"p95_upper_us":128,"p99_upper_us":512},"mqtt_pipeline":{"publish_calls":132924,"publish_accepted":132924,"publish_api_errors":0,"puback_received":132923,"qos0_local_completed":0,"telemetry_accepted":132888,"telemetry_puback_received":132887,"pending_tracked":1,"pending_peak":755,"oldest_pending_us":843.888,"tracking_dropped":0,"unmatched_callbacks":0,"tracking_complete":true,"publish_api":{"count":132924,"mean_us":30.1935,"max_us":6495.84,"p50_upper_us":16,"p95_upper_us":128,"p99_upper_us":512},"telemetry_puback":{"count":132887,"mean_us":36637.3,"max_us":188805,"p50_upper_us":32768,"p95_upper_us":188805,"p99_upper_us":188805}}}
SAMPLE 44.62
PROCESS 158
158 (mqmgateway_iot) S 138 138 136 52288 138 4194304 267 0 16 0 2736 2860 0 0 20 0 6 0 447 383217664 854 18446744073709551615 187650902470656 187650902570016 281474106820320 0 0 0 0 4 16386 0 0 0 17 1 0 0 0 0 0 187650902575328 187650902577184 187650902581248 281474106822177 281474106822490 281474106822490 281474106822624 0
VmHWM:	    3416 kB
VmRSS:	    3416 kB
Threads:	6
THREAD 158 (mqmgateway_iot) S 138 138 136 52288 138 4194304 162 0 14 0 3 3 0 0 20 0 6 0 447 383217664 854 18446744073709551615 187650902470656 187650902570016 281474106820320 0 0 0 0 4 16386 1 0 0 17 1 0 0 0 0 0 187650902575328 187650902577184 187650902581248 281474106822177 281474106822490 281474106822490 281474106822624 0
THREAD 160 (mosquitto loop) R 138 138 136 52288 138 4194368 4 0 0 0 863 1391 0 0 20 0 6 0 451 383217664 854 18446744073709551615 187650902470656 187650902570016 281474106820320 0 0 0 0 4 16386 0 0 0 -1 2 0 0 0 0 0 187650902575328 187650902577184 187650902581248 281474106822177 281474106822490 281474106822490 281474106822624 0
THREAD 161 (mqmgateway_iot) S 138 138 136 52288 138 4194368 11 0 0 0 601 830 0 0 20 0 6 0 451 383217664 854 18446744073709551615 187650902470656 187650902570016 281474106820320 0 0 0 0 4 16386 1 0 0 -1 2 0 0 0 0 0 187650902575328 187650902577184 187650902581248 281474106822177 281474106822490 281474106822490 281474106822624 0
THREAD 162 (mqmgateway_iot) R 138 138 136 52288 138 4194368 42 0 0 0 635 300 0 0 20 0 6 0 451 383217664 854 18446744073709551615 187650902470656 187650902570016 281474106820320 0 0 0 0 4 16386 0 0 0 -1 1 0 0 0 0 0 187650902575328 187650902577184 187650902581248 281474106822177 281474106822490 281474106822490 281474106822624 0
THREAD 163 (mqmgateway_iot) S 138 138 136 52288 138 4194368 41 0 0 0 655 312 0 0 20 0 6 0 451 383217664 854 18446744073709551615 187650902470656 187650902570016 281474106820320 0 0 0 0 4 16386 1 0 0 -1 0 0 0 0 0 0 187650902575328 187650902577184 187650902581248 281474106822177 281474106822490 281474106822490 281474106822624 0
THREAD 164 (mqmgateway_iot) S 138 138 136 52288 138 4194368 7 0 2 0 3 9 0 0 20 0 6 0 451 383217664 854 18446744073709551615 187650902470656 187650902570016 281474106820320 0 0 0 0 4 16386 1 0 0 -1 1 0 0 0 0 0 187650902575328 187650902577184 187650902581248 281474106822177 281474106822490 281474106822490 281474106822624 0
PROCESS 156
156 (mosquitto) R 138 138 136 52288 138 4194560 262 0 0 0 1278 2364 0 0 20 0 1 0 345 4313088 556 18446744073709551615 187650954207232 187650954450200 281474606176464 0 0 0 0 4100 18947 0 0 0 17 0 0 0 0 0 0 187650954455296 187650954457256 187650954485760 281474606178058 281474606178142 281474606178142 281474606178276 0
VmHWM:	    2224 kB
VmRSS:	    2224 kB
Threads:	1
THREAD 156 (mosquitto) R 138 138 136 52288 138 4194560 262 0 0 0 1280 2370 0 0 20 0 1 0 345 4313088 556 18446744073709551615 187650954207232 187650954450200 281474606176464 0 0 0 0 4100 18947 0 0 0 17 0 0 0 0 0 0 187650954455296 187650954457256 187650954485760 281474606178058 281474606178142 281474606178142 281474606178276 0
PROCESS 166
166 (mqmgateway_arm6) R 138 138 136 52288 138 4194304 828 0 2 0 1295 2845 0 0 20 0 2 0 559 85700608 1951 18446744073709551615 187651045920768 187651045956540 281474182994816 0 0 0 0 6 0 0 0 0 17 3 0 0 0 0 0 187651045960144 187651045961760 187651045965824 281474182995536 281474182995793 281474182995793 281474182995927 0
VmHWM:	    7804 kB
VmRSS:	    7804 kB
Threads:	2
THREAD 166 (mqmgateway_arm6) R 138 138 136 52288 138 4194304 825 0 1 0 377 1233 0 0 20 0 2 0 559 85700608 1951 18446744073709551615 187651045920768 187651045956540 281474182994816 0 0 0 0 6 0 0 0 0 17 3 0 0 0 0 0 187651045960144 187651045961760 187651045965824 281474182995536 281474182995793 281474182995793 281474182995927 0
THREAD 170 (mosquitto loop) S 138 138 136 52288 138 4194368 3 0 1 0 909 1629 0 0 20 0 2 0 563 85700608 1951 18446744073709551615 187651045920768 187651045956540 281474182994816 0 0 0 0 6 0 1 0 0 -1 1 0 0 0 0 0 187651045960144 187651045961760 187651045965824 281474182995536 281474182995793 281474182995793 281474182995927 0
SYSTEM cpu  5327 0 6620 3401 3 0 1328 0 0 0
MemFree:          971276 kB
MemAvailable:     941436 kB
SwapFree:              0 kB
METRICS {"enqueued":157148,"dequeued":157148,"current_depth":0,"peak_depth":34,"rejected":0,"processing_latency_ms":0.244079,"published":157189,"publish_failures":0,"command_timeouts":0,"can_errors":0,"telemetry_qos":1,"mqtt_max_inflight":20,"pipeline_metrics_enabled":true,"can_pipeline":{"frames_read":157148,"parsed":157148,"rejected_frames":0,"read_errors":0,"parse":{"count":157148,"mean_us":10.0107,"max_us":4003.7,"p50_upper_us":4,"p95_upper_us":32,"p99_upper_us":256}},"telemetry_enqueued":157148,"telemetry_dequeued":157148,"telemetry_queue_wait":{"count":157148,"mean_us":241.03,"max_us":8073.89,"p50_upper_us":256,"p95_upper_us":1024,"p99_upper_us":4096},"command_queue_wait":{"count":0,"mean_us":0,"max_us":0,"p50_upper_us":0,"p95_upper_us":0,"p99_upper_us":0},"telemetry_worker_before_publish":{"count":157148,"mean_us":38.844,"max_us":6226.22,"p50_upper_us":32,"p95_upper_us":128,"p99_upper_us":512},"mqtt_pipeline":{"publish_calls":157189,"publish_accepted":157189,"publish_api_errors":0,"puback_received":156780,"qos0_local_completed":0,"telemetry_accepted":157147,"telemetry_puback_received":156739,"pending_tracked":409,"pending_peak":807,"oldest_pending_us":100858,"tracking_dropped":0,"unmatched_callbacks":0,"tracking_complete":true,"publish_api":{"count":157189,"mean_us":29.517,"max_us":6495.84,"p50_upper_us":16,"p95_upper_us":128,"p99_upper_us":512},"telemetry_puback":{"count":156739,"mean_us":38517.1,"max_us":200117,"p50_upper_us":32768,"p95_upper_us":200117,"p99_upper_us":200117}}}
SAMPLE 50.25
PROCESS 158
158 (mqmgateway_iot) S 138 138 136 52288 138 4194304 270 0 16 0 3101 3299 0 0 20 0 6 0 447 383217664 854 18446744073709551615 187650902470656 187650902570016 281474106820320 0 0 0 0 4 16386 0 0 0 17 1 0 0 0 0 0 187650902575328 187650902577184 187650902581248 281474106822177 281474106822490 281474106822490 281474106822624 0
VmHWM:	    3416 kB
VmRSS:	    3416 kB
Threads:	6
THREAD 158 (mqmgateway_iot) S 138 138 136 52288 138 4194304 162 0 14 0 3 3 0 0 20 0 6 0 447 383217664 854 18446744073709551615 187650902470656 187650902570016 281474106820320 0 0 0 0 4 16386 1 0 0 17 1 0 0 0 0 0 187650902575328 187650902577184 187650902581248 281474106822177 281474106822490 281474106822490 281474106822624 0
THREAD 160 (mosquitto loop) R 138 138 136 52288 138 4194368 4 0 0 0 976 1602 0 0 20 0 6 0 451 383217664 854 18446744073709551615 187650902470656 187650902570016 281474106820320 0 0 0 0 4 16386 0 0 0 -1 2 0 0 0 0 0 187650902575328 187650902577184 187650902581248 281474106822177 281474106822490 281474106822490 281474106822624 0
THREAD 161 (mqmgateway_iot) S 138 138 136 52288 138 4194368 11 0 0 0 684 965 0 0 20 0 6 0 451 383217664 854 18446744073709551615 187650902470656 187650902570016 281474106820320 0 0 0 0 4 16386 1 0 0 -1 1 0 0 0 0 0 187650902575328 187650902577184 187650902581248 281474106822177 281474106822490 281474106822490 281474106822624 0
THREAD 162 (mqmgateway_iot) S 138 138 136 52288 138 4194368 45 0 0 0 729 338 0 0 20 0 6 0 451 383217664 854 18446744073709551615 187650902470656 187650902570016 281474106820320 0 0 0 0 4 16386 1 0 0 -1 0 0 0 0 0 0 187650902575328 187650902577184 187650902581248 281474106822177 281474106822490 281474106822490 281474106822624 0
THREAD 163 (mqmgateway_iot) S 138 138 136 52288 138 4194368 41 0 0 0 739 362 0 0 20 0 6 0 451 383217664 854 18446744073709551615 187650902470656 187650902570016 281474106820320 0 0 0 0 4 16386 1 0 0 -1 2 0 0 0 0 0 187650902575328 187650902577184 187650902581248 281474106822177 281474106822490 281474106822490 281474106822624 0
THREAD 164 (mqmgateway_iot) S 138 138 136 52288 138 4194368 7 0 2 0 3 11 0 0 20 0 6 0 451 383217664 854 18446744073709551615 187650902470656 187650902570016 281474106820320 0 0 0 0 4 16386 1 0 0 -1 3 0 0 0 0 0 187650902575328 187650902577184 187650902581248 281474106822177 281474106822490 281474106822490 281474106822624 0
PROCESS 156
156 (mosquitto) R 138 138 136 52288 138 4194560 262 0 0 0 1449 2719 0 0 20 0 1 0 345 4313088 556 18446744073709551615 187650954207232 187650954450200 281474606176464 0 0 0 0 4100 18947 0 0 0 17 3 0 0 0 0 0 187650954455296 187650954457256 187650954485760 281474606178058 281474606178142 281474606178142 281474606178276 0
VmHWM:	    2224 kB
VmRSS:	    2224 kB
Threads:	1
THREAD 156 (mosquitto) R 138 138 136 52288 138 4194560 262 0 0 0 1451 2723 0 0 20 0 1 0 345 4313088 556 18446744073709551615 187650954207232 187650954450200 281474606176464 0 0 0 0 4100 18947 0 0 0 17 3 0 0 0 0 0 187650954455296 187650954457256 187650954485760 281474606178058 281474606178142 281474606178142 281474606178276 0
PROCESS 166
166 (mqmgateway_arm6) S 138 138 136 52288 138 4194304 828 0 2 0 1475 3268 0 0 20 0 2 0 559 85700608 1951 18446744073709551615 187651045920768 187651045956540 281474182994816 0 0 0 0 6 0 0 0 0 17 0 0 0 0 0 0 187651045960144 187651045961760 187651045965824 281474182995536 281474182995793 281474182995793 281474182995927 0
VmHWM:	    7804 kB
VmRSS:	    7804 kB
Threads:	2
THREAD 166 (mqmgateway_arm6) S 138 138 136 52288 138 4194304 825 0 1 0 429 1414 0 0 20 0 2 0 559 85700608 1951 18446744073709551615 187651045920768 187651045956540 281474182994816 0 0 0 0 6 0 1 0 0 17 2 0 0 0 0 0 187651045960144 187651045961760 187651045965824 281474182995536 281474182995793 281474182995793 281474182995927 0
THREAD 170 (mosquitto loop) R 138 138 136 52288 138 4194368 3 0 1 0 1036 1869 0 0 20 0 2 0 563 85700608 1951 18446744073709551615 187651045920768 187651045956540 281474182994816 0 0 0 0 6 0 0 0 0 -1 0 0 0 0 0 0 187651045960144 187651045961760 187651045965824 281474182995536 281474182995793 281474182995793 281474182995927 0
SYSTEM cpu  6026 0 7585 3595 3 0 1542 0 0 0
MemFree:          971276 kB
MemAvailable:     941440 kB
SwapFree:              0 kB
METRICS {"enqueued":177319,"dequeued":177319,"current_depth":0,"peak_depth":34,"rejected":0,"processing_latency_ms":0.24032,"published":177366,"publish_failures":0,"command_timeouts":0,"can_errors":0,"telemetry_qos":1,"mqtt_max_inflight":20,"pipeline_metrics_enabled":true,"can_pipeline":{"frames_read":177321,"parsed":177321,"rejected_frames":0,"read_errors":0,"parse":{"count":177321,"mean_us":10.1243,"max_us":4003.7,"p50_upper_us":4,"p95_upper_us":32,"p99_upper_us":256}},"telemetry_enqueued":177321,"telemetry_dequeued":177320,"telemetry_queue_wait":{"count":177320,"mean_us":237.293,"max_us":8073.89,"p50_upper_us":256,"p95_upper_us":1024,"p99_upper_us":4096},"command_queue_wait":{"count":0,"mean_us":0,"max_us":0,"p50_upper_us":0,"p95_upper_us":0,"p99_upper_us":0},"telemetry_worker_before_publish":{"count":177320,"mean_us":38.6924,"max_us":6226.22,"p50_upper_us":32,"p95_upper_us":128,"p99_upper_us":512},"mqtt_pipeline":{"publish_calls":177368,"publish_accepted":177368,"publish_api_errors":0,"puback_received":177296,"qos0_local_completed":0,"telemetry_accepted":177321,"telemetry_puback_received":177250,"pending_tracked":72,"pending_peak":807,"oldest_pending_us":17391.9,"tracking_dropped":0,"unmatched_callbacks":0,"tracking_complete":true,"publish_api":{"count":177368,"mean_us":29.2421,"max_us":6495.84,"p50_upper_us":16,"p95_upper_us":128,"p99_upper_us":512},"telemetry_puback":{"count":177250,"mean_us":41713.3,"max_us":200117,"p50_upper_us":32768,"p95_upper_us":200117,"p99_upper_us":200117}}}
SAMPLE 55.88
PROCESS 158
158 (mqmgateway_iot) S 138 138 136 52288 138 4194304 270 0 16 0 3483 3780 0 0 20 0 6 0 447 383217664 854 18446744073709551615 187650902470656 187650902570016 281474106820320 0 0 0 0 4 16386 0 0 0 17 3 0 0 0 0 0 187650902575328 187650902577184 187650902581248 281474106822177 281474106822490 281474106822490 281474106822624 0
VmHWM:	    3416 kB
VmRSS:	    3416 kB
Threads:	6
THREAD 158 (mqmgateway_iot) S 138 138 136 52288 138 4194304 162 0 14 0 3 3 0 0 20 0 6 0 447 383217664 854 18446744073709551615 187650902470656 187650902570016 281474106820320 0 0 0 0 4 16386 1 0 0 17 3 0 0 0 0 0 187650902575328 187650902577184 187650902581248 281474106822177 281474106822490 281474106822490 281474106822624 0
THREAD 160 (mosquitto loop) R 138 138 136 52288 138 4194368 4 0 0 0 1081 1815 0 0 20 0 6 0 451 383217664 854 18446744073709551615 187650902470656 187650902570016 281474106820320 0 0 0 0 4 16386 0 0 0 -1 0 0 0 0 0 0 187650902575328 187650902577184 187650902581248 281474106822177 281474106822490 281474106822490 281474106822624 0
THREAD 161 (mqmgateway_iot) S 138 138 136 52288 138 4194368 11 0 0 0 771 1108 0 0 20 0 6 0 451 383217664 854 18446744073709551615 187650902470656 187650902570016 281474106820320 0 0 0 0 4 16386 1 0 0 -1 0 0 0 0 0 0 187650902575328 187650902577184 187650902581248 281474106822177 281474106822490 281474106822490 281474106822624 0
THREAD 162 (mqmgateway_iot) S 138 138 136 52288 138 4194368 45 0 0 0 828 392 0 0 20 0 6 0 451 383217664 854 18446744073709551615 187650902470656 187650902570016 281474106820320 0 0 0 0 4 16386 1 0 0 -1 0 0 0 0 0 0 187650902575328 187650902577184 187650902581248 281474106822177 281474106822490 281474106822490 281474106822624 0
THREAD 163 (mqmgateway_iot) S 138 138 136 52288 138 4194368 41 0 0 0 833 427 0 0 20 0 6 0 451 383217664 854 18446744073709551615 187650902470656 187650902570016 281474106820320 0 0 0 0 4 16386 1 0 0 -1 2 0 0 0 0 0 187650902575328 187650902577184 187650902581248 281474106822177 281474106822490 281474106822490 281474106822624 0
THREAD 164 (mqmgateway_iot) S 138 138 136 52288 138 4194368 7 0 2 0 3 12 0 0 20 0 6 0 451 383217664 854 18446744073709551615 187650902470656 187650902570016 281474106820320 0 0 0 0 4 16386 1 0 0 -1 2 0 0 0 0 0 187650902575328 187650902577184 187650902581248 281474106822177 281474106822490 281474106822490 281474106822624 0
PROCESS 156
156 (mosquitto) R 138 138 136 52288 138 4194560 262 0 0 0 1636 3052 0 0 20 0 1 0 345 4313088 556 18446744073709551615 187650954207232 187650954450200 281474606176464 0 0 0 0 4100 18947 0 0 0 17 3 0 0 0 0 0 187650954455296 187650954457256 187650954485760 281474606178058 281474606178142 281474606178142 281474606178276 0
VmHWM:	    2224 kB
VmRSS:	    2224 kB
Threads:	1
THREAD 156 (mosquitto) R 138 138 136 52288 138 4194560 262 0 0 0 1640 3057 0 0 20 0 1 0 345 4313088 556 18446744073709551615 187650954207232 187650954450200 281474606176464 0 0 0 0 4100 18947 0 0 0 17 3 0 0 0 0 0 187650954455296 187650954457256 187650954485760 281474606178058 281474606178142 281474606178142 281474606178276 0
PROCESS 166
166 (mqmgateway_arm6) R 138 138 136 52288 138 4194304 828 0 2 0 1663 3708 0 0 20 0 2 0 559 85700608 1951 18446744073709551615 187651045920768 187651045956540 281474182994816 0 0 0 0 6 0 0 0 0 17 1 0 0 0 0 0 187651045960144 187651045961760 187651045965824 281474182995536 281474182995793 281474182995793 281474182995927 0
VmHWM:	    7804 kB
VmRSS:	    7804 kB
Threads:	2
THREAD 166 (mqmgateway_arm6) R 138 138 136 52288 138 4194304 825 0 1 0 477 1611 0 0 20 0 2 0 559 85700608 1951 18446744073709551615 187651045920768 187651045956540 281474182994816 0 0 0 0 6 0 0 0 0 17 1 0 0 0 0 0 187651045960144 187651045961760 187651045965824 281474182995536 281474182995793 281474182995793 281474182995927 0
THREAD 170 (mosquitto loop) R 138 138 136 52288 138 4194368 3 0 1 0 1175 2115 0 0 20 0 2 0 563 85700608 1951 18446744073709551615 187651045920768 187651045956540 281474182994816 0 0 0 0 6 0 0 0 0 -1 2 0 0 0 0 0 187651045960144 187651045961760 187651045965824 281474182995536 281474182995793 281474182995793 281474182995927 0
SYSTEM cpu  6774 0 8605 3740 3 0 1760 0 0 0
MemFree:          971076 kB
MemAvailable:     941240 kB
SwapFree:              0 kB
METRICS {"enqueued":201590,"dequeued":201589,"current_depth":1,"peak_depth":34,"rejected":0,"processing_latency_ms":0.23995,"published":201643,"publish_failures":0,"command_timeouts":0,"can_errors":0,"telemetry_qos":1,"mqtt_max_inflight":20,"pipeline_metrics_enabled":true,"can_pipeline":{"frames_read":201591,"parsed":201591,"rejected_frames":0,"read_errors":0,"parse":{"count":201591,"mean_us":10.4818,"max_us":4003.7,"p50_upper_us":8,"p95_upper_us":32,"p99_upper_us":256}},"telemetry_enqueued":201590,"telemetry_dequeued":201590,"telemetry_queue_wait":{"count":201590,"mean_us":236.932,"max_us":8073.89,"p50_upper_us":256,"p95_upper_us":1024,"p99_upper_us":4096},"command_queue_wait":{"count":0,"mean_us":0,"max_us":0,"p50_upper_us":0,"p95_upper_us":0,"p99_upper_us":0},"telemetry_worker_before_publish":{"count":201590,"mean_us":38.6268,"max_us":6226.22,"p50_upper_us":32,"p95_upper_us":128,"p99_upper_us":512},"mqtt_pipeline":{"publish_calls":201643,"publish_accepted":201643,"publish_api_errors":0,"puback_received":201571,"qos0_local_completed":0,"telemetry_accepted":201590,"telemetry_puback_received":201519,"pending_tracked":72,"pending_peak":807,"oldest_pending_us":14374.9,"tracking_dropped":0,"unmatched_callbacks":0,"tracking_complete":true,"publish_api":{"count":201643,"mean_us":29.9606,"max_us":6495.84,"p50_upper_us":16,"p95_upper_us":128,"p99_upper_us":512},"telemetry_puback":{"count":201519,"mean_us":38917.3,"max_us":200117,"p50_upper_us":32768,"p95_upper_us":200117,"p99_upper_us":200117}}}
SAMPLE 61.61
PROCESS 158
158 (mqmgateway_iot) S 138 138 136 52288 138 4194304 270 0 16 0 3893 4270 0 0 20 0 6 0 447 383217664 854 18446744073709551615 187650902470656 187650902570016 281474106820320 0 0 0 0 4 16386 0 0 0 17 2 0 0 0 0 0 187650902575328 187650902577184 187650902581248 281474106822177 281474106822490 281474106822490 281474106822624 0
VmHWM:	    3416 kB
VmRSS:	    3416 kB
Threads:	6
THREAD 158 (mqmgateway_iot) S 138 138 136 52288 138 4194304 162 0 14 0 4 4 0 0 20 0 6 0 447 383217664 854 18446744073709551615 187650902470656 187650902570016 281474106820320 0 0 0 0 4 16386 1 0 0 17 2 0 0 0 0 0 187650902575328 187650902577184 187650902581248 281474106822177 281474106822490 281474106822490 281474106822624 0
THREAD 160 (mosquitto loop) R 138 138 136 52288 138 4194368 4 0 0 0 1196 2031 0 0 20 0 6 0 451 383217664 854 18446744073709551615 187650902470656 187650902570016 281474106820320 0 0 0 0 4 16386 0 0 0 -1 0 0 0 0 0 0 187650902575328 187650902577184 187650902581248 281474106822177 281474106822490 281474106822490 281474106822624 0
THREAD 161 (mqmgateway_iot) R 138 138 136 52288 138 4194368 11 0 0 0 861 1246 0 0 20 0 6 0 451 383217664 854 18446744073709551615 187650902470656 187650902570016 281474106820320 0 0 0 0 4 16386 0 0 0 -1 1 0 0 0 0 0 187650902575328 187650902577184 187650902581248 281474106822177 281474106822490 281474106822490 281474106822624 0
THREAD 162 (mqmgateway_iot) R 138 138 136 52288 138 4194368 45 0 0 0 935 453 0 0 20 0 6 0 451 383217664 854 18446744073709551615 187650902470656 187650902570016 281474106820320 0 0 0 0 4 16386 1 0 0 -1 0 0 0 0 0 0 187650902575328 187650902577184 187650902581248 281474106822177 281474106822490 281474106822490 281474106822624 0
THREAD 163 (mqmgateway_iot) S 138 138 136 52288 138 4194368 41 0 0 0 936 496 0 0 20 0 6 0 451 383217664 854 18446744073709551615 187650902470656 187650902570016 281474106820320 0 0 0 0 4 16386 1 0 0 -1 3 0 0 0 0 0 187650902575328 187650902577184 187650902581248 281474106822177 281474106822490 281474106822490 281474106822624 0
THREAD 164 (mqmgateway_iot) S 138 138 136 52288 138 4194368 7 0 2 0 4 13 0 0 20 0 6 0 451 383217664 854 18446744073709551615 187650902470656 187650902570016 281474106820320 0 0 0 0 4 16386 1 0 0 -1 0 0 0 0 0 0 187650902575328 187650902577184 187650902581248 281474106822177 281474106822490 281474106822490 281474106822624 0
PROCESS 156
156 (mosquitto) R 138 138 136 52288 138 4194560 262 0 0 0 1818 3373 0 0 20 0 1 0 345 4313088 556 18446744073709551615 187650954207232 187650954450200 281474606176464 0 0 0 0 4100 18947 0 0 0 17 3 0 0 0 0 0 187650954455296 187650954457256 187650954485760 281474606178058 281474606178142 281474606178142 281474606178276 0
VmHWM:	    2224 kB
VmRSS:	    2224 kB
Threads:	1
THREAD 156 (mosquitto) R 138 138 136 52288 138 4194560 262 0 0 0 1820 3376 0 0 20 0 1 0 345 4313088 556 18446744073709551615 187650954207232 187650954450200 281474606176464 0 0 0 18947 4100 18947 1 0 0 17 3 0 0 0 0 0 187650954455296 187650954457256 187650954485760 281474606178058 281474606178142 281474606178142 281474606178276 0
PROCESS 166
166 (mqmgateway_arm6) R 138 138 136 52288 138 4194304 828 0 2 0 1852 4129 0 0 20 0 2 0 559 85700608 1951 18446744073709551615 187651045920768 187651045956540 281474182994816 0 0 0 0 6 0 0 0 0 17 2 0 0 0 0 0 187651045960144 187651045961760 187651045965824 281474182995536 281474182995793 281474182995793 281474182995927 0
VmHWM:	    7804 kB
VmRSS:	    7804 kB
Threads:	2
THREAD 166 (mqmgateway_arm6) R 138 138 136 52288 138 4194304 825 0 1 0 522 1810 0 0 20 0 2 0 559 85700608 1951 18446744073709551615 187651045920768 187651045956540 281474182994816 0 0 0 0 6 0 0 0 0 17 2 0 0 0 0 0 187651045960144 187651045961760 187651045965824 281474182995536 281474182995793 281474182995793 281474182995927 0
THREAD 170 (mosquitto loop) S 138 138 136 52288 138 4194368 3 0 1 0 1316 2341 0 0 20 0 2 0 563 85700608 1951 18446744073709551615 187651045920768 187651045956540 281474182994816 0 0 0 0 6 0 1 0 0 -1 1 0 0 0 0 0 187651045960144 187651045961760 187651045965824 281474182995536 281474182995793 281474182995793 281474182995927 0
SYSTEM cpu  7542 0 9608 3891 3 0 1951 0 0 0
MemFree:          971024 kB
MemAvailable:     941200 kB
SwapFree:              0 kB
METRICS {"enqueued":225811,"dequeued":225811,"current_depth":0,"peak_depth":34,"rejected":0,"processing_latency_ms":0.240704,"published":225870,"publish_failures":0,"command_timeouts":0,"can_errors":0,"telemetry_qos":1,"mqtt_max_inflight":20,"pipeline_metrics_enabled":true,"can_pipeline":{"frames_read":225812,"parsed":225812,"rejected_frames":0,"read_errors":0,"parse":{"count":225812,"mean_us":10.6102,"max_us":4003.7,"p50_upper_us":8,"p95_upper_us":32,"p99_upper_us":256}},"telemetry_enqueued":225811,"telemetry_dequeued":225811,"telemetry_queue_wait":{"count":225811,"mean_us":237.694,"max_us":8073.89,"p50_upper_us":256,"p95_upper_us":1024,"p99_upper_us":4096},"command_queue_wait":{"count":0,"mean_us":0,"max_us":0,"p50_upper_us":0,"p95_upper_us":0,"p99_upper_us":0},"telemetry_worker_before_publish":{"count":225811,"mean_us":38.633,"max_us":6226.22,"p50_upper_us":32,"p95_upper_us":128,"p99_upper_us":512},"mqtt_pipeline":{"publish_calls":225870,"publish_accepted":225870,"publish_api_errors":0,"puback_received":225075,"qos0_local_completed":0,"telemetry_accepted":225811,"telemetry_puback_received":225017,"pending_tracked":795,"pending_peak":807,"oldest_pending_us":199090,"tracking_dropped":0,"unmatched_callbacks":0,"tracking_complete":true,"publish_api":{"count":225870,"mean_us":30.8185,"max_us":6495.84,"p50_upper_us":16,"p95_upper_us":128,"p99_upper_us":512},"telemetry_puback":{"count":225017,"mean_us":35935.9,"max_us":200117,"p50_upper_us":16384,"p95_upper_us":200117,"p99_upper_us":200117}}}
SAMPLE 67.30
PROCESS 158
158 (mqmgateway_iot) S 138 138 136 52288 138 4194304 304 0 16 0 4185 4580 0 0 20 0 6 0 447 383217664 886 18446744073709551615 187650902470656 187650902570016 281474106820320 0 0 0 0 4 16386 0 0 0 17 2 0 0 0 0 0 187650902575328 187650902577184 187650902581248 281474106822177 281474106822490 281474106822490 281474106822624 0
VmHWM:	    3544 kB
VmRSS:	    3544 kB
Threads:	6
THREAD 158 (mqmgateway_iot) S 138 138 136 52288 138 4194304 162 0 14 0 4 4 0 0 20 0 6 0 447 383217664 886 18446744073709551615 187650902470656 187650902570016 281474106820320 0 0 0 0 4 16386 1 0 0 17 2 0 0 0 0 0 187650902575328 187650902577184 187650902581248 281474106822177 281474106822490 281474106822490 281474106822624 0
THREAD 160 (mosquitto loop) S 138 138 136 52288 138 4194368 4 0 0 0 1284 2181 0 0 20 0 6 0 451 383217664 886 18446744073709551615 187650902470656 187650902570016 281474106820320 0 0 0 0 4 16386 1 0 0 -1 2 0 0 0 0 0 187650902575328 187650902577184 187650902581248 281474106822177 281474106822490 281474106822490 281474106822624 0
THREAD 161 (mqmgateway_iot) S 138 138 136 52288 138 4194368 15 0 0 0 925 1332 0 0 20 0 6 0 451 383217664 886 18446744073709551615 187650902470656 187650902570016 281474106820320 0 0 0 0 4 16386 1 0 0 -1 1 0 0 0 0 0 187650902575328 187650902577184 187650902581248 281474106822177 281474106822490 281474106822490 281474106822624 0
THREAD 162 (mqmgateway_iot) S 138 138 136 52288 138 4194368 60 0 0 0 999 487 0 0 20 0 6 0 451 383217664 886 18446744073709551615 187650902470656 187650902570016 281474106820320 0 0 0 0 4 16386 1 0 0 -1 3 0 0 0 0 0 187650902575328 187650902577184 187650902581248 281474106822177 281474106822490 281474106822490 281474106822624 0
THREAD 163 (mqmgateway_iot) S 138 138 136 52288 138 4194368 56 0 0 0 1005 521 0 0 20 0 6 0 451 383217664 886 18446744073709551615 187650902470656 187650902570016 281474106820320 0 0 0 0 4 16386 1 0 0 -1 2 0 0 0 0 0 187650902575328 187650902577184 187650902581248 281474106822177 281474106822490 281474106822490 281474106822624 0
THREAD 164 (mqmgateway_iot) S 138 138 136 52288 138 4194368 7 0 2 0 4 15 0 0 20 0 6 0 451 383217664 886 18446744073709551615 187650902470656 187650902570016 281474106820320 0 0 0 0 4 16386 1 0 0 -1 2 0 0 0 0 0 187650902575328 187650902577184 187650902581248 281474106822177 281474106822490 281474106822490 281474106822624 0
PROCESS 156
156 (mosquitto) S 138 138 136 52288 138 4194560 262 0 0 0 1953 3610 0 0 20 0 1 0 345 4313088 556 18446744073709551615 187650954207232 187650954450200 281474606176464 0 0 0 18947 4100 18947 1 0 0 17 0 0 0 0 0 0 187650954455296 187650954457256 187650954485760 281474606178058 281474606178142 281474606178142 281474606178276 0
VmHWM:	    2224 kB
VmRSS:	    2224 kB
Threads:	1
THREAD 156 (mosquitto) S 138 138 136 52288 138 4194560 262 0 0 0 1953 3610 0 0 20 0 1 0 345 4313088 556 18446744073709551615 187650954207232 187650954450200 281474606176464 0 0 0 18947 4100 18947 1 0 0 17 0 0 0 0 0 0 187650954455296 187650954457256 187650954485760 281474606178058 281474606178142 281474606178142 281474606178276 0
PROCESS 166
166 (mqmgateway_arm6) S 138 138 136 52288 138 4194304 828 0 2 0 1976 4416 0 0 20 0 2 0 559 85700608 1951 18446744073709551615 187651045920768 187651045956540 281474182994816 0 0 0 0 6 0 0 0 0 17 1 0 0 0 0 0 187651045960144 187651045961760 187651045965824 281474182995536 281474182995793 281474182995793 281474182995927 0
VmHWM:	    7804 kB
VmRSS:	    7804 kB
Threads:	2
THREAD 166 (mqmgateway_arm6) S 138 138 136 52288 138 4194304 825 0 1 0 554 1927 0 0 20 0 2 0 559 85700608 1951 18446744073709551615 187651045920768 187651045956540 281474182994816 0 0 0 0 6 0 1 0 0 17 1 0 0 0 0 0 187651045960144 187651045961760 187651045965824 281474182995536 281474182995793 281474182995793 281474182995927 0
THREAD 170 (mosquitto loop) S 138 138 136 52288 138 4194368 3 0 1 0 1403 2506 0 0 20 0 2 0 563 85700608 1951 18446744073709551615 187651045920768 187651045956540 281474182994816 0 0 0 0 6 0 1 0 0 -1 3 0 0 0 0 0 187651045960144 187651045961760 187651045965824 281474182995536 281474182995793 281474182995793 281474182995927 0
SYSTEM cpu  8036 0 10232 4660 4 0 2078 0 0 0
MemFree:          971024 kB
MemAvailable:     941200 kB
SwapFree:              0 kB
METRICS {"enqueued":240000,"dequeued":240000,"current_depth":0,"peak_depth":34,"rejected":0,"processing_latency_ms":0.240989,"published":240064,"publish_failures":0,"command_timeouts":0,"can_errors":0,"telemetry_qos":1,"mqtt_max_inflight":20,"pipeline_metrics_enabled":true,"can_pipeline":{"frames_read":240000,"parsed":240000,"rejected_frames":0,"read_errors":0,"parse":{"count":240000,"mean_us":10.6357,"max_us":4003.7,"p50_upper_us":8,"p95_upper_us":32,"p99_upper_us":256}},"telemetry_enqueued":240000,"telemetry_dequeued":240000,"telemetry_queue_wait":{"count":240000,"mean_us":237.973,"max_us":8073.89,"p50_upper_us":256,"p95_upper_us":1024,"p99_upper_us":4096},"command_queue_wait":{"count":0,"mean_us":0,"max_us":0,"p50_upper_us":0,"p95_upper_us":0,"p99_upper_us":0},"telemetry_worker_before_publish":{"count":240000,"mean_us":38.7238,"max_us":6226.22,"p50_upper_us":32,"p95_upper_us":128,"p99_upper_us":512},"mqtt_pipeline":{"publish_calls":240064,"publish_accepted":240064,"publish_api_errors":0,"puback_received":240063,"qos0_local_completed":0,"telemetry_accepted":240000,"telemetry_puback_received":240000,"pending_tracked":1,"pending_peak":1220,"oldest_pending_us":1667.94,"tracking_dropped":0,"unmatched_callbacks":0,"tracking_complete":true,"publish_api":{"count":240064,"mean_us":30.3697,"max_us":6495.84,"p50_upper_us":16,"p95_upper_us":128,"p99_upper_us":512},"telemetry_puback":{"count":240000,"mean_us":46578.9,"max_us":304661,"p50_upper_us":32768,"p95_upper_us":262144,"p99_upper_us":304661}}}
