PIDS gateway=142 broker=140 probe=150
CLK_TCK=100 (Linux USER_HZ fallback=100 if getconf unavailable)
SAMPLE 5.58
PROCESS 142
142 (mqmgateway_iot) S 122 122 120 52288 122 4194304 184 0 16 0 2 2 0 0 20 0 6 0 443 181891072 838 18446744073709551615 187650692657152 187650692756512 281474829160608 0 0 0 0 4 16386 0 0 0 17 0 0 0 0 0 0 187650692761824 187650692763680 187650692767744 281474829164065 281474829164378 281474829164378 281474829164512 0
VmHWM:	    3352 kB
VmRSS:	    3352 kB
Threads:	6
THREAD 142 (mqmgateway_iot) S 122 122 120 52288 122 4194304 169 0 14 0 2 1 0 0 20 0 6 0 443 383217664 838 18446744073709551615 187650692657152 187650692756512 281474829160608 0 0 0 0 4 16386 1 0 0 17 0 0 0 0 0 0 187650692761824 187650692763680 187650692767744 281474829164065 281474829164378 281474829164378 281474829164512 0
THREAD 144 (mosquitto loop) S 122 122 120 52288 122 4194368 5 0 0 0 0 1 0 0 20 0 6 0 447 383217664 838 18446744073709551615 187650692657152 187650692756512 281474829160608 0 0 0 0 4 16386 1 0 0 -1 0 0 0 0 0 0 187650692761824 187650692763680 187650692767744 281474829164065 281474829164378 281474829164378 281474829164512 0
THREAD 145 (mqmgateway_iot) R 122 122 120 52288 122 4194368 5 0 0 0 0 0 0 0 20 0 6 0 448 383217664 838 18446744073709551615 187650692657152 187650692756512 281474829160608 0 0 0 0 4 16386 0 0 0 -1 0 0 0 0 0 0 187650692761824 187650692763680 187650692767744 281474829164065 281474829164378 281474829164378 281474829164512 0
THREAD 146 (mqmgateway_iot) S 122 122 120 52288 122 4194368 8 0 0 0 1 0 0 0 20 0 6 0 448 383217664 838 18446744073709551615 187650692657152 187650692756512 281474829160608 0 0 0 0 4 16386 1 0 0 -1 1 0 0 0 0 0 187650692761824 187650692763680 187650692767744 281474829164065 281474829164378 281474829164378 281474829164512 0
THREAD 147 (mqmgateway_iot) S 122 122 120 52288 122 4194368 10 0 0 0 1 0 0 0 20 0 6 0 448 383217664 838 18446744073709551615 187650692657152 187650692756512 281474829160608 0 0 0 0 4 16386 1 0 0 -1 1 0 0 0 0 0 187650692761824 187650692763680 187650692767744 281474829164065 281474829164378 281474829164378 281474829164512 0
THREAD 148 (mqmgateway_iot) S 122 122 120 52288 122 4194368 8 0 2 0 0 0 0 0 20 0 6 0 448 383217664 838 18446744073709551615 187650692657152 187650692756512 281474829160608 0 0 0 0 4 16386 1 0 0 -1 1 0 0 0 0 0 187650692761824 187650692763680 187650692767744 281474829164065 281474829164378 281474829164378 281474829164512 0
PROCESS 140
140 (mosquitto) R 122 122 120 52288 122 4194560 127 0 0 0 4 3 0 0 20 0 1 0 342 3772416 475 18446744073709551615 187650512572416 187650512815384 281474199626096 0 0 0 18947 4100 18947 0 0 0 17 0 0 0 0 0 0 187650512820480 187650512822440 187650512850944 281474199629578 281474199629662 281474199629662 281474199629796 0
VmHWM:	    1900 kB
VmRSS:	    1900 kB
Threads:	1
THREAD 140 (mosquitto) R 122 122 120 52288 122 4194560 138 0 0 0 6 4 0 0 20 0 1 0 342 3772416 475 18446744073709551615 187650512572416 187650512815384 281474199626096 0 0 0 0 4100 18947 0 0 0 17 1 0 0 0 0 0 187650512820480 187650512822440 187650512850944 281474199629578 281474199629662 281474199629662 281474199629796 0
PROCESS 150
150 (mqmgateway_arm6) R 122 122 120 52288 122 4194304 320 0 2 0 6 6 0 0 20 0 2 0 555 85700608 1998 18446744073709551615 187650612064256 187650612100028 281474048839440 0 0 0 0 6 0 0 0 0 17 0 0 0 0 0 0 187650612103632 187650612105248 187650612109312 281474048843344 281474048843601 281474048843601 281474048843735 0
VmHWM:	    7992 kB
VmRSS:	    7992 kB
Threads:	2
THREAD 150 (mqmgateway_arm6) R 122 122 120 52288 122 4194304 317 0 1 0 5 4 0 0 20 0 2 0 555 85700608 1998 18446744073709551615 187650612064256 187650612100028 281474048839440 0 0 0 0 6 0 0 0 0 17 0 0 0 0 0 0 187650612103632 187650612105248 187650612109312 281474048843344 281474048843601 281474048843601 281474048843735 0
THREAD 154 (mosquitto loop) R 122 122 120 52288 122 4194368 3 0 1 0 3 6 0 0 20 0 2 0 558 85700608 1998 18446744073709551615 187650612064256 187650612100028 281474048839440 0 0 0 0 6 0 0 0 0 -1 0 0 0 0 0 0 187650612103632 187650612105248 187650612109312 281474048843344 281474048843601 281474048843601 281474048843735 0
SYSTEM cpu  192 0 128 843 2 0 9 0 0 0
MemFree:          983384 kB
MemAvailable:     953356 kB
SwapFree:              0 kB
METRICS {"enqueued":0,"dequeued":0,"current_depth":0,"peak_depth":0,"rejected":0,"processing_latency_ms":0,"published":3,"publish_failures":0,"command_timeouts":0,"can_errors":0,"telemetry_qos":1,"mqtt_max_inflight":20,"pipeline_metrics_enabled":true,"can_pipeline":{"frames_read":0,"parsed":0,"rejected_frames":0,"read_errors":0,"parse":{"count":0,"mean_us":0,"max_us":0,"p50_upper_us":0,"p95_upper_us":0,"p99_upper_us":0}},"telemetry_enqueued":0,"telemetry_dequeued":0,"telemetry_queue_wait":{"count":0,"mean_us":0,"max_us":0,"p50_upper_us":0,"p95_upper_us":0,"p99_upper_us":0},"command_queue_wait":{"count":0,"mean_us":0,"max_us":0,"p50_upper_us":0,"p95_upper_us":0,"p99_upper_us":0},"telemetry_worker_before_publish":{"count":0,"mean_us":0,"max_us":0,"p50_upper_us":0,"p95_upper_us":0,"p99_upper_us":0},"mqtt_pipeline":{"publish_calls":3,"publish_accepted":3,"publish_api_errors":0,"puback_received":2,"qos0_local_completed":0,"telemetry_accepted":0,"telemetry_puback_received":0,"pending_tracked":1,"pending_peak":2,"oldest_pending_us":758.336,"tracking_dropped":0,"unmatched_callbacks":0,"tracking_complete":true,"publish_api":{"count":3,"mean_us":238.245,"max_us":482.352,"p50_upper_us":256,"p95_upper_us":482.352,"p99_upper_us":482.352},"telemetry_puback":{"count":0,"mean_us":0,"max_us":0,"p50_upper_us":0,"p95_upper_us":0,"p99_upper_us":0}}}
SAMPLE 11.22
PROCESS 142
142 (mqmgateway_iot) S 122 122 120 52288 122 4194304 305 0 16 0 212 232 0 0 20 0 6 0 443 383217664 934 18446744073709551615 187650692657152 187650692756512 281474829160608 0 0 0 0 4 16386 0 0 0 17 1 0 0 0 0 0 187650692761824 187650692763680 187650692767744 281474829164065 281474829164378 281474829164378 281474829164512 0
VmHWM:	    3736 kB
VmRSS:	    3736 kB
Threads:	6
THREAD 142 (mqmgateway_iot) S 122 122 120 52288 122 4194304 169 0 14 0 2 1 0 0 20 0 6 0 443 383217664 966 18446744073709551615 187650692657152 187650692756512 281474829160608 0 0 0 0 4 16386 1 0 0 17 1 0 0 0 0 0 187650692761824 187650692763680 187650692767744 281474829164065 281474829164378 281474829164378 281474829164512 0
THREAD 144 (mosquitto loop) R 122 122 120 52288 122 4194368 5 0 0 0 72 114 0 0 20 0 6 0 447 383217664 966 18446744073709551615 187650692657152 187650692756512 281474829160608 0 0 0 0 4 16386 0 0 0 -1 1 0 0 0 0 0 187650692761824 187650692763680 187650692767744 281474829164065 281474829164378 281474829164378 281474829164512 0
THREAD 145 (mqmgateway_iot) S 122 122 120 52288 122 4194368 15 0 0 0 47 71 0 0 20 0 6 0 448 383217664 966 18446744073709551615 187650692657152 187650692756512 281474829160608 0 0 0 0 4 16386 1 0 0 -1 0 0 0 0 0 0 187650692761824 187650692763680 187650692767744 281474829164065 281474829164378 281474829164378 281474829164512 0
THREAD 146 (mqmgateway_iot) S 122 122 120 52288 122 4194368 70 0 0 0 54 18 0 0 20 0 6 0 448 383217664 966 18446744073709551615 187650692657152 187650692756512 281474829160608 0 0 0 0 4 16386 1 0 0 -1 0 0 0 0 0 0 187650692761824 187650692763680 187650692767744 281474829164065 281474829164378 281474829164378 281474829164512 0
THREAD 147 (mqmgateway_iot) S 122 122 120 52288 122 4194368 57 0 0 0 44 25 0 0 20 0 6 0 448 383217664 966 18446744073709551615 187650692657152 187650692756512 281474829160608 0 0 0 0 4 16386 1 0 0 -1 1 0 0 0 0 0 187650692761824 187650692763680 187650692767744 281474829164065 281474829164378 281474829164378 281474829164512 0
THREAD 148 (mqmgateway_iot) S 122 122 120 52288 122 4194368 8 0 2 0 0 1 0 0 20 0 6 0 448 383217664 966 18446744073709551615 187650692657152 187650692756512 281474829160608 0 0 0 0 4 16386 1 0 0 -1 1 0 0 0 0 0 187650692761824 187650692763680 187650692767744 281474829164065 281474829164378 281474829164378 281474829164512 0
PROCESS 140
140 (mosquitto) R 122 122 120 52288 122 4194560 206 0 0 0 108 204 0 0 20 0 1 0 342 4042752 539 18446744073709551615 187650512572416 187650512815384 281474199626096 0 0 0 0 4100 18947 0 0 0 17 1 0 0 0 0 0 187650512820480 187650512822440 187650512850944 281474199629578 281474199629662 281474199629662 281474199629796 0
VmHWM:	    2156 kB
VmRSS:	    2156 kB
Threads:	1
THREAD 140 (mosquitto) R 122 122 120 52288 122 4194560 206 0 0 0 109 206 0 0 20 0 1 0 342 4042752 539 18446744073709551615 187650512572416 187650512815384 281474199626096 0 0 0 0 4100 18947 0 0 0 17 1 0 0 0 0 0 187650512820480 187650512822440 187650512850944 281474199629578 281474199629662 281474199629662 281474199629796 0
PROCESS 150
150 (mqmgateway_arm6) R 122 122 120 52288 122 4194304 320 0 2 0 104 244 0 0 20 0 2 0 555 85700608 1998 18446744073709551615 187650612064256 187650612100028 281474048839440 0 0 0 0 6 0 0 0 0 17 0 0 0 0 0 0 187650612103632 187650612105248 187650612109312 281474048843344 281474048843601 281474048843601 281474048843735 0
VmHWM:	    7992 kB
VmRSS:	    7992 kB
Threads:	2
THREAD 150 (mqmgateway_arm6) S 122 122 120 52288 122 4194304 317 0 1 0 38 114 0 0 20 0 2 0 555 85700608 1998 18446744073709551615 187650612064256 187650612100028 281474048839440 0 0 0 0 6 0 1 0 0 17 0 0 0 0 0 0 187650612103632 187650612105248 187650612109312 281474048843344 281474048843601 281474048843601 281474048843735 0
THREAD 154 (mosquitto loop) R 122 122 120 52288 122 4194368 3 0 1 0 65 135 0 0 20 0 2 0 558 85700608 1998 18446744073709551615 187650612064256 187650612100028 281474048839440 0 0 0 0 6 0 0 0 0 -1 1 0 0 0 0 0 187650612103632 187650612105248 187650612109312 281474048843344 281474048843601 281474048843601 281474048843735 0
SYSTEM cpu  626 0 700 872 2 0 121 0 0 0
MemFree:          982580 kB
MemAvailable:     952568 kB
SwapFree:              0 kB
METRICS {"enqueued":23804,"dequeued":23803,"current_depth":1,"peak_depth":46,"rejected":0,"processing_latency_ms":0.39705,"published":23812,"publish_failures":0,"command_timeouts":0,"can_errors":0,"telemetry_qos":1,"mqtt_max_inflight":20,"pipeline_metrics_enabled":true,"can_pipeline":{"frames_read":23805,"parsed":23805,"rejected_frames":0,"read_errors":0,"parse":{"count":23805,"mean_us":5.57339,"max_us":4096.26,"p50_upper_us":4,"p95_upper_us":16,"p99_upper_us":64}},"telemetry_enqueued":23804,"telemetry_dequeued":23804,"telemetry_queue_wait":{"count":23804,"mean_us":395.153,"max_us":7147.98,"p50_upper_us":256,"p95_upper_us":2048,"p99_upper_us":4096},"command_queue_wait":{"count":0,"mean_us":0,"max_us":0,"p50_upper_us":0,"p95_upper_us":0,"p99_upper_us":0},"telemetry_worker_before_publish":{"count":23804,"mean_us":27.7407,"max_us":4643.22,"p50_upper_us":16,"p95_upper_us":64,"p99_upper_us":256},"mqtt_pipeline":{"publish_calls":23813,"publish_accepted":23813,"publish_api_errors":0,"puback_received":22365,"qos0_local_completed":0,"telemetry_accepted":23804,"telemetry_puback_received":22357,"pending_tracked":1448,"pending_peak":1453,"oldest_pending_us":361754,"tracking_dropped":0,"unmatched_callbacks":0,"tracking_complete":true,"publish_api":{"count":23813,"mean_us":14.5922,"max_us":4878.26,"p50_upper_us":8,"p95_upper_us":64,"p99_upper_us":256},"telemetry_puback":{"count":22357,"mean_us":98908,"max_us":362914,"p50_upper_us":131072,"p95_upper_us":362914,"p99_upper_us":362914}}}
SAMPLE 16.99
PROCESS 142
142 (mqmgateway_iot) S 122 122 120 52288 122 4194304 740 0 16 0 453 481 0 0 20 0 6 0 443 383217664 1350 18446744073709551615 187650692657152 187650692756512 281474829160608 0 0 0 0 4 16386 0 0 0 17 1 0 0 0 0 0 187650692761824 187650692763680 187650692767744 281474829164065 281474829164378 281474829164378 281474829164512 0
VmHWM:	    5528 kB
VmRSS:	    5528 kB
Threads:	6
THREAD 142 (mqmgateway_iot) S 122 122 120 52288 122 4194304 169 0 14 0 2 1 0 0 20 0 6 0 443 383217664 1382 18446744073709551615 187650692657152 187650692756512 281474829160608 0 0 0 0 4 16386 1 0 0 17 1 0 0 0 0 0 187650692761824 187650692763680 187650692767744 281474829164065 281474829164378 281474829164378 281474829164512 0
THREAD 144 (mosquitto loop) R 122 122 120 52288 122 4194368 5 0 0 0 137 208 0 0 20 0 6 0 447 383217664 1382 18446744073709551615 187650692657152 187650692756512 281474829160608 0 0 0 0 4 16386 0 0 0 -1 1 0 0 0 0 0 187650692761824 187650692763680 187650692767744 281474829164065 281474829164378 281474829164378 281474829164512 0
THREAD 145 (mqmgateway_iot) S 122 122 120 52288 122 4194368 53 0 0 0 89 175 0 0 20 0 6 0 448 383217664 1382 18446744073709551615 187650692657152 187650692756512 281474829160608 0 0 0 0 4 16386 1 0 0 -1 0 0 0 0 0 0 187650692761824 187650692763680 187650692767744 281474829164065 281474829164378 281474829164378 281474829164512 0
THREAD 146 (mqmgateway_iot) S 122 122 120 52288 122 4194368 269 0 0 0 117 52 0 0 20 0 6 0 448 383217664 1382 18446744073709551615 187650692657152 187650692756512 281474829160608 0 0 0 0 4 16386 1 0 0 -1 0 0 0 0 0 0 187650692761824 187650692763680 187650692767744 281474829164065 281474829164378 281474829164378 281474829164512 0
THREAD 147 (mqmgateway_iot) R 122 122 120 52288 122 4194368 267 0 0 0 112 50 0 0 20 0 6 0 448 383217664 1382 18446744073709551615 187650692657152 187650692756512 281474829160608 0 0 0 0 4 16386 0 0 0 -1 0 0 0 0 0 0 187650692761824 187650692763680 187650692767744 281474829164065 281474829164378 281474829164378 281474829164512 0
THREAD 148 (mqmgateway_iot) S 122 122 120 52288 122 4194368 8 0 2 0 0 2 0 0 20 0 6 0 448 383217664 1414 18446744073709551615 187650692657152 187650692756512 281474829160608 0 0 0 0 4 16386 1 0 0 -1 0 0 0 0 0 0 187650692761824 187650692763680 187650692767744 281474829164065 281474829164378 281474829164378 281474829164512 0
PROCESS 140
140 (mosquitto) R 122 122 120 52288 122 4194560 266 0 0 0 206 386 0 0 20 0 1 0 342 4313088 603 18446744073709551615 187650512572416 187650512815384 281474199626096 0 0 0 0 4100 18947 0 0 0 17 1 0 0 0 0 0 187650512820480 187650512822440 187650512850944 281474199629578 281474199629662 281474199629662 281474199629796 0
VmHWM:	    2412 kB
VmRSS:	    2412 kB
Threads:	1
THREAD 140 (mosquitto) R 122 122 120 52288 122 4194560 266 0 0 0 207 388 0 0 20 0 1 0 342 4313088 603 18446744073709551615 187650512572416 187650512815384 281474199626096 0 0 0 18947 4100 18947 0 0 0 17 1 0 0 0 0 0 187650512820480 187650512822440 187650512850944 281474199629578 281474199629662 281474199629662 281474199629796 0
PROCESS 150
150 (mqmgateway_arm6) R 122 122 120 52288 122 4194304 320 0 2 0 196 485 0 0 20 0 2 0 555 85700608 1998 18446744073709551615 187650612064256 187650612100028 281474048839440 0 0 0 0 6 0 0 0 0 17 0 0 0 0 0 0 187650612103632 187650612105248 187650612109312 281474048843344 281474048843601 281474048843601 281474048843735 0
VmHWM:	    7992 kB
VmRSS:	    7992 kB
Threads:	2
THREAD 150 (mqmgateway_arm6) R 122 122 120 52288 122 4194304 317 0 1 0 61 255 0 0 20 0 2 0 555 85700608 1998 18446744073709551615 187650612064256 187650612100028 281474048839440 0 0 0 0 6 0 0 0 0 17 0 0 0 0 0 0 187650612103632 187650612105248 187650612109312 281474048843344 281474048843601 281474048843601 281474048843735 0
THREAD 154 (mosquitto loop) S 122 122 120 52288 122 4194368 3 0 1 0 131 238 0 0 20 0 2 0 558 85700608 1998 18446744073709551615 187650612064256 187650612100028 281474048839440 0 0 0 0 6 0 1 0 0 -1 1 0 0 0 0 0 187650612103632 187650612105248 187650612109312 281474048843344 281474048843601 281474048843601 281474048843735 0
SYSTEM cpu  1091 0 1273 888 2 0 231 0 0 0
MemFree:          979160 kB
MemAvailable:     949148 kB
SwapFree:              0 kB
METRICS {"enqueued":48034,"dequeued":48034,"current_depth":0,"peak_depth":46,"rejected":0,"processing_latency_ms":0.342419,"published":48049,"publish_failures":0,"command_timeouts":0,"can_errors":0,"telemetry_qos":1,"mqtt_max_inflight":20,"pipeline_metrics_enabled":true,"can_pipeline":{"frames_read":48034,"parsed":48034,"rejected_frames":0,"read_errors":0,"parse":{"count":48034,"mean_us":6.67938,"max_us":5102.05,"p50_upper_us":4,"p95_upper_us":16,"p99_upper_us":128}},"telemetry_enqueued":48034,"telemetry_dequeued":48034,"telemetry_queue_wait":{"count":48034,"mean_us":340.371,"max_us":7276.69,"p50_upper_us":256,"p95_upper_us":2048,"p99_upper_us":4096},"command_queue_wait":{"count":0,"mean_us":0,"max_us":0,"p50_upper_us":0,"p95_upper_us":0,"p99_upper_us":0},"telemetry_worker_before_publish":{"count":48034,"mean_us":31.2491,"max_us":6164.98,"p50_upper_us":32,"p95_upper_us":128,"p99_upper_us":256},"mqtt_pipeline":{"publish_calls":48049,"publish_accepted":48049,"publish_api_errors":0,"puback_received":40217,"qos0_local_completed":0,"telemetry_accepted":48034,"telemetry_puback_received":40204,"pending_tracked":4091,"pending_peak":4096,"oldest_pending_us":1.74571e+06,"tracking_dropped":3741,"unmatched_callbacks":848,"tracking_complete":false,"publish_api":{"count":48049,"mean_us":15.8302,"max_us":5904.35,"p50_upper_us":8,"p95_upper_us":64,"p99_upper_us":256},"telemetry_puback":{"count":40204,"mean_us":458532,"max_us":1.74678e+06,"p50_upper_us":262144,"p95_upper_us":1.74678e+06,"p99_upper_us":1.74678e+06}}}
SAMPLE 22.90
PROCESS 142
142 (mqmgateway_iot) S 122 122 120 52288 122 4194304 1228 0 16 0 672 752 0 0 20 0 6 0 443 383217664 1862 18446744073709551615 187650692657152 187650692756512 281474829160608 0 0 0 0 4 16386 0 0 0 17 1 0 0 0 0 0 187650692761824 187650692763680 187650692767744 281474829164065 281474829164378 281474829164378 281474829164512 0
VmHWM:	    7448 kB
VmRSS:	    7448 kB
Threads:	6
THREAD 142 (mqmgateway_iot) S 122 122 120 52288 122 4194304 169 0 14 0 2 1 0 0 20 0 6 0 443 383217664 1862 18446744073709551615 187650692657152 187650692756512 281474829160608 0 0 0 0 4 16386 1 0 0 17 1 0 0 0 0 0 187650692761824 187650692763680 187650692767744 281474829164065 281474829164378 281474829164378 281474829164512 0
THREAD 144 (mosquitto loop) R 122 122 120 52288 122 4194368 5 0 0 0 208 333 0 0 20 0 6 0 447 383217664 1862 18446744073709551615 187650692657152 187650692756512 281474829160608 0 0 0 0 4 16386 0 0 0 -1 0 0 0 0 0 0 187650692761824 187650692763680 187650692767744 281474829164065 281474829164378 281474829164378 281474829164512 0
THREAD 145 (mqmgateway_iot) R 122 122 120 52288 122 4194368 99 0 0 0 129 266 0 0 20 0 6 0 448 383217664 1894 18446744073709551615 187650692657152 187650692756512 281474829160608 0 0 0 0 4 16386 0 0 0 -1 0 0 0 0 0 0 187650692761824 187650692763680 187650692767744 281474829164065 281474829164378 281474829164378 281474829164512 0
THREAD 146 (mqmgateway_iot) S 122 122 120 52288 122 4194368 490 0 0 0 171 74 0 0 20 0 6 0 448 383217664 1894 18446744073709551615 187650692657152 187650692756512 281474829160608 0 0 0 0 4 16386 1 0 0 -1 0 0 0 0 0 0 187650692761824 187650692763680 187650692767744 281474829164065 281474829164378 281474829164378 281474829164512 0
THREAD 147 (mqmgateway_iot) S 122 122 120 52288 122 4194368 467 0 0 0 166 74 0 0 20 0 6 0 448 383217664 1894 18446744073709551615 187650692657152 187650692756512 281474829160608 0 0 0 0 4 16386 1 0 0 -1 0 0 0 0 0 0 187650692761824 187650692763680 187650692767744 281474829164065 281474829164378 281474829164378 281474829164512 0
THREAD 148 (mqmgateway_iot) S 122 122 120 52288 122 4194368 8 0 2 0 1 4 0 0 20 0 6 0 448 383217664 1894 18446744073709551615 187650692657152 187650692756512 281474829160608 0 0 0 0 4 16386 1 0 0 -1 0 0 0 0 0 0 187650692761824 187650692763680 187650692767744 281474829164065 281474829164378 281474829164378 281474829164512 0
PROCESS 140
140 (mosquitto) R 122 122 120 52288 122 4194560 266 0 0 0 310 569 0 0 20 0 1 0 342 4313088 603 18446744073709551615 187650512572416 187650512815384 281474199626096 0 0 0 0 4100 18947 0 0 0 17 1 0 0 0 0 0 187650512820480 187650512822440 187650512850944 281474199629578 281474199629662 281474199629662 281474199629796 0
VmHWM:	    2412 kB
VmRSS:	    2412 kB
Threads:	1
THREAD 140 (mosquitto) R 122 122 120 52288 122 4194560 266 0 0 0 311 573 0 0 20 0 1 0 342 4313088 603 18446744073709551615 187650512572416 187650512815384 281474199626096 0 0 0 0 4100 18947 0 0 0 17 1 0 0 0 0 0 187650512820480 187650512822440 187650512850944 281474199629578 281474199629662 281474199629662 281474199629796 0
PROCESS 150
150 (mqmgateway_arm6) S 122 122 120 52288 122 4194304 320 0 2 0 278 729 0 0 20 0 2 0 555 85700608 1998 18446744073709551615 187650612064256 187650612100028 281474048839440 0 0 0 0 6 0 0 0 0 17 1 0 0 0 0 0 187650612103632 187650612105248 187650612109312 281474048843344 281474048843601 281474048843601 281474048843735 0
VmHWM:	    7992 kB
VmRSS:	    7992 kB
Threads:	2
THREAD 150 (mqmgateway_arm6) S 122 122 120 52288 122 4194304 317 0 1 0 87 397 0 0 20 0 2 0 555 85700608 1998 18446744073709551615 187650612064256 187650612100028 281474048839440 0 0 0 0 6 0 1 0 0 17 1 0 0 0 0 0 187650612103632 187650612105248 187650612109312 281474048843344 281474048843601 281474048843601 281474048843735 0
THREAD 154 (mosquitto loop) R 122 122 120 52288 122 4194368 3 0 1 0 186 342 0 0 20 0 2 0 558 85700608 1998 18446744073709551615 187650612064256 187650612100028 281474048839440 0 0 0 0 6 0 0 0 0 -1 0 0 0 0 0 0 187650612103632 187650612105248 187650612109312 281474048843344 281474048843601 281474048843601 281474048843735 0
SYSTEM cpu  1501 0 1869 913 2 0 343 0 0 0
MemFree:          977616 kB
MemAvailable:     947612 kB
SwapFree:              0 kB
METRICS {"enqueued":68266,"dequeued":68262,"current_depth":4,"peak_depth":46,"rejected":0,"processing_latency_ms":0.333269,"published":68282,"publish_failures":0,"command_timeouts":0,"can_errors":0,"telemetry_qos":1,"mqtt_max_inflight":20,"pipeline_metrics_enabled":true,"can_pipeline":{"frames_read":68266,"parsed":68266,"rejected_frames":0,"read_errors":0,"parse":{"count":68266,"mean_us":6.46364,"max_us":5102.05,"p50_upper_us":4,"p95_upper_us":16,"p99_upper_us":64}},"telemetry_enqueued":68266,"telemetry_dequeued":68262,"telemetry_queue_wait":{"count":68262,"mean_us":331.162,"max_us":7276.69,"p50_upper_us":256,"p95_upper_us":2048,"p99_upper_us":4096},"command_queue_wait":{"count":0,"mean_us":0,"max_us":0,"p50_upper_us":0,"p95_upper_us":0,"p99_upper_us":0},"telemetry_worker_before_publish":{"count":68262,"mean_us":32.0392,"max_us":6164.98,"p50_upper_us":32,"p95_upper_us":128,"p99_upper_us":256},"mqtt_pipeline":{"publish_calls":68282,"publish_accepted":68282,"publish_api_errors":0,"puback_received":47889,"qos0_local_completed":0,"telemetry_accepted":68262,"telemetry_puback_received":47874,"pending_tracked":4088,"pending_peak":4096,"oldest_pending_us":3.0197e+06,"tracking_dropped":16305,"unmatched_callbacks":8308,"tracking_complete":false,"publish_api":{"count":68282,"mean_us":16.1236,"max_us":5904.35,"p50_upper_us":8,"p95_upper_us":64,"p99_upper_us":256},"telemetry_puback":{"count":47874,"mean_us":756865,"max_us":3.02257e+06,"p50_upper_us":524288,"p95_upper_us":3.02257e+06,"p99_upper_us":3.02257e+06}}}
SAMPLE 28.68
PROCESS 142
142 (mqmgateway_iot) S 122 122 120 52288 122 4194304 1759 0 16 0 930 977 0 0 20 0 6 0 443 383217664 2406 18446744073709551615 187650692657152 187650692756512 281474829160608 0 0 0 0 4 16386 0 0 0 17 1 0 0 0 0 0 187650692761824 187650692763680 187650692767744 281474829164065 281474829164378 281474829164378 281474829164512 0
VmHWM:	    9624 kB
VmRSS:	    9624 kB
Threads:	6
THREAD 142 (mqmgateway_iot) S 122 122 120 52288 122 4194304 169 0 14 0 3 2 0 0 20 0 6 0 443 383217664 2406 18446744073709551615 187650692657152 187650692756512 281474829160608 0 0 0 0 4 16386 1 0 0 17 1 0 0 0 0 0 187650692761824 187650692763680 187650692767744 281474829164065 281474829164378 281474829164378 281474829164512 0
THREAD 144 (mosquitto loop) R 122 122 120 52288 122 4194368 8 0 0 0 266 429 0 0 20 0 6 0 447 383217664 2406 18446744073709551615 187650692657152 187650692756512 281474829160608 0 0 0 0 4 16386 0 0 0 -1 1 0 0 0 0 0 187650692761824 187650692763680 187650692767744 281474829164065 281474829164378 281474829164378 281474829164512 0
THREAD 145 (mqmgateway_iot) S 122 122 120 52288 122 4194368 145 0 0 0 191 350 0 0 20 0 6 0 448 383217664 2406 18446744073709551615 187650692657152 187650692756512 281474829160608 0 0 0 0 4 16386 1 0 0 -1 1 0 0 0 0 0 187650692761824 187650692763680 187650692767744 281474829164065 281474829164378 281474829164378 281474829164512 0
THREAD 146 (mqmgateway_iot) S 122 122 120 52288 122 4194368 739 0 0 0 239 98 0 0 20 0 6 0 448 383217664 2406 18446744073709551615 187650692657152 187650692756512 281474829160608 0 0 0 0 4 16386 1 0 0 -1 0 0 0 0 0 0 187650692761824 187650692763680 187650692767744 281474829164065 281474829164378 281474829164378 281474829164512 0
THREAD 147 (mqmgateway_iot) S 122 122 120 52288 122 4194368 709 0 0 0 227 102 0 0 20 0 6 0 448 383217664 2406 18446744073709551615 187650692657152 187650692756512 281474829160608 0 0 0 0 4 16386 1 0 0 -1 0 0 0 0 0 0 187650692761824 187650692763680 187650692767744 281474829164065 281474829164378 281474829164378 281474829164512 0
THREAD 148 (mqmgateway_iot) S 122 122 120 52288 122 4194368 8 0 2 0 1 5 0 0 20 0 6 0 448 383217664 2438 18446744073709551615 187650692657152 187650692756512 281474829160608 0 0 0 0 4 16386 1 0 0 -1 0 0 0 0 0 0 187650692761824 187650692763680 187650692767744 281474829164065 281474829164378 281474829164378 281474829164512 0
PROCESS 140
140 (mosquitto) R 122 122 120 52288 122 4194560 266 0 0 0 399 748 0 0 20 0 1 0 342 4313088 603 18446744073709551615 187650512572416 187650512815384 281474199626096 0 0 0 0 4100 18947 0 0 0 17 1 0 0 0 0 0 187650512820480 187650512822440 187650512850944 281474199629578 281474199629662 281474199629662 281474199629796 0
VmHWM:	    2412 kB
VmRSS:	    2412 kB
Threads:	1
THREAD 140 (mosquitto) R 122 122 120 52288 122 4194560 266 0 0 0 400 750 0 0 20 0 1 0 342 4313088 603 18446744073709551615 187650512572416 187650512815384 281474199626096 0 0 0 0 4100 18947 0 0 0 17 1 0 0 0 0 0 187650512820480 187650512822440 187650512850944 281474199629578 281474199629662 281474199629662 281474199629796 0
PROCESS 150
150 (mqmgateway_arm6) S 122 122 120 52288 122 4194304 320 0 2 0 368 973 0 0 20 0 2 0 555 85700608 1998 18446744073709551615 187650612064256 187650612100028 281474048839440 0 0 0 0 6 0 0 0 0 17 0 0 0 0 0 0 187650612103632 187650612105248 187650612109312 281474048843344 281474048843601 281474048843601 281474048843735 0
VmHWM:	    7992 kB
VmRSS:	    7992 kB
Threads:	2
THREAD 150 (mqmgateway_arm6) R 122 122 120 52288 122 4194304 317 0 1 0 119 532 0 0 20 0 2 0 555 85700608 1998 18446744073709551615 187650612064256 187650612100028 281474048839440 0 0 0 0 6 0 0 0 0 17 0 0 0 0 0 0 187650612103632 187650612105248 187650612109312 281474048843344 281474048843601 281474048843601 281474048843735 0
THREAD 154 (mosquitto loop) S 122 122 120 52288 122 4194368 3 0 1 0 244 452 0 0 20 0 2 0 558 85700608 1998 18446744073709551615 187650612064256 187650612100028 281474048839440 0 0 0 0 6 0 1 0 0 -1 1 0 0 0 0 0 187650612103632 187650612105248 187650612109312 281474048843344 281474048843601 281474048843601 281474048843735 0
SYSTEM cpu  1963 0 2450 935 2 0 438 0 0 0
MemFree:          972260 kB
MemAvailable:     942264 kB
SwapFree:              0 kB
METRICS {"enqueued":92505,"dequeued":92505,"current_depth":0,"peak_depth":46,"rejected":0,"processing_latency_ms":0.322385,"published":92531,"publish_failures":0,"command_timeouts":0,"can_errors":0,"telemetry_qos":1,"mqtt_max_inflight":20,"pipeline_metrics_enabled":true,"can_pipeline":{"frames_read":92505,"parsed":92505,"rejected_frames":0,"read_errors":0,"parse":{"count":92505,"mean_us":6.60696,"max_us":5102.05,"p50_upper_us":4,"p95_upper_us":16,"p99_upper_us":64}},"telemetry_enqueued":92505,"telemetry_dequeued":92505,"telemetry_queue_wait":{"count":92505,"mean_us":320.337,"max_us":7276.69,"p50_upper_us":256,"p95_upper_us":2048,"p99_upper_us":4096},"command_queue_wait":{"count":0,"mean_us":0,"max_us":0,"p50_upper_us":0,"p95_upper_us":0,"p99_upper_us":0},"telemetry_worker_before_publish":{"count":92505,"mean_us":32.1016,"max_us":6164.98,"p50_upper_us":32,"p95_upper_us":128,"p99_upper_us":512},"mqtt_pipeline":{"publish_calls":92531,"publish_accepted":92531,"publish_api_errors":0,"puback_received":53500,"qos0_local_completed":0,"telemetry_accepted":92505,"telemetry_puback_received":53482,"pending_tracked":4094,"pending_peak":4096,"oldest_pending_us":4.78288e+06,"tracking_dropped":34937,"unmatched_callbacks":19909,"tracking_complete":false,"publish_api":{"count":92531,"mean_us":17.0384,"max_us":5904.35,"p50_upper_us":8,"p95_upper_us":64,"p99_upper_us":256},"telemetry_puback":{"count":53482,"mean_us":1.08394e+06,"max_us":4.78139e+06,"p50_upper_us":524288,"p95_upper_us":4.1943e+06,"p99_upper_us":4.78139e+06}}}
SAMPLE 34.53
PROCESS 142
142 (mqmgateway_iot) S 122 122 120 52288 122 4194304 2200 0 16 0 1196 1220 0 0 20 0 6 0 443 383217664 2822 18446744073709551615 187650692657152 187650692756512 281474829160608 0 0 0 0 4 16386 0 0 0 17 1 0 0 0 0 0 187650692761824 187650692763680 187650692767744 281474829164065 281474829164378 281474829164378 281474829164512 0
VmHWM:	   11288 kB
VmRSS:	   11288 kB
Threads:	6
THREAD 142 (mqmgateway_iot) S 122 122 120 52288 122 4194304 169 0 14 0 3 2 0 0 20 0 6 0 443 383217664 2822 18446744073709551615 187650692657152 187650692756512 281474829160608 0 0 0 0 4 16386 1 0 0 17 1 0 0 0 0 0 187650692761824 187650692763680 187650692767744 281474829164065 281474829164378 281474829164378 281474829164512 0
THREAD 144 (mosquitto loop) R 122 122 120 52288 122 4194368 8 0 0 0 328 520 0 0 20 0 6 0 447 383217664 2822 18446744073709551615 187650692657152 187650692756512 281474829160608 0 0 0 0 4 16386 0 0 0 -1 1 0 0 0 0 0 187650692761824 187650692763680 187650692767744 281474829164065 281474829164378 281474829164378 281474829164512 0
THREAD 145 (mqmgateway_iot) R 122 122 120 52288 122 4194368 185 0 0 0 238 467 0 0 20 0 6 0 448 383217664 2854 18446744073709551615 187650692657152 187650692756512 281474829160608 0 0 0 0 4 16386 0 0 0 -1 0 0 0 0 0 0 187650692761824 187650692763680 187650692767744 281474829164065 281474829164378 281474829164378 281474829164512 0
THREAD 146 (mqmgateway_iot) R 122 122 120 52288 122 4194368 946 0 0 0 309 126 0 0 20 0 6 0 448 383217664 2854 18446744073709551615 187650692657152 187650692756512 281474829160608 0 0 0 0 4 16386 0 0 0 -1 0 0 0 0 0 0 187650692761824 187650692763680 187650692767744 281474829164065 281474829164378 281474829164378 281474829164512 0
THREAD 147 (mqmgateway_iot) R 122 122 120 52288 122 4194368 909 0 0 0 299 127 0 0 20 0 6 0 448 383217664 2854 18446744073709551615 187650692657152 187650692756512 281474829160608 0 0 0 0 4 16386 0 0 0 -1 0 0 0 0 0 0 187650692761824 187650692763680 187650692767744 281474829164065 281474829164378 281474829164378 281474829164512 0
THREAD 148 (mqmgateway_iot) S 122 122 120 52288 122 4194368 8 0 2 0 2 6 0 0 20 0 6 0 448 383217664 2854 18446744073709551615 187650692657152 187650692756512 281474829160608 0 0 0 0 4 16386 1 0 0 -1 0 0 0 0 0 0 187650692761824 187650692763680 187650692767744 281474829164065 281474829164378 281474829164378 281474829164512 0
PROCESS 140
140 (mosquitto) R 122 122 120 52288 122 4194560 266 0 0 0 501 905 0 0 20 0 1 0 342 4313088 603 18446744073709551615 187650512572416 187650512815384 281474199626096 0 0 0 18947 4100 18947 0 0 0 17 1 0 0 0 0 0 187650512820480 187650512822440 187650512850944 281474199629578 281474199629662 281474199629662 281474199629796 0
VmHWM:	    2412 kB
VmRSS:	    2412 kB
Threads:	1
THREAD 140 (mosquitto) R 122 122 120 52288 122 4194560 266 0 0 0 502 908 0 0 20 0 1 0 342 4313088 603 18446744073709551615 187650512572416 187650512815384 281474199626096 0 0 0 0 4100 18947 0 0 0 17 1 0 0 0 0 0 187650512820480 187650512822440 187650512850944 281474199629578 281474199629662 281474199629662 281474199629796 0
PROCESS 150
150 (mqmgateway_arm6) R 122 122 120 52288 122 4194304 320 0 2 0 457 1224 0 0 20 0 2 0 555 85700608 1998 18446744073709551615 187650612064256 187650612100028 281474048839440 0 0 0 0 6 0 0 0 0 17 0 0 0 0 0 0 187650612103632 187650612105248 187650612109312 281474048843344 281474048843601 281474048843601 281474048843735 0
VmHWM:	    7992 kB
VmRSS:	    7992 kB
Threads:	2
THREAD 150 (mqmgateway_arm6) R 122 122 120 52288 122 4194304 317 0 1 0 142 688 0 0 20 0 2 0 555 85700608 1998 18446744073709551615 187650612064256 187650612100028 281474048839440 0 0 0 0 6 0 0 0 0 17 0 0 0 0 0 0 187650612103632 187650612105248 187650612109312 281474048843344 281474048843601 281474048843601 281474048843735 0
THREAD 154 (mosquitto loop) R 122 122 120 52288 122 4194368 3 0 1 0 311 544 0 0 20 0 2 0 558 85700608 1998 18446744073709551615 187650612064256 187650612100028 281474048839440 0 0 0 0 6 0 0 0 0 -1 1 0 0 0 0 0 187650612103632 187650612105248 187650612109312 281474048843344 281474048843601 281474048843601 281474048843735 0
SYSTEM cpu  2454 0 3023 950 2 0 525 0 0 0
MemFree:          972212 kB
MemAvailable:     942220 kB
SwapFree:              0 kB
METRICS {"enqueued":116788,"dequeued":116786,"current_depth":2,"peak_depth":46,"rejected":0,"processing_latency_ms":0.300774,"published":116818,"publish_failures":0,"command_timeouts":0,"can_errors":0,"telemetry_qos":1,"mqtt_max_inflight":20,"pipeline_metrics_enabled":true,"can_pipeline":{"frames_read":116788,"parsed":116788,"rejected_frames":0,"read_errors":0,"parse":{"count":116788,"mean_us":6.94093,"max_us":5102.05,"p50_upper_us":4,"p95_upper_us":16,"p99_upper_us":128}},"telemetry_enqueued":116788,"telemetry_dequeued":116786,"telemetry_queue_wait":{"count":116786,"mean_us":298.795,"max_us":7276.69,"p50_upper_us":256,"p95_upper_us":2048,"p99_upper_us":4096},"command_queue_wait":{"count":0,"mean_us":0,"max_us":0,"p50_upper_us":0,"p95_upper_us":0,"p99_upper_us":0},"telemetry_worker_before_publish":{"count":116786,"mean_us":32.8345,"max_us":6164.98,"p50_upper_us":32,"p95_upper_us":128,"p99_upper_us":512},"mqtt_pipeline":{"publish_calls":116818,"publish_accepted":116818,"publish_api_errors":0,"puback_received":57406,"qos0_local_completed":0,"telemetry_accepted":116786,"telemetry_puback_received":57388,"pending_tracked":4096,"pending_peak":4096,"oldest_pending_us":6.25581e+06,"tracking_dropped":55316,"unmatched_callbacks":34335,"tracking_complete":false,"publish_api":{"count":116818,"mean_us":17.082,"max_us":5904.35,"p50_upper_us":8,"p95_upper_us":64,"p99_upper_us":256},"telemetry_puback":{"count":57388,"mean_us":1.38497e+06,"max_us":6.2583e+06,"p50_upper_us":1.04858e+06,"p95_upper_us":6.2583e+06,"p99_upper_us":6.2583e+06}}}
SAMPLE 40.33
PROCESS 142
142 (mqmgateway_iot) S 122 122 120 52288 122 4194304 2588 0 16 0 1455 1465 0 0 20 0 6 0 443 383217664 3238 18446744073709551615 187650692657152 187650692756512 281474829160608 0 0 0 0 4 16386 0 0 0 17 1 0 0 0 0 0 187650692761824 187650692763680 187650692767744 281474829164065 281474829164378 281474829164378 281474829164512 0
VmHWM:	   12952 kB
VmRSS:	   12952 kB
Threads:	6
THREAD 142 (mqmgateway_iot) S 122 122 120 52288 122 4194304 169 0 14 0 3 2 0 0 20 0 6 0 443 383217664 3238 18446744073709551615 187650692657152 187650692756512 281474829160608 0 0 0 0 4 16386 1 0 0 17 1 0 0 0 0 0 187650692761824 187650692763680 187650692767744 281474829164065 281474829164378 281474829164378 281474829164512 0
THREAD 144 (mosquitto loop) S 122 122 120 52288 122 4194368 8 0 0 0 390 624 0 0 20 0 6 0 447 383217664 3238 18446744073709551615 187650692657152 187650692756512 281474829160608 0 0 0 0 4 16386 1 0 0 -1 1 0 0 0 0 0 187650692761824 187650692763680 187650692767744 281474829164065 281474829164378 281474829164378 281474829164512 0
THREAD 145 (mqmgateway_iot) S 122 122 120 52288 122 4194368 218 0 0 0 291 569 0 0 20 0 6 0 448 383217664 3238 18446744073709551615 187650692657152 187650692756512 281474829160608 0 0 0 0 4 16386 1 0 0 -1 0 0 0 0 0 0 187650692761824 187650692763680 187650692767744 281474829164065 281474829164378 281474829164378 281474829164512 0
THREAD 146 (mqmgateway_iot) S 122 122 120 52288 122 4194368 1099 0 0 0 377 149 0 0 20 0 6 0 448 383217664 3238 18446744073709551615 187650692657152 187650692756512 281474829160608 0 0 0 0 4 16386 1 0 0 -1 0 0 0 0 0 0 187650692761824 187650692763680 187650692767744 281474829164065 281474829164378 281474829164378 281474829164512 0
THREAD 147 (mqmgateway_iot) R 122 122 120 52288 122 4194368 1113 0 0 0 368 150 0 0 20 0 6 0 448 383217664 3270 18446744073709551615 187650692657152 187650692756512 281474829160608 0 0 0 0 4 16386 0 0 0 -1 0 0 0 0 0 0 187650692761824 187650692763680 187650692767744 281474829164065 281474829164378 281474829164378 281474829164512 0
THREAD 148 (mqmgateway_iot) S 122 122 120 52288 122 4194368 8 0 2 0 2 8 0 0 20 0 6 0 448 383217664 3270 18446744073709551615 187650692657152 187650692756512 281474829160608 0 0 0 0 4 16386 1 0 0 -1 0 0 0 0 0 0 187650692761824 187650692763680 187650692767744 281474829164065 281474829164378 281474829164378 281474829164512 0
PROCESS 140
140 (mosquitto) R 122 122 120 52288 122 4194560 266 0 0 0 597 1079 0 0 20 0 1 0 342 4313088 603 18446744073709551615 187650512572416 187650512815384 281474199626096 0 0 0 0 4100 18947 0 0 0 17 1 0 0 0 0 0 187650512820480 187650512822440 187650512850944 281474199629578 281474199629662 281474199629662 281474199629796 0
VmHWM:	    2412 kB
VmRSS:	    2412 kB
Threads:	1
THREAD 140 (mosquitto) R 122 122 120 52288 122 4194560 266 0 0 0 600 1081 0 0 20 0 1 0 342 4313088 603 18446744073709551615 187650512572416 187650512815384 281474199626096 0 0 0 18947 4100 18947 0 0 0 17 1 0 0 0 0 0 187650512820480 187650512822440 187650512850944 281474199629578 281474199629662 281474199629662 281474199629796 0
PROCESS 150
150 (mqmgateway_arm6) R 122 122 120 52288 122 4194304 320 0 2 0 539 1470 0 0 20 0 2 0 555 85700608 1998 18446744073709551615 187650612064256 187650612100028 281474048839440 0 0 0 0 6 0 0 0 0 17 0 0 0 0 0 0 187650612103632 187650612105248 187650612109312 281474048843344 281474048843601 281474048843601 281474048843735 0
VmHWM:	    7992 kB
VmRSS:	    7992 kB
Threads:	2
THREAD 150 (mqmgateway_arm6) R 122 122 120 52288 122 4194304 317 0 1 0 169 833 0 0 20 0 2 0 555 85700608 1998 18446744073709551615 187650612064256 187650612100028 281474048839440 0 0 0 0 6 0 0 0 0 17 0 0 0 0 0 0 187650612103632 187650612105248 187650612109312 281474048843344 281474048843601 281474048843601 281474048843735 0
THREAD 154 (mosquitto loop) R 122 122 120 52288 122 4194368 3 0 1 0 370 641 0 0 20 0 2 0 558 85700608 1998 18446744073709551615 187650612064256 187650612100028 281474048839440 0 0 0 0 6 0 0 0 0 -1 1 0 0 0 0 0 187650612103632 187650612105248 187650612109312 281474048843344 281474048843601 281474048843601 281474048843735 0
SYSTEM cpu  2906 0 3600 965 2 0 640 0 0 0
MemFree:          971708 kB
MemAvailable:     941720 kB
SwapFree:              0 kB
METRICS {"enqueued":141041,"dequeued":141041,"current_depth":0,"peak_depth":46,"rejected":0,"processing_latency_ms":0.285039,"published":141078,"publish_failures":0,"command_timeouts":0,"can_errors":0,"telemetry_qos":1,"mqtt_max_inflight":20,"pipeline_metrics_enabled":true,"can_pipeline":{"frames_read":141041,"parsed":141041,"rejected_frames":0,"read_errors":0,"parse":{"count":141041,"mean_us":7.13945,"max_us":5102.05,"p50_upper_us":4,"p95_upper_us":16,"p99_upper_us":128}},"telemetry_enqueued":141040,"telemetry_dequeued":141041,"telemetry_queue_wait":{"count":141041,"mean_us":283.079,"max_us":7276.69,"p50_upper_us":256,"p95_upper_us":1024,"p99_upper_us":4096},"command_queue_wait":{"count":0,"mean_us":0,"max_us":0,"p50_upper_us":0,"p95_upper_us":0,"p99_upper_us":0},"telemetry_worker_before_publish":{"count":141040,"mean_us":33.0464,"max_us":6164.98,"p50_upper_us":32,"p95_upper_us":128,"p99_upper_us":512},"mqtt_pipeline":{"publish_calls":141078,"publish_accepted":141078,"publish_api_errors":0,"puback_received":60477,"qos0_local_completed":0,"telemetry_accepted":141040,"telemetry_puback_received":60458,"pending_tracked":4096,"pending_peak":4096,"oldest_pending_us":7.5807e+06,"tracking_dropped":76505,"unmatched_callbacks":50176,"tracking_complete":false,"publish_api":{"count":141078,"mean_us":16.8177,"max_us":5904.35,"p50_upper_us":8,"p95_upper_us":64,"p99_upper_us":256},"telemetry_puback":{"count":60458,"mean_us":1.66361e+06,"max_us":7.60092e+06,"p50_upper_us":1.04858e+06,"p95_upper_us":7.60092e+06,"p99_upper_us":7.60092e+06}}}
SAMPLE 46.18
PROCESS 142
142 (mqmgateway_iot) S 122 122 120 52288 122 4194304 2991 0 16 0 1704 1716 0 0 20 0 6 0 443 383217664 3622 18446744073709551615 187650692657152 187650692756512 281474829160608 0 0 0 0 4 16386 0 0 0 17 1 0 0 0 0 0 187650692761824 187650692763680 187650692767744 281474829164065 281474829164378 281474829164378 281474829164512 0
VmHWM:	   14488 kB
VmRSS:	   14488 kB
Threads:	6
THREAD 142 (mqmgateway_iot) S 122 122 120 52288 122 4194304 169 0 14 0 3 2 0 0 20 0 6 0 443 383217664 3622 18446744073709551615 187650692657152 187650692756512 281474829160608 0 0 0 0 4 16386 1 0 0 17 1 0 0 0 0 0 187650692761824 187650692763680 187650692767744 281474829164065 281474829164378 281474829164378 281474829164512 0
THREAD 144 (mosquitto loop) S 122 122 120 52288 122 4194368 8 0 0 0 451 713 0 0 20 0 6 0 447 383217664 3622 18446744073709551615 187650692657152 187650692756512 281474829160608 0 0 0 0 4 16386 1 0 0 -1 1 0 0 0 0 0 187650692761824 187650692763680 187650692767744 281474829164065 281474829164378 281474829164378 281474829164512 0
THREAD 145 (mqmgateway_iot) R 122 122 120 52288 122 4194368 251 0 0 0 333 684 0 0 20 0 6 0 448 383217664 3622 18446744073709551615 187650692657152 187650692756512 281474829160608 0 0 0 0 4 16386 0 0 0 -1 0 0 0 0 0 0 187650692761824 187650692763680 187650692767744 281474829164065 281474829164378 281474829164378 281474829164512 0
THREAD 146 (mqmgateway_iot) S 122 122 120 52288 122 4194368 1239 0 0 0 439 176 0 0 20 0 6 0 448 383217664 3622 18446744073709551615 187650692657152 187650692756512 281474829160608 0 0 0 0 4 16386 1 0 0 -1 0 0 0 0 0 0 187650692761824 187650692763680 187650692767744 281474829164065 281474829164378 281474829164378 281474829164512 0
THREAD 147 (mqmgateway_iot) S 122 122 120 52288 122 4194368 1323 0 0 0 434 176 0 0 20 0 6 0 448 383217664 3654 18446744073709551615 187650692657152 187650692756512 281474829160608 0 0 0 0 4 16386 1 0 0 -1 0 0 0 0 0 0 187650692761824 187650692763680 187650692767744 281474829164065 281474829164378 281474829164378 281474829164512 0
THREAD 148 (mqmgateway_iot) S 122 122 120 52288 122 4194368 8 0 2 0 2 9 0 0 20 0 6 0 448 383217664 3654 18446744073709551615 187650692657152 187650692756512 281474829160608 0 0 0 0 4 16386 1 0 0 -1 0 0 0 0 0 0 187650692761824 187650692763680 187650692767744 281474829164065 281474829164378 281474829164378 281474829164512 0
PROCESS 140
140 (mosquitto) R 122 122 120 52288 122 4194560 266 0 0 0 694 1247 0 0 20 0 1 0 342 4313088 603 18446744073709551615 187650512572416 187650512815384 281474199626096 0 0 0 0 4100 18947 0 0 0 17 1 0 0 0 0 0 187650512820480 187650512822440 187650512850944 281474199629578 281474199629662 281474199629662 281474199629796 0
VmHWM:	    2412 kB
VmRSS:	    2412 kB
Threads:	1
THREAD 140 (mosquitto) R 122 122 120 52288 122 4194560 266 0 0 0 695 1249 0 0 20 0 1 0 342 4313088 603 18446744073709551615 187650512572416 187650512815384 281474199626096 0 0 0 0 4100 18947 0 0 0 17 1 0 0 0 0 0 187650512820480 187650512822440 187650512850944 281474199629578 281474199629662 281474199629662 281474199629796 0
PROCESS 150
150 (mqmgateway_arm6) R 122 122 120 52288 122 4194304 320 0 2 0 615 1730 0 0 20 0 2 0 555 85700608 1998 18446744073709551615 187650612064256 187650612100028 281474048839440 0 0 0 0 6 0 0 0 0 17 1 0 0 0 0 0 187650612103632 187650612105248 187650612109312 281474048843344 281474048843601 281474048843601 281474048843735 0
VmHWM:	    7992 kB
VmRSS:	    7992 kB
Threads:	2
THREAD 150 (mqmgateway_arm6) S 122 122 120 52288 122 4194304 317 0 1 0 192 980 0 0 20 0 2 0 555 85700608 1998 18446744073709551615 187650612064256 187650612100028 281474048839440 0 0 0 0 6 0 1 0 0 17 1 0 0 0 0 0 187650612103632 187650612105248 187650612109312 281474048843344 281474048843601 281474048843601 281474048843735 0
THREAD 154 (mosquitto loop) R 122 122 120 52288 122 4194368 3 0 1 0 423 753 0 0 20 0 2 0 558 85700608 1998 18446744073709551615 187650612064256 187650612100028 281474048839440 0 0 0 0 6 0 0 0 0 -1 1 0 0 0 0 0 187650612103632 187650612105248 187650612109312 281474048843344 281474048843601 281474048843601 281474048843735 0
SYSTEM cpu  3338 0 4193 988 2 0 733 0 0 0
MemFree:          966604 kB
MemAvailable:     936620 kB
SwapFree:              0 kB
METRICS {"enqueued":161299,"dequeued":161299,"current_depth":0,"peak_depth":46,"rejected":0,"processing_latency_ms":0.275924,"published":161342,"publish_failures":0,"command_timeouts":0,"can_errors":0,"telemetry_qos":1,"mqtt_max_inflight":20,"pipeline_metrics_enabled":true,"can_pipeline":{"frames_read":161299,"parsed":161299,"rejected_frames":0,"read_errors":0,"parse":{"count":161299,"mean_us":7.29825,"max_us":5102.05,"p50_upper_us":4,"p95_upper_us":16,"p99_upper_us":128}},"telemetry_enqueued":161299,"telemetry_dequeued":161299,"telemetry_queue_wait":{"count":161299,"mean_us":273.996,"max_us":7276.69,"p50_upper_us":256,"p95_upper_us":1024,"p99_upper_us":4096},"command_queue_wait":{"count":0,"mean_us":0,"max_us":0,"p50_upper_us":0,"p95_upper_us":0,"p99_upper_us":0},"telemetry_worker_before_publish":{"count":161299,"mean_us":33.166,"max_us":6164.98,"p50_upper_us":32,"p95_upper_us":128,"p99_upper_us":256},"mqtt_pipeline":{"publish_calls":161342,"publish_accepted":161342,"publish_api_errors":0,"puback_received":62889,"qos0_local_completed":0,"telemetry_accepted":161299,"telemetry_puback_received":62870,"pending_tracked":4096,"pending_peak":4096,"oldest_pending_us":8.66526e+06,"tracking_dropped":94357,"unmatched_callbacks":63761,"tracking_complete":false,"publish_api":{"count":161342,"mean_us":16.7814,"max_us":5904.35,"p50_upper_us":8,"p95_upper_us":64,"p99_upper_us":256},"telemetry_puback":{"count":62870,"mean_us":1.91261e+06,"max_us":8.67093e+06,"p50_upper_us":1.04858e+06,"p95_upper_us":8.38861e+06,"p99_upper_us":8.38861e+06}}}
SAMPLE 51.94
PROCESS 142
142 (mqmgateway_iot) S 122 122 120 52288 122 4194304 3374 0 16 0 1923 1933 0 0 20 0 6 0 443 383217664 4006 18446744073709551615 187650692657152 187650692756512 281474829160608 0 0 0 0 4 16386 0 0 0 17 1 0 0 0 0 0 187650692761824 187650692763680 187650692767744 281474829164065 281474829164378 281474829164378 281474829164512 0
VmHWM:	   16024 kB
VmRSS:	   16024 kB
Threads:	6
THREAD 142 (mqmgateway_iot) S 122 122 120 52288 122 4194304 169 0 14 0 3 2 0 0 20 0 6 0 443 383217664 4006 18446744073709551615 187650692657152 187650692756512 281474829160608 0 0 0 0 4 16386 1 0 0 17 1 0 0 0 0 0 187650692761824 187650692763680 187650692767744 281474829164065 281474829164378 281474829164378 281474829164512 0
THREAD 144 (mosquitto loop) R 122 122 120 52288 122 4194368 10 0 0 0 514 813 0 0 20 0 6 0 447 383217664 4006 18446744073709551615 187650692657152 187650692756512 281474829160608 0 0 0 0 4 16386 0 0 0 -1 1 0 0 0 0 0 187650692761824 187650692763680 187650692767744 281474829164065 281474829164378 281474829164378 281474829164512 0
THREAD 145 (mqmgateway_iot) R 122 122 120 52288 122 4194368 280 0 0 0 381 757 0 0 20 0 6 0 448 383217664 4006 18446744073709551615 187650692657152 187650692756512 281474829160608 0 0 0 0 4 16386 0 0 0 -1 0 0 0 0 0 0 187650692761824 187650692763680 187650692767744 281474829164065 281474829164378 281474829164378 281474829164512 0
THREAD 146 (mqmgateway_iot) S 122 122 120 52288 122 4194368 1455 0 0 0 497 200 0 0 20 0 6 0 448 383217664 4006 18446744073709551615 187650692657152 187650692756512 281474829160608 0 0 0 0 4 16386 1 0 0 -1 0 0 0 0 0 0 187650692761824 187650692763680 187650692767744 281474829164065 281474829164378 281474829164378 281474829164512 0
THREAD 147 (mqmgateway_iot) S 122 122 120 52288 122 4194368 1481 0 0 0 492 197 0 0 20 0 6 0 448 383217664 4006 18446744073709551615 187650692657152 187650692756512 281474829160608 0 0 0 0 4 16386 1 0 0 -1 1 0 0 0 0 0 187650692761824 187650692763680 187650692767744 281474829164065 281474829164378 281474829164378 281474829164512 0
THREAD 148 (mqmgateway_iot) S 122 122 120 52288 122 4194368 8 0 2 0 3 11 0 0 20 0 6 0 448 383217664 4038 18446744073709551615 187650692657152 187650692756512 281474829160608 0 0 0 0 4 16386 1 0 0 -1 0 0 0 0 0 0 187650692761824 187650692763680 187650692767744 281474829164065 281474829164378 281474829164378 281474829164512 0
PROCESS 140
140 (mosquitto) R 122 122 120 52288 122 4194560 266 0 0 0 800 1443 0 0 20 0 1 0 342 4313088 603 18446744073709551615 187650512572416 187650512815384 281474199626096 0 0 0 0 4100 18947 0 0 0 17 1 0 0 0 0 0 187650512820480 187650512822440 187650512850944 281474199629578 281474199629662 281474199629662 281474199629796 0
VmHWM:	    2412 kB
VmRSS:	    2412 kB
Threads:	1
THREAD 140 (mosquitto) R 122 122 120 52288 122 4194560 266 0 0 0 801 1446 0 0 20 0 1 0 342 4313088 603 18446744073709551615 187650512572416 187650512815384 281474199626096 0 0 0 0 4100 18947 0 0 0 17 1 0 0 0 0 0 187650512820480 187650512822440 187650512850944 281474199629578 281474199629662 281474199629662 281474199629796 0
PROCESS 150
150 (mqmgateway_arm6) S 122 122 120 52288 122 4194304 320 0 2 0 704 1974 0 0 20 0 2 0 555 85700608 1998 18446744073709551615 187650612064256 187650612100028 281474048839440 0 0 0 0 6 0 0 0 0 17 0 0 0 0 0 0 187650612103632 187650612105248 187650612109312 281474048843344 281474048843601 281474048843601 281474048843735 0
VmHWM:	    7992 kB
VmRSS:	    7992 kB
Threads:	2
THREAD 150 (mqmgateway_arm6) S 122 122 120 52288 122 4194304 317 0 1 0 216 1115 0 0 20 0 2 0 555 85700608 1998 18446744073709551615 187650612064256 187650612100028 281474048839440 0 0 0 0 6 0 1 0 0 17 0 0 0 0 0 0 187650612103632 187650612105248 187650612109312 281474048843344 281474048843601 281474048843601 281474048843735 0
THREAD 154 (mosquitto loop) R 122 122 120 52288 122 4194368 3 0 1 0 485 867 0 0 20 0 2 0 558 85700608 1998 18446744073709551615 187650612064256 187650612100028 281474048839440 0 0 0 0 6 0 0 0 0 -1 1 0 0 0 0 0 187650612103632 187650612105248 187650612109312 281474048843344 281474048843601 281474048843601 281474048843735 0
SYSTEM cpu  3784 0 4754 1024 2 0 842 0 0 0
MemFree:          966100 kB
MemAvailable:     936124 kB
SwapFree:              0 kB
METRICS {"enqueued":185621,"dequeued":185620,"current_depth":1,"peak_depth":112,"rejected":0,"processing_latency_ms":0.283271,"published":185669,"publish_failures":0,"command_timeouts":0,"can_errors":0,"telemetry_qos":1,"mqtt_max_inflight":20,"pipeline_metrics_enabled":true,"can_pipeline":{"frames_read":185621,"parsed":185621,"rejected_frames":0,"read_errors":0,"parse":{"count":185621,"mean_us":7.0968,"max_us":5102.05,"p50_upper_us":4,"p95_upper_us":16,"p99_upper_us":128}},"telemetry_enqueued":185621,"telemetry_dequeued":185620,"telemetry_queue_wait":{"count":185620,"mean_us":281.33,"max_us":27318,"p50_upper_us":256,"p95_upper_us":1024,"p99_upper_us":4096},"command_queue_wait":{"count":0,"mean_us":0,"max_us":0,"p50_upper_us":0,"p95_upper_us":0,"p99_upper_us":0},"telemetry_worker_before_publish":{"count":185620,"mean_us":32.9105,"max_us":6164.98,"p50_upper_us":32,"p95_upper_us":128,"p99_upper_us":256},"mqtt_pipeline":{"publish_calls":185669,"publish_accepted":185669,"publish_api_errors":0,"puback_received":65273,"qos0_local_completed":0,"telemetry_accepted":185620,"telemetry_puback_received":65253,"pending_tracked":4096,"pending_peak":4096,"oldest_pending_us":9.91959e+06,"tracking_dropped":116300,"unmatched_callbacks":80698,"tracking_complete":false,"publish_api":{"count":185669,"mean_us":16.6868,"max_us":5904.35,"p50_upper_us":8,"p95_upper_us":64,"p99_upper_us":256},"telemetry_puback":{"count":65253,"mean_us":2.18132e+06,"max_us":9.91758e+06,"p50_upper_us":1.04858e+06,"p95_upper_us":8.38861e+06,"p99_upper_us":9.91758e+06}}}
SAMPLE 57.86
PROCESS 142
142 (mqmgateway_iot) S 122 122 120 52288 122 4194304 3804 0 16 0 2198 2195 0 0 20 0 6 0 443 383217664 4454 18446744073709551615 187650692657152 187650692756512 281474829160608 0 0 0 0 4 16386 0 0 0 17 1 0 0 0 0 0 187650692761824 187650692763680 187650692767744 281474829164065 281474829164378 281474829164378 281474829164512 0
VmHWM:	   17816 kB
VmRSS:	   17816 kB
Threads:	6
THREAD 142 (mqmgateway_iot) S 122 122 120 52288 122 4194304 169 0 14 0 3 2 0 0 20 0 6 0 443 383217664 4454 18446744073709551615 187650692657152 187650692756512 281474829160608 0 0 0 0 4 16386 1 0 0 17 1 0 0 0 0 0 187650692761824 187650692763680 187650692767744 281474829164065 281474829164378 281474829164378 281474829164512 0
THREAD 144 (mosquitto loop) S 122 122 120 52288 122 4194368 10 0 0 0 567 913 0 0 20 0 6 0 447 383217664 4454 18446744073709551615 187650692657152 187650692756512 281474829160608 0 0 0 0 4 16386 1 0 0 -1 0 0 0 0 0 0 187650692761824 187650692763680 187650692767744 281474829164065 281474829164378 281474829164378 281474829164512 0
THREAD 145 (mqmgateway_iot) R 122 122 120 52288 122 4194368 310 0 0 0 441 874 0 0 20 0 6 0 448 383217664 4454 18446744073709551615 187650692657152 187650692756512 281474829160608 0 0 0 0 4 16386 0 0 0 -1 0 0 0 0 0 0 187650692761824 187650692763680 187650692767744 281474829164065 281474829164378 281474829164378 281474829164512 0
THREAD 146 (mqmgateway_iot) R 122 122 120 52288 122 4194368 1691 0 0 0 573 228 0 0 20 0 6 0 448 383217664 4486 18446744073709551615 187650692657152 187650692756512 281474829160608 0 0 0 0 4 16386 0 0 0 -1 0 0 0 0 0 0 187650692761824 187650692763680 187650692767744 281474829164065 281474829164378 281474829164378 281474829164512 0
THREAD 147 (mqmgateway_iot) S 122 122 120 52288 122 4194368 1647 0 0 0 567 223 0 0 20 0 6 0 448 383217664 4486 18446744073709551615 187650692657152 187650692756512 281474829160608 0 0 0 0 4 16386 1 0 0 -1 1 0 0 0 0 0 187650692761824 187650692763680 187650692767744 281474829164065 281474829164378 281474829164378 281474829164512 0
THREAD 148 (mqmgateway_iot) S 122 122 120 52288 122 4194368 8 0 2 0 3 12 0 0 20 0 6 0 448 383217664 4486 18446744073709551615 187650692657152 187650692756512 281474829160608 0 0 0 0 4 16386 1 0 0 -1 0 0 0 0 0 0 187650692761824 187650692763680 187650692767744 281474829164065 281474829164378 281474829164378 281474829164512 0
PROCESS 140
140 (mosquitto) R 122 122 120 52288 122 4194560 266 0 0 0 900 1599 0 0 20 0 1 0 342 4313088 603 18446744073709551615 187650512572416 187650512815384 281474199626096 0 0 0 0 4100 18947 0 0 0 17 1 0 0 0 0 0 187650512820480 187650512822440 187650512850944 281474199629578 281474199629662 281474199629662 281474199629796 0
VmHWM:	    2412 kB
VmRSS:	    2412 kB
Threads:	1
THREAD 140 (mosquitto) R 122 122 120 52288 122 4194560 266 0 0 0 901 1601 0 0 20 0 1 0 342 4313088 603 18446744073709551615 187650512572416 187650512815384 281474199626096 0 0 0 18947 4100 18947 0 0 0 17 1 0 0 0 0 0 187650512820480 187650512822440 187650512850944 281474199629578 281474199629662 281474199629662 281474199629796 0
PROCESS 150
150 (mqmgateway_arm6) S 122 122 120 52288 122 4194304 320 0 2 0 790 2228 0 0 20 0 2 0 555 85700608 1998 18446744073709551615 187650612064256 187650612100028 281474048839440 0 0 0 0 6 0 0 0 0 17 0 0 0 0 0 0 187650612103632 187650612105248 187650612109312 281474048843344 281474048843601 281474048843601 281474048843735 0
VmHWM:	    7992 kB
VmRSS:	    7992 kB
Threads:	2
THREAD 150 (mqmgateway_arm6) S 122 122 120 52288 122 4194304 317 0 1 0 243 1271 0 0 20 0 2 0 555 85700608 1998 18446744073709551615 187650612064256 187650612100028 281474048839440 0 0 0 0 6 0 1 0 0 17 0 0 0 0 0 0 187650612103632 187650612105248 187650612109312 281474048843344 281474048843601 281474048843601 281474048843735 0
THREAD 154 (mosquitto loop) S 122 122 120 52288 122 4194368 3 0 1 0 548 960 0 0 20 0 2 0 558 85700608 1998 18446744073709551615 187650612064256 187650612100028 281474048839440 0 0 0 0 6 0 1 0 0 -1 1 0 0 0 0 0 187650612103632 187650612105248 187650612109312 281474048843344 281474048843601 281474048843601 281474048843735 0
SYSTEM cpu  4273 0 5349 1033 2 0 939 0 0 0
MemFree:          962004 kB
MemAvailable:     932032 kB
SwapFree:              0 kB
METRICS {"enqueued":209901,"dequeued":209900,"current_depth":1,"peak_depth":112,"rejected":0,"processing_latency_ms":0.271287,"published":209955,"publish_failures":0,"command_timeouts":0,"can_errors":0,"telemetry_qos":1,"mqtt_max_inflight":20,"pipeline_metrics_enabled":true,"can_pipeline":{"frames_read":209901,"parsed":209901,"rejected_frames":0,"read_errors":0,"parse":{"count":209901,"mean_us":7.31372,"max_us":5102.05,"p50_upper_us":4,"p95_upper_us":16,"p99_upper_us":128}},"telemetry_enqueued":209900,"telemetry_dequeued":209900,"telemetry_queue_wait":{"count":209900,"mean_us":269.348,"max_us":27318,"p50_upper_us":256,"p95_upper_us":1024,"p99_upper_us":4096},"command_queue_wait":{"count":0,"mean_us":0,"max_us":0,"p50_upper_us":0,"p95_upper_us":0,"p99_upper_us":0},"telemetry_worker_before_publish":{"count":209900,"mean_us":33.253,"max_us":6164.98,"p50_upper_us":32,"p95_upper_us":128,"p99_upper_us":256},"mqtt_pipeline":{"publish_calls":209955,"publish_accepted":209955,"publish_api_errors":0,"puback_received":67255,"qos0_local_completed":0,"telemetry_accepted":209900,"telemetry_puback_received":67235,"pending_tracked":4096,"pending_peak":4096,"oldest_pending_us":1.13675e+07,"tracking_dropped":138604,"unmatched_callbacks":97192,"tracking_complete":false,"publish_api":{"count":209955,"mean_us":16.7243,"max_us":5904.35,"p50_upper_us":8,"p95_upper_us":64,"p99_upper_us":256},"telemetry_puback":{"count":67235,"mean_us":2.43057e+06,"max_us":1.13418e+07,"p50_upper_us":1.04858e+06,"p95_upper_us":1.13418e+07,"p99_upper_us":1.13418e+07}}}
SAMPLE 63.82
PROCESS 142
142 (mqmgateway_iot) S 122 122 120 52288 122 4194304 4266 0 16 0 2453 2442 0 0 20 0 6 0 443 383217664 4902 18446744073709551615 187650692657152 187650692756512 281474829160608 0 0 0 0 4 16386 0 0 0 17 0 0 0 0 0 0 187650692761824 187650692763680 187650692767744 281474829164065 281474829164378 281474829164378 281474829164512 0
VmHWM:	   19608 kB
VmRSS:	   19608 kB
Threads:	6
THREAD 142 (mqmgateway_iot) S 122 122 120 52288 122 4194304 169 0 14 0 3 3 0 0 20 0 6 0 443 383217664 4902 18446744073709551615 187650692657152 187650692756512 281474829160608 0 0 0 0 4 16386 1 0 0 17 0 0 0 0 0 0 187650692761824 187650692763680 187650692767744 281474829164065 281474829164378 281474829164378 281474829164512 0
THREAD 144 (mosquitto loop) R 122 122 120 52288 122 4194368 10 0 0 0 632 1007 0 0 20 0 6 0 447 383217664 4934 18446744073709551615 187650692657152 187650692756512 281474829160608 0 0 0 0 4 16386 0 0 0 -1 1 0 0 0 0 0 187650692761824 187650692763680 187650692767744 281474829164065 281474829164378 281474829164378 281474829164512 0
THREAD 145 (mqmgateway_iot) R 122 122 120 52288 122 4194368 344 0 0 0 494 972 0 0 20 0 6 0 448 383217664 4934 18446744073709551615 187650692657152 187650692756512 281474829160608 0 0 0 0 4 16386 0 0 0 -1 0 0 0 0 0 0 187650692761824 187650692763680 187650692767744 281474829164065 281474829164378 281474829164378 281474829164512 0
THREAD 146 (mqmgateway_iot) R 122 122 120 52288 122 4194368 1940 0 0 0 641 256 0 0 20 0 6 0 448 383217664 4934 18446744073709551615 187650692657152 187650692756512 281474829160608 0 0 0 0 4 16386 0 0 0 -1 0 0 0 0 0 0 187650692761824 187650692763680 187650692767744 281474829164065 281474829164378 281474829164378 281474829164512 0
THREAD 147 (mqmgateway_iot) S 122 122 120 52288 122 4194368 1839 0 0 0 635 250 0 0 20 0 6 0 448 383217664 4934 18446744073709551615 187650692657152 187650692756512 281474829160608 0 0 0 0 4 16386 1 0 0 -1 0 0 0 0 0 0 187650692761824 187650692763680 187650692767744 281474829164065 281474829164378 281474829164378 281474829164512 0
THREAD 148 (mqmgateway_iot) S 122 122 120 52288 122 4194368 8 0 2 0 5 12 0 0 20 0 6 0 448 383217664 4966 18446744073709551615 187650692657152 187650692756512 281474829160608 0 0 0 0 4 16386 1 0 0 -1 0 0 0 0 0 0 187650692761824 187650692763680 187650692767744 281474829164065 281474829164378 281474829164378 281474829164512 0
PROCESS 140
140 (mosquitto) R 122 122 120 52288 122 4194560 266 0 0 0 997 1791 0 0 20 0 1 0 342 4313088 603 18446744073709551615 187650512572416 187650512815384 281474199626096 0 0 0 0 4100 18947 0 0 0 17 1 0 0 0 0 0 187650512820480 187650512822440 187650512850944 281474199629578 281474199629662 281474199629662 281474199629796 0
VmHWM:	    2412 kB
VmRSS:	    2412 kB
Threads:	1
THREAD 140 (mosquitto) R 122 122 120 52288 122 4194560 266 0 0 0 999 1793 0 0 20 0 1 0 342 4313088 603 18446744073709551615 187650512572416 187650512815384 281474199626096 0 0 0 0 4100 18947 0 0 0 17 1 0 0 0 0 0 187650512820480 187650512822440 187650512850944 281474199629578 281474199629662 281474199629662 281474199629796 0
PROCESS 150
150 (mqmgateway_arm6) S 122 122 120 52288 122 4194304 320 0 2 0 886 2479 0 0 20 0 2 0 555 85700608 1998 18446744073709551615 187650612064256 187650612100028 281474048839440 0 0 0 0 6 0 0 0 0 17 0 0 0 0 0 0 187650612103632 187650612105248 187650612109312 281474048843344 281474048843601 281474048843601 281474048843735 0
VmHWM:	    7992 kB
VmRSS:	    7992 kB
Threads:	2
THREAD 150 (mqmgateway_arm6) S 122 122 120 52288 122 4194304 317 0 1 0 272 1415 0 0 20 0 2 0 555 85700608 1998 18446744073709551615 187650612064256 187650612100028 281474048839440 0 0 0 0 6 0 1 0 0 17 0 0 0 0 0 0 187650612103632 187650612105248 187650612109312 281474048843344 281474048843601 281474048843601 281474048843735 0
THREAD 154 (mosquitto loop) S 122 122 120 52288 122 4194368 3 0 1 0 612 1070 0 0 20 0 2 0 558 85700608 1998 18446744073709551615 187650612064256 187650612100028 281474048839440 0 0 0 0 6 0 1 0 0 -1 0 0 0 0 0 0 187650612103632 187650612105248 187650612109312 281474048843344 281474048843601 281474048843601 281474048843735 0
SYSTEM cpu  4742 0 5948 1049 2 0 1051 0 0 0
MemFree:          960996 kB
MemAvailable:     931036 kB
SwapFree:              0 kB
METRICS {"enqueued":234188,"dequeued":234188,"current_depth":0,"peak_depth":112,"rejected":0,"processing_latency_ms":0.272676,"published":234249,"publish_failures":0,"command_timeouts":0,"can_errors":0,"telemetry_qos":1,"mqtt_max_inflight":20,"pipeline_metrics_enabled":true,"can_pipeline":{"frames_read":234188,"parsed":234188,"rejected_frames":0,"read_errors":0,"parse":{"count":234188,"mean_us":7.36615,"max_us":5102.05,"p50_upper_us":4,"p95_upper_us":16,"p99_upper_us":128}},"telemetry_enqueued":234188,"telemetry_dequeued":234188,"telemetry_queue_wait":{"count":234188,"mean_us":270.751,"max_us":27318,"p50_upper_us":256,"p95_upper_us":1024,"p99_upper_us":4096},"command_queue_wait":{"count":0,"mean_us":0,"max_us":0,"p50_upper_us":0,"p95_upper_us":0,"p99_upper_us":0},"telemetry_worker_before_publish":{"count":234188,"mean_us":33.357,"max_us":6164.98,"p50_upper_us":32,"p95_upper_us":128,"p99_upper_us":256},"mqtt_pipeline":{"publish_calls":234249,"publish_accepted":234249,"publish_api_errors":0,"puback_received":68957,"qos0_local_completed":0,"telemetry_accepted":234188,"telemetry_puback_received":68935,"pending_tracked":4096,"pending_peak":4096,"oldest_pending_us":1.28954e+07,"tracking_dropped":161196,"unmatched_callbacks":113705,"tracking_complete":false,"publish_api":{"count":234249,"mean_us":16.6734,"max_us":5904.35,"p50_upper_us":8,"p95_upper_us":64,"p99_upper_us":256},"telemetry_puback":{"count":68935,"mean_us":2.67002e+06,"max_us":1.28926e+07,"p50_upper_us":2.09715e+06,"p95_upper_us":1.28926e+07,"p99_upper_us":1.28926e+07}}}
SAMPLE 69.83
PROCESS 142
142 (mqmgateway_iot) S 122 122 120 52288 122 4194304 4462 0 16 0 2589 2616 0 0 20 0 6 0 443 383217664 5094 18446744073709551615 187650692657152 187650692756512 281474829160608 0 0 0 0 4 16386 0 0 0 17 0 0 0 0 0 0 187650692761824 187650692763680 187650692767744 281474829164065 281474829164378 281474829164378 281474829164512 0
VmHWM:	   20376 kB
VmRSS:	   20376 kB
Threads:	6
THREAD 142 (mqmgateway_iot) S 122 122 120 52288 122 4194304 169 0 14 0 4 3 0 0 20 0 6 0 443 383217664 5094 18446744073709551615 187650692657152 187650692756512 281474829160608 0 0 0 0 4 16386 1 0 0 17 0 0 0 0 0 0 187650692761824 187650692763680 187650692767744 281474829164065 281474829164378 281474829164378 281474829164512 0
THREAD 144 (mosquitto loop) R 122 122 120 52288 122 4194368 10 0 0 0 716 1132 0 0 20 0 6 0 447 383217664 5094 18446744073709551615 187650692657152 187650692756512 281474829160608 0 0 0 0 4 16386 0 0 0 -1 1 0 0 0 0 0 187650692761824 187650692763680 187650692767744 281474829164065 281474829164378 281474829164378 281474829164512 0
THREAD 145 (mqmgateway_iot) S 122 122 120 52288 122 4194368 354 0 0 0 503 1002 0 0 20 0 6 0 448 383217664 5094 18446744073709551615 187650692657152 187650692756512 281474829160608 0 0 0 0 4 16386 1 0 0 -1 0 0 0 0 0 0 187650692761824 187650692763680 187650692767744 281474829164065 281474829164378 281474829164378 281474829164512 0
THREAD 146 (mqmgateway_iot) S 122 122 120 52288 122 4194368 1999 0 0 0 656 263 0 0 20 0 6 0 448 383217664 5094 18446744073709551615 187650692657152 187650692756512 281474829160608 0 0 0 0 4 16386 1 0 0 -1 0 0 0 0 0 0 187650692761824 187650692763680 187650692767744 281474829164065 281474829164378 281474829164378 281474829164512 0
THREAD 147 (mqmgateway_iot) S 122 122 120 52288 122 4194368 1922 0 0 0 650 257 0 0 20 0 6 0 448 383217664 5094 18446744073709551615 187650692657152 187650692756512 281474829160608 0 0 0 0 4 16386 1 0 0 -1 0 0 0 0 0 0 187650692761824 187650692763680 187650692767744 281474829164065 281474829164378 281474829164378 281474829164512 0
THREAD 148 (mqmgateway_iot) S 122 122 120 52288 122 4194368 8 0 2 0 5 13 0 0 20 0 6 0 448 383217664 5094 18446744073709551615 187650692657152 187650692756512 281474829160608 0 0 0 0 4 16386 1 0 0 -1 0 0 0 0 0 0 187650692761824 187650692763680 187650692767744 281474829164065 281474829164378 281474829164378 281474829164512 0
PROCESS 140
140 (mosquitto) R 122 122 120 52288 122 4194560 266 0 0 0 1142 2058 0 0 20 0 1 0 342 4313088 603 18446744073709551615 187650512572416 187650512815384 281474199626096 0 0 0 18947 4100 18947 0 0 0 17 0 0 0 0 0 0 187650512820480 187650512822440 187650512850944 281474199629578 281474199629662 281474199629662 281474199629796 0
VmHWM:	    2412 kB
VmRSS:	    2412 kB
Threads:	1
THREAD 140 (mosquitto) R 122 122 120 52288 122 4194560 266 0 0 0 1142 2059 0 0 20 0 1 0 342 4313088 603 18446744073709551615 187650512572416 187650512815384 281474199626096 0 0 0 0 4100 18947 0 0 0 17 0 0 0 0 0 0 187650512820480 187650512822440 187650512850944 281474199629578 281474199629662 281474199629662 281474199629796 0
PROCESS 150
150 (mqmgateway_arm6) S 122 122 120 52288 122 4194304 320 0 2 0 979 2639 0 0 20 0 2 0 555 85700608 1998 18446744073709551615 187650612064256 187650612100028 281474048839440 0 0 0 0 6 0 0 0 0 17 0 0 0 0 0 0 187650612103632 187650612105248 187650612109312 281474048843344 281474048843601 281474048843601 281474048843735 0
VmHWM:	    7992 kB
VmRSS:	    7992 kB
Threads:	2
THREAD 150 (mqmgateway_arm6) S 122 122 120 52288 122 4194304 317 0 1 0 276 1440 0 0 20 0 2 0 555 85700608 1998 18446744073709551615 187650612064256 187650612100028 281474048839440 0 0 0 0 6 0 1 0 0 17 0 0 0 0 0 0 187650612103632 187650612105248 187650612109312 281474048843344 281474048843601 281474048843601 281474048843735 0
THREAD 154 (mosquitto loop) S 122 122 120 52288 122 4194368 3 0 1 0 699 1206 0 0 20 0 2 0 558 85700608 1998 18446744073709551615 187650612064256 187650612100028 281474048839440 0 0 0 0 6 0 1 0 0 -1 0 0 0 0 0 0 187650612103632 187650612105248 187650612109312 281474048843344 281474048843601 281474048843601 281474048843735 0
SYSTEM cpu  5102 0 6416 1194 2 0 1153 0 0 0
MemFree:          960792 kB
MemAvailable:     930832 kB
SwapFree:              0 kB
METRICS {"enqueued":239999,"dequeued":239999,"current_depth":0,"peak_depth":112,"rejected":0,"processing_latency_ms":0.274886,"published":240066,"publish_failures":0,"command_timeouts":0,"can_errors":0,"telemetry_qos":1,"mqtt_max_inflight":20,"pipeline_metrics_enabled":true,"can_pipeline":{"frames_read":239999,"parsed":239999,"rejected_frames":0,"read_errors":0,"parse":{"count":239999,"mean_us":7.40942,"max_us":5102.05,"p50_upper_us":4,"p95_upper_us":16,"p99_upper_us":128}},"telemetry_enqueued":239999,"telemetry_dequeued":239999,"telemetry_queue_wait":{"count":239999,"mean_us":272.948,"max_us":27318,"p50_upper_us":256,"p95_upper_us":1024,"p99_upper_us":4096},"command_queue_wait":{"count":0,"mean_us":0,"max_us":0,"p50_upper_us":0,"p95_upper_us":0,"p99_upper_us":0},"telemetry_worker_before_publish":{"count":239999,"mean_us":33.4013,"max_us":6164.98,"p50_upper_us":32,"p95_upper_us":128,"p99_upper_us":256},"mqtt_pipeline":{"publish_calls":240066,"publish_accepted":240066,"publish_api_errors":0,"puback_received":71504,"qos0_local_completed":0,"telemetry_accepted":239999,"telemetry_puback_received":71482,"pending_tracked":2032,"pending_peak":4096,"oldest_pending_us":1.14821e+07,"tracking_dropped":166530,"unmatched_callbacks":141190,"tracking_complete":false,"publish_api":{"count":240066,"mean_us":16.6782,"max_us":5904.35,"p50_upper_us":8,"p95_upper_us":64,"p99_upper_us":256},"telemetry_puback":{"count":71482,"mean_us":3.02257e+06,"max_us":1.3387e+07,"p50_upper_us":2.09715e+06,"p95_upper_us":1.3387e+07,"p99_upper_us":1.3387e+07}}}
