PIDS gateway=189 broker=186 probe=201
CLK_TCK=100 (Linux USER_HZ fallback=100 if getconf unavailable)
SAMPLE 5.96
PROCESS 189
189 (mqmgateway_iot) S 167 167 165 52288 167 4194304 178 0 16 0 3 3 0 0 20 0 6 0 481 181891072 792 18446744073709551615 187650310660096 187650310759456 281474304010224 0 0 0 0 4 16386 0 0 0 17 0 0 0 0 0 0 187650310764768 187650310766624 187650310770688 281474304011809 281474304012122 281474304012122 281474304012256 0
VmHWM:	    3168 kB
VmRSS:	    3168 kB
Threads:	6
THREAD 189 (mqmgateway_iot) S 167 167 165 52288 167 4194304 163 0 14 0 2 2 0 0 20 0 6 0 481 383217664 792 18446744073709551615 187650310660096 187650310759456 281474304010224 0 0 0 0 4 16386 1 0 0 17 0 0 0 0 0 0 187650310764768 187650310766624 187650310770688 281474304011809 281474304012122 281474304012122 281474304012256 0
THREAD 191 (mosquitto loop) R 167 167 165 52288 167 4194368 3 0 0 0 1 2 0 0 20 0 6 0 486 383217664 792 18446744073709551615 187650310660096 187650310759456 281474304010224 0 0 0 0 4 16386 0 0 0 -1 6 0 0 0 0 0 187650310764768 187650310766624 187650310770688 281474304011809 281474304012122 281474304012122 281474304012256 0
THREAD 192 (mqmgateway_iot) S 167 167 165 52288 167 4194368 5 0 0 0 2 1 0 0 20 0 6 0 486 383217664 792 18446744073709551615 187650310660096 187650310759456 281474304010224 0 0 0 0 4 16386 1 0 0 -1 2 0 0 0 0 0 187650310764768 187650310766624 187650310770688 281474304011809 281474304012122 281474304012122 281474304012256 0
THREAD 193 (mqmgateway_iot) R 167 167 165 52288 167 4194368 11 0 0 0 2 1 0 0 20 0 6 0 486 383217664 792 18446744073709551615 187650310660096 187650310759456 281474304010224 0 0 0 0 4 16386 0 0 0 -1 1 0 0 0 0 0 187650310764768 187650310766624 187650310770688 281474304011809 281474304012122 281474304012122 281474304012256 0
THREAD 194 (mqmgateway_iot) S 167 167 165 52288 167 4194368 11 0 0 0 2 1 0 0 20 0 6 0 486 383217664 792 18446744073709551615 187650310660096 187650310759456 281474304010224 0 0 0 0 4 16386 1 0 0 -1 2 0 0 0 0 0 187650310764768 187650310766624 187650310770688 281474304011809 281474304012122 281474304012122 281474304012256 0
THREAD 195 (mqmgateway_iot) S 167 167 165 52288 167 4194368 9 0 2 0 0 1 0 0 20 0 6 0 486 383217664 792 18446744073709551615 187650310660096 187650310759456 281474304010224 0 0 0 0 4 16386 1 0 0 -1 7 0 0 0 0 0 187650310764768 187650310766624 187650310770688 281474304011809 281474304012122 281474304012122 281474304012256 0
PROCESS 186
186 (mosquitto) R 167 167 165 52288 167 4194560 127 0 0 0 8 13 0 0 20 0 1 0 379 3772416 445 18446744073709551615 187650103533568 187650103776536 281474657216560 0 0 0 0 4100 18947 0 0 0 17 4 0 0 0 0 0 187650103781632 187650103783592 187650103812096 281474657218314 281474657218398 281474657218398 281474657218532 0
VmHWM:	    1780 kB
VmRSS:	    1780 kB
Threads:	1
THREAD 186 (mosquitto) R 167 167 165 52288 167 4194560 127 0 0 0 10 16 0 0 20 0 1 0 379 3772416 445 18446744073709551615 187650103533568 187650103776536 281474657216560 0 0 0 0 4100 18947 0 0 0 17 4 0 0 0 0 0 187650103781632 187650103783592 187650103812096 281474657218314 281474657218398 281474657218398 281474657218532 0
PROCESS 201
201 (mqmgateway_arm6) R 167 167 165 52288 167 4194304 319 0 2 0 16 15 0 0 20 0 2 0 593 85700608 1954 18446744073709551615 187650873044992 187650873080764 281474417945936 0 0 0 0 6 0 0 0 0 17 0 0 0 0 0 0 187650873084368 187650873085984 187650873090048 281474417950288 281474417950545 281474417950545 281474417950679 0
VmHWM:	    7816 kB
VmRSS:	    7816 kB
Threads:	2
THREAD 201 (mqmgateway_arm6) R 167 167 165 52288 167 4194304 317 0 1 0 8 11 0 0 20 0 2 0 593 85700608 1954 18446744073709551615 187650873044992 187650873080764 281474417945936 0 0 0 0 6 0 0 0 0 17 0 0 0 0 0 0 187650873084368 187650873085984 187650873090048 281474417950288 281474417950545 281474417950545 281474417950679 0
THREAD 205 (mosquitto loop) R 167 167 165 52288 167 4194368 2 0 1 0 10 10 0 0 20 0 2 0 597 85700608 1954 18446744073709551615 187650873044992 187650873080764 281474417945936 0 0 0 0 6 0 1 0 0 -1 3 0 0 0 0 0 187650873084368 187650873085984 187650873090048 281474417950288 281474417950545 281474417950545 281474417950679 0
SYSTEM cpu  210 0 200 4473 3 0 11 0 0 0
MemFree:          958952 kB
MemAvailable:     929292 kB
SwapFree:              0 kB
METRICS {"enqueued":0,"dequeued":0,"current_depth":0,"peak_depth":0,"rejected":0,"processing_latency_ms":0,"published":3,"publish_failures":0,"command_timeouts":0,"can_errors":0,"telemetry_qos":1,"mqtt_max_inflight":20,"pipeline_metrics_enabled":true,"can_pipeline":{"frames_read":0,"parsed":0,"rejected_frames":0,"read_errors":0,"parse":{"count":0,"mean_us":0,"max_us":0,"p50_upper_us":0,"p95_upper_us":0,"p99_upper_us":0}},"telemetry_enqueued":0,"telemetry_dequeued":0,"telemetry_queue_wait":{"count":0,"mean_us":0,"max_us":0,"p50_upper_us":0,"p95_upper_us":0,"p99_upper_us":0},"command_queue_wait":{"count":0,"mean_us":0,"max_us":0,"p50_upper_us":0,"p95_upper_us":0,"p99_upper_us":0},"telemetry_worker_before_publish":{"count":0,"mean_us":0,"max_us":0,"p50_upper_us":0,"p95_upper_us":0,"p99_upper_us":0},"mqtt_pipeline":{"publish_calls":3,"publish_accepted":3,"publish_api_errors":0,"puback_received":2,"qos0_local_completed":0,"telemetry_accepted":0,"telemetry_puback_received":0,"pending_tracked":1,"pending_peak":2,"oldest_pending_us":677.744,"tracking_dropped":0,"unmatched_callbacks":0,"tracking_complete":true,"publish_api":{"count":3,"mean_us":232.731,"max_us":464.064,"p50_upper_us":256,"p95_upper_us":464.064,"p99_upper_us":464.064},"telemetry_puback":{"count":0,"mean_us":0,"max_us":0,"p50_upper_us":0,"p95_upper_us":0,"p99_upper_us":0}}}
SAMPLE 11.42
PROCESS 189
189 (mqmgateway_iot) S 167 167 165 52288 167 4194304 758 0 16 0 469 430 0 0 20 0 6 0 481 383217664 1304 18446744073709551615 187650310660096 187650310759456 281474304010224 0 0 0 0 4 16386 0 0 0 17 2 0 0 0 0 0 187650310764768 187650310766624 187650310770688 281474304011809 281474304012122 281474304012122 281474304012256 0
VmHWM:	    5344 kB
VmRSS:	    5344 kB
Threads:	6
THREAD 189 (mqmgateway_iot) S 167 167 165 52288 167 4194304 163 0 14 0 2 2 0 0 20 0 6 0 481 383217664 1336 18446744073709551615 187650310660096 187650310759456 281474304010224 0 0 0 0 4 16386 1 0 0 17 2 0 0 0 0 0 187650310764768 187650310766624 187650310770688 281474304011809 281474304012122 281474304012122 281474304012256 0
THREAD 191 (mosquitto loop) S 167 167 165 52288 167 4194368 3 0 0 0 161 199 0 0 20 0 6 0 486 383217664 1336 18446744073709551615 187650310660096 187650310759456 281474304010224 0 0 0 0 4 16386 1 0 0 -1 6 0 0 0 0 0 187650310764768 187650310766624 187650310770688 281474304011809 281474304012122 281474304012122 281474304012256 0
THREAD 192 (mqmgateway_iot) S 167 167 165 52288 167 4194368 56 0 0 0 118 130 0 0 20 0 6 0 486 383217664 1336 18446744073709551615 187650310660096 187650310759456 281474304010224 0 0 0 0 4 16386 1 0 0 -1 2 0 0 0 0 0 187650310764768 187650310766624 187650310770688 281474304011809 281474304012122 281474304012122 281474304012256 0
THREAD 193 (mqmgateway_iot) S 167 167 165 52288 167 4194368 260 0 0 0 119 50 0 0 20 0 6 0 486 383217664 1336 18446744073709551615 187650310660096 187650310759456 281474304010224 0 0 0 0 4 16386 1 0 0 -1 1 0 0 0 0 0 187650310764768 187650310766624 187650310770688 281474304011809 281474304012122 281474304012122 281474304012256 0
THREAD 194 (mqmgateway_iot) R 167 167 165 52288 167 4194368 282 0 0 0 82 44 0 0 20 0 6 0 486 383217664 1336 18446744073709551615 187650310660096 187650310759456 281474304010224 0 0 0 0 4 16386 0 0 0 -1 2 0 0 0 0 0 187650310764768 187650310766624 187650310770688 281474304011809 281474304012122 281474304012122 281474304012256 0
THREAD 195 (mqmgateway_iot) S 167 167 165 52288 167 4194368 9 0 2 0 1 3 0 0 20 0 6 0 486 383217664 1336 18446744073709551615 187650310660096 187650310759456 281474304010224 0 0 0 0 4 16386 1 0 0 -1 7 0 0 0 0 0 187650310764768 187650310766624 187650310770688 281474304011809 281474304012122 281474304012122 281474304012256 0
PROCESS 186
186 (mosquitto) R 167 167 165 52288 167 4194560 137 0 0 0 173 393 0 0 20 0 1 0 379 3772416 445 18446744073709551615 187650103533568 187650103776536 281474657216560 0 0 0 0 4100 18947 0 0 0 17 4 0 0 0 0 0 187650103781632 187650103783592 187650103812096 281474657218314 281474657218398 281474657218398 281474657218532 0
VmHWM:	    1780 kB
VmRSS:	    1780 kB
Threads:	1
THREAD 186 (mosquitto) R 167 167 165 52288 167 4194560 137 0 0 0 174 397 0 0 20 0 1 0 379 3772416 445 18446744073709551615 187650103533568 187650103776536 281474657216560 0 0 0 0 4100 18947 0 0 0 17 4 0 0 0 0 0 187650103781632 187650103783592 187650103812096 281474657218314 281474657218398 281474657218398 281474657218532 0
PROCESS 201
201 (mqmgateway_arm6) S 167 167 165 52288 167 4194304 319 0 2 0 266 361 0 0 20 0 2 0 593 85700608 1954 18446744073709551615 187650873044992 187650873080764 281474417945936 0 0 0 0 6 0 0 0 0 17 0 0 0 0 0 0 187650873084368 187650873085984 187650873090048 281474417950288 281474417950545 281474417950545 281474417950679 0
VmHWM:	    7816 kB
VmRSS:	    7816 kB
Threads:	2
THREAD 201 (mqmgateway_arm6) S 167 167 165 52288 167 4194304 317 0 1 0 116 160 0 0 20 0 2 0 593 85700608 1954 18446744073709551615 187650873044992 187650873080764 281474417945936 0 0 0 0 6 0 1 0 0 17 0 0 0 0 0 0 187650873084368 187650873085984 187650873090048 281474417950288 281474417950545 281474417950545 281474417950679 0
THREAD 205 (mosquitto loop) R 167 167 165 52288 167 4194368 2 0 1 0 152 206 0 0 20 0 2 0 597 85700608 1954 18446744073709551615 187650873044992 187650873080764 281474417945936 0 0 0 0 6 0 1 0 0 -1 3 0 0 0 0 0 187650873084368 187650873085984 187650873090048 281474417950288 281474417950545 281474417950545 281474417950679 0
SYSTEM cpu  898 0 977 6464 3 0 169 0 0 0
MemFree:          954540 kB
MemAvailable:     924896 kB
SwapFree:              0 kB
METRICS {"enqueued":14826,"dequeued":14826,"current_depth":0,"peak_depth":13,"rejected":0,"processing_latency_ms":0.167349,"published":14834,"publish_failures":0,"command_timeouts":0,"can_errors":0,"telemetry_qos":1,"mqtt_max_inflight":20,"pipeline_metrics_enabled":true,"can_pipeline":{"frames_read":14828,"parsed":14828,"rejected_frames":0,"read_errors":0,"parse":{"count":14828,"mean_us":11.3064,"max_us":1246.77,"p50_upper_us":8,"p95_upper_us":64,"p99_upper_us":128}},"telemetry_enqueued":14828,"telemetry_dequeued":14827,"telemetry_queue_wait":{"count":14827,"mean_us":162.215,"max_us":3451.62,"p50_upper_us":256,"p95_upper_us":512,"p99_upper_us":1024},"command_queue_wait":{"count":0,"mean_us":0,"max_us":0,"p50_upper_us":0,"p95_upper_us":0,"p99_upper_us":0},"telemetry_worker_before_publish":{"count":14827,"mean_us":44.2236,"max_us":2520.22,"p50_upper_us":32,"p95_upper_us":128,"p99_upper_us":512},"mqtt_pipeline":{"publish_calls":14835,"publish_accepted":14835,"publish_api_errors":0,"puback_received":8909,"qos0_local_completed":0,"telemetry_accepted":14827,"telemetry_puback_received":8903,"pending_tracked":4096,"pending_peak":4096,"oldest_pending_us":1.9747e+06,"tracking_dropped":1830,"unmatched_callbacks":0,"tracking_complete":false,"publish_api":{"count":14835,"mean_us":32.5695,"max_us":954.48,"p50_upper_us":8,"p95_upper_us":256,"p99_upper_us":512},"telemetry_puback":{"count":8903,"mean_us":1.02114e+06,"max_us":1.97419e+06,"p50_upper_us":1.04858e+06,"p95_upper_us":1.97419e+06,"p99_upper_us":1.97419e+06}}}
SAMPLE 16.87
PROCESS 189
189 (mqmgateway_iot) S 167 167 165 52288 167 4194304 1217 0 16 0 922 851 0 0 20 0 6 0 481 383217664 1752 18446744073709551615 187650310660096 187650310759456 281474304010224 0 0 0 0 4 16386 0 0 0 17 2 0 0 0 0 0 187650310764768 187650310766624 187650310770688 281474304011809 281474304012122 281474304012122 281474304012256 0
VmHWM:	    7008 kB
VmRSS:	    7008 kB
Threads:	6
THREAD 189 (mqmgateway_iot) S 167 167 165 52288 167 4194304 163 0 14 0 3 2 0 0 20 0 6 0 481 383217664 1752 18446744073709551615 187650310660096 187650310759456 281474304010224 0 0 0 0 4 16386 1 0 0 17 2 0 0 0 0 0 187650310764768 187650310766624 187650310770688 281474304011809 281474304012122 281474304012122 281474304012256 0
THREAD 191 (mosquitto loop) S 167 167 165 52288 167 4194368 4 0 0 0 304 405 0 0 20 0 6 0 486 383217664 1752 18446744073709551615 187650310660096 187650310759456 281474304010224 0 0 0 0 4 16386 1 0 0 -1 1 0 0 0 0 0 187650310764768 187650310766624 187650310770688 281474304011809 281474304012122 281474304012122 281474304012256 0
THREAD 192 (mqmgateway_iot) R 167 167 165 52288 167 4194368 100 0 0 0 245 258 0 0 20 0 6 0 486 383217664 1784 18446744073709551615 187650310660096 187650310759456 281474304010224 0 0 0 0 4 16386 0 0 0 -1 2 0 0 0 0 0 187650310764768 187650310766624 187650310770688 281474304011809 281474304012122 281474304012122 281474304012256 0
THREAD 193 (mqmgateway_iot) R 167 167 165 52288 167 4194368 464 0 0 0 213 89 0 0 20 0 6 0 486 383217664 1784 18446744073709551615 187650310660096 187650310759456 281474304010224 0 0 0 0 4 16386 0 0 0 -1 3 0 0 0 0 0 187650310764768 187650310766624 187650310770688 281474304011809 281474304012122 281474304012122 281474304012256 0
THREAD 194 (mqmgateway_iot) S 167 167 165 52288 167 4194368 490 0 0 0 172 88 0 0 20 0 6 0 486 383217664 1784 18446744073709551615 187650310660096 187650310759456 281474304010224 0 0 0 0 4 16386 1 0 0 -1 3 0 0 0 0 0 187650310764768 187650310766624 187650310770688 281474304011809 281474304012122 281474304012122 281474304012256 0
THREAD 195 (mqmgateway_iot) S 167 167 165 52288 167 4194368 9 0 2 0 2 4 0 0 20 0 6 0 486 383217664 1784 18446744073709551615 187650310660096 187650310759456 281474304010224 0 0 0 0 4 16386 1 0 0 -1 5 0 0 0 0 0 187650310764768 187650310766624 187650310770688 281474304011809 281474304012122 281474304012122 281474304012256 0
PROCESS 186
186 (mosquitto) R 167 167 165 52288 167 4194560 137 0 0 0 326 784 0 0 20 0 1 0 379 3772416 445 18446744073709551615 187650103533568 187650103776536 281474657216560 0 0 0 0 4100 18947 0 0 0 17 4 0 0 0 0 0 187650103781632 187650103783592 187650103812096 281474657218314 281474657218398 281474657218398 281474657218532 0
VmHWM:	    1780 kB
VmRSS:	    1780 kB
Threads:	1
THREAD 186 (mosquitto) R 167 167 165 52288 167 4194560 137 0 0 0 328 787 0 0 20 0 1 0 379 3772416 445 18446744073709551615 187650103533568 187650103776536 281474657216560 0 0 0 0 4100 18947 0 0 0 17 4 0 0 0 0 0 187650103781632 187650103783592 187650103812096 281474657218314 281474657218398 281474657218398 281474657218532 0
PROCESS 201
201 (mqmgateway_arm6) R 167 167 165 52288 167 4194304 319 0 2 0 532 695 0 0 20 0 2 0 593 85700608 1954 18446744073709551615 187650873044992 187650873080764 281474417945936 0 0 0 0 6 0 0 0 0 17 5 0 0 0 0 0 187650873084368 187650873085984 187650873090048 281474417950288 281474417950545 281474417950545 281474417950679 0
VmHWM:	    7816 kB
VmRSS:	    7816 kB
Threads:	2
THREAD 201 (mqmgateway_arm6) S 167 167 165 52288 167 4194304 317 0 1 0 217 315 0 0 20 0 2 0 593 85700608 1954 18446744073709551615 187650873044992 187650873080764 281474417945936 0 0 0 0 6 0 1 0 0 17 5 0 0 0 0 0 187650873084368 187650873085984 187650873090048 281474417950288 281474417950545 281474417950545 281474417950679 0
THREAD 205 (mosquitto loop) S 167 167 165 52288 167 4194368 2 0 1 0 312 390 0 0 20 0 2 0 597 85700608 1954 18446744073709551615 187650873044992 187650873080764 281474417945936 0 0 0 0 6 0 1 0 0 -1 7 0 0 0 0 0 187650873084368 187650873085984 187650873090048 281474417950288 281474417950545 281474417950545 281474417950679 0
SYSTEM cpu  1577 0 1755 8453 4 0 322 0 0 0
MemFree:          954124 kB
MemAvailable:     924560 kB
SwapFree:              0 kB
METRICS {"enqueued":32996,"dequeued":32993,"current_depth":3,"peak_depth":13,"rejected":0,"processing_latency_ms":0.184175,"published":33016,"publish_failures":0,"command_timeouts":0,"can_errors":0,"telemetry_qos":1,"mqtt_max_inflight":20,"pipeline_metrics_enabled":true,"can_pipeline":{"frames_read":33004,"parsed":33004,"rejected_frames":0,"read_errors":0,"parse":{"count":33004,"mean_us":12.2582,"max_us":1246.77,"p50_upper_us":8,"p95_upper_us":64,"p99_upper_us":128}},"telemetry_enqueued":33004,"telemetry_dequeued":33004,"telemetry_queue_wait":{"count":33004,"mean_us":179.384,"max_us":3451.62,"p50_upper_us":256,"p95_upper_us":512,"p99_upper_us":1024},"command_queue_wait":{"count":0,"mean_us":0,"max_us":0,"p50_upper_us":0,"p95_upper_us":0,"p99_upper_us":0},"telemetry_worker_before_publish":{"count":33004,"mean_us":42.4683,"max_us":2520.22,"p50_upper_us":32,"p95_upper_us":128,"p99_upper_us":512},"mqtt_pipeline":{"publish_calls":33018,"publish_accepted":33018,"publish_api_errors":0,"puback_received":15527,"qos0_local_completed":0,"telemetry_accepted":33004,"telemetry_puback_received":15520,"pending_tracked":4096,"pending_peak":4096,"oldest_pending_us":4.17065e+06,"tracking_dropped":13395,"unmatched_callbacks":4971,"tracking_complete":false,"publish_api":{"count":33018,"mean_us":30.2352,"max_us":1017.12,"p50_upper_us":8,"p95_upper_us":256,"p99_upper_us":512},"telemetry_puback":{"count":15520,"mean_us":1.84524e+06,"max_us":4.1716e+06,"p50_upper_us":2.09715e+06,"p95_upper_us":4.1716e+06,"p99_upper_us":4.1716e+06}}}
SAMPLE 22.31
PROCESS 189
189 (mqmgateway_iot) S 167 167 165 52288 167 4194304 1751 0 16 0 1393 1255 0 0 20 0 6 0 481 383217664 2296 18446744073709551615 187650310660096 187650310759456 281474304010224 0 0 0 0 4 16386 0 0 0 17 2 0 0 0 0 0 187650310764768 187650310766624 187650310770688 281474304011809 281474304012122 281474304012122 281474304012256 0
VmHWM:	    9184 kB
VmRSS:	    9184 kB
Threads:	6
THREAD 189 (mqmgateway_iot) S 167 167 165 52288 167 4194304 163 0 14 0 3 2 0 0 20 0 6 0 481 383217664 2328 18446744073709551615 187650310660096 187650310759456 281474304010224 0 0 0 0 4 16386 1 0 0 17 2 0 0 0 0 0 187650310764768 187650310766624 187650310770688 281474304011809 281474304012122 281474304012122 281474304012256 0
THREAD 191 (mosquitto loop) S 167 167 165 52288 167 4194368 4 0 0 0 453 594 0 0 20 0 6 0 486 383217664 2328 18446744073709551615 187650310660096 187650310759456 281474304010224 0 0 0 0 4 16386 1 0 0 -1 1 0 0 0 0 0 187650310764768 187650310766624 187650310770688 281474304011809 281474304012122 281474304012122 281474304012256 0
THREAD 192 (mqmgateway_iot) R 167 167 165 52288 167 4194368 151 0 0 0 369 391 0 0 20 0 6 0 486 383217664 2328 18446744073709551615 187650310660096 187650310759456 281474304010224 0 0 0 0 4 16386 0 0 0 -1 2 0 0 0 0 0 187650310764768 187650310766624 187650310770688 281474304011809 281474304012122 281474304012122 281474304012256 0
THREAD 193 (mqmgateway_iot) S 167 167 165 52288 167 4194368 707 0 0 0 307 133 0 0 20 0 6 0 486 383217664 2328 18446744073709551615 187650310660096 187650310759456 281474304010224 0 0 0 0 4 16386 1 0 0 -1 3 0 0 0 0 0 187650310764768 187650310766624 187650310770688 281474304011809 281474304012122 281474304012122 281474304012256 0
THREAD 194 (mqmgateway_iot) R 167 167 165 52288 167 4194368 734 0 0 0 273 128 0 0 20 0 6 0 486 383217664 2328 18446744073709551615 187650310660096 187650310759456 281474304010224 0 0 0 0 4 16386 0 0 0 -1 3 0 0 0 0 0 187650310764768 187650310766624 187650310770688 281474304011809 281474304012122 281474304012122 281474304012256 0
THREAD 195 (mqmgateway_iot) S 167 167 165 52288 167 4194368 9 0 2 0 3 6 0 0 20 0 6 0 486 383217664 2328 18446744073709551615 187650310660096 187650310759456 281474304010224 0 0 0 0 4 16386 1 0 0 -1 5 0 0 0 0 0 187650310764768 187650310766624 187650310770688 281474304011809 281474304012122 281474304012122 281474304012256 0
PROCESS 186
186 (mosquitto) R 167 167 165 52288 167 4194560 137 0 0 0 489 1166 0 0 20 0 1 0 379 3772416 445 18446744073709551615 187650103533568 187650103776536 281474657216560 0 0 0 0 4100 18947 0 0 0 17 4 0 0 0 0 0 187650103781632 187650103783592 187650103812096 281474657218314 281474657218398 281474657218398 281474657218532 0
VmHWM:	    1780 kB
VmRSS:	    1780 kB
Threads:	1
THREAD 186 (mosquitto) R 167 167 165 52288 167 4194560 137 0 0 0 491 1170 0 0 20 0 1 0 379 3772416 445 18446744073709551615 187650103533568 187650103776536 281474657216560 0 0 0 0 4100 18947 0 0 0 17 4 0 0 0 0 0 187650103781632 187650103783592 187650103812096 281474657218314 281474657218398 281474657218398 281474657218532 0
PROCESS 201
201 (mqmgateway_arm6) R 167 167 165 52288 167 4194304 319 0 2 0 786 1047 0 0 20 0 2 0 593 85700608 1954 18446744073709551615 187650873044992 187650873080764 281474417945936 0 0 0 0 6 0 0 0 0 17 5 0 0 0 0 0 187650873084368 187650873085984 187650873090048 281474417950288 281474417950545 281474417950545 281474417950679 0
VmHWM:	    7816 kB
VmRSS:	    7816 kB
Threads:	2
THREAD 201 (mqmgateway_arm6) R 167 167 165 52288 167 4194304 317 0 1 0 312 486 0 0 20 0 2 0 593 85700608 1954 18446744073709551615 187650873044992 187650873080764 281474417945936 0 0 0 0 6 0 0 0 0 17 5 0 0 0 0 0 187650873084368 187650873085984 187650873090048 281474417950288 281474417950545 281474417950545 281474417950679 0
THREAD 205 (mosquitto loop) R 167 167 165 52288 167 4194368 2 0 1 0 463 577 0 0 20 0 2 0 597 85700608 1954 18446744073709551615 187650873044992 187650873080764 281474417945936 0 0 0 0 6 0 1 0 0 -1 7 0 0 0 0 0 187650873084368 187650873085984 187650873090048 281474417950288 281474417950545 281474417950545 281474417950679 0
SYSTEM cpu  2263 0 2511 10408 5 0 476 0 0 0
MemFree:          950188 kB
MemAvailable:     920632 kB
SwapFree:              0 kB
METRICS {"enqueued":48159,"dequeued":48159,"current_depth":0,"peak_depth":13,"rejected":0,"processing_latency_ms":0.188493,"published":48178,"publish_failures":0,"command_timeouts":0,"can_errors":0,"telemetry_qos":1,"mqtt_max_inflight":20,"pipeline_metrics_enabled":true,"can_pipeline":{"frames_read":48159,"parsed":48159,"rejected_frames":0,"read_errors":0,"parse":{"count":48159,"mean_us":11.6955,"max_us":1246.77,"p50_upper_us":8,"p95_upper_us":64,"p99_upper_us":128}},"telemetry_enqueued":48159,"telemetry_dequeued":48159,"telemetry_queue_wait":{"count":48159,"mean_us":183.709,"max_us":3545.78,"p50_upper_us":256,"p95_upper_us":512,"p99_upper_us":1024},"command_queue_wait":{"count":0,"mean_us":0,"max_us":0,"p50_upper_us":0,"p95_upper_us":0,"p99_upper_us":0},"telemetry_worker_before_publish":{"count":48159,"mean_us":42.2105,"max_us":2520.22,"p50_upper_us":32,"p95_upper_us":128,"p99_upper_us":512},"mqtt_pipeline":{"publish_calls":48178,"publish_accepted":48178,"publish_api_errors":0,"puback_received":18780,"qos0_local_completed":0,"telemetry_accepted":48159,"telemetry_puback_received":18771,"pending_tracked":4095,"pending_peak":4096,"oldest_pending_us":6.27754e+06,"tracking_dropped":25303,"unmatched_callbacks":10557,"tracking_complete":false,"publish_api":{"count":48178,"mean_us":29.7027,"max_us":1017.12,"p50_upper_us":8,"p95_upper_us":256,"p99_upper_us":512},"telemetry_puback":{"count":18771,"mean_us":2.41723e+06,"max_us":6.2782e+06,"p50_upper_us":2.09715e+06,"p95_upper_us":6.2782e+06,"p99_upper_us":6.2782e+06}}}
SAMPLE 27.77
PROCESS 189
189 (mqmgateway_iot) S 167 167 165 52288 167 4194304 2285 0 16 0 1881 1644 0 0 20 0 6 0 481 383217664 2808 18446744073709551615 187650310660096 187650310759456 281474304010224 0 0 0 0 4 16386 0 0 0 17 2 0 0 0 0 0 187650310764768 187650310766624 187650310770688 281474304011809 281474304012122 281474304012122 281474304012256 0
VmHWM:	   11232 kB
VmRSS:	   11232 kB
Threads:	6
THREAD 189 (mqmgateway_iot) S 167 167 165 52288 167 4194304 163 0 14 0 3 2 0 0 20 0 6 0 481 383217664 2808 18446744073709551615 187650310660096 187650310759456 281474304010224 0 0 0 0 4 16386 1 0 0 17 2 0 0 0 0 0 187650310764768 187650310766624 187650310770688 281474304011809 281474304012122 281474304012122 281474304012256 0
THREAD 191 (mosquitto loop) R 167 167 165 52288 167 4194368 5 0 0 0 606 781 0 0 20 0 6 0 486 383217664 2840 18446744073709551615 187650310660096 187650310759456 281474304010224 0 0 0 0 4 16386 0 0 0 -1 1 0 0 0 0 0 187650310764768 187650310766624 187650310770688 281474304011809 281474304012122 281474304012122 281474304012256 0
THREAD 192 (mqmgateway_iot) S 167 167 165 52288 167 4194368 200 0 0 0 500 515 0 0 20 0 6 0 486 383217664 2840 18446744073709551615 187650310660096 187650310759456 281474304010224 0 0 0 0 4 16386 1 0 0 -1 2 0 0 0 0 0 187650310764768 187650310766624 187650310770688 281474304011809 281474304012122 281474304012122 281474304012256 0
THREAD 193 (mqmgateway_iot) S 167 167 165 52288 167 4194368 950 0 0 0 412 173 0 0 20 0 6 0 486 383217664 2840 18446744073709551615 187650310660096 187650310759456 281474304010224 0 0 0 0 4 16386 1 0 0 -1 3 0 0 0 0 0 187650310764768 187650310766624 187650310770688 281474304011809 281474304012122 281474304012122 281474304012256 0
THREAD 194 (mqmgateway_iot) S 167 167 165 52288 167 4194368 973 0 0 0 371 162 0 0 20 0 6 0 486 383217664 2840 18446744073709551615 187650310660096 187650310759456 281474304010224 0 0 0 0 4 16386 1 0 0 -1 2 0 0 0 0 0 187650310764768 187650310766624 187650310770688 281474304011809 281474304012122 281474304012122 281474304012256 0
THREAD 195 (mqmgateway_iot) S 167 167 165 52288 167 4194368 9 0 2 0 3 7 0 0 20 0 6 0 486 383217664 2840 18446744073709551615 187650310660096 187650310759456 281474304010224 0 0 0 0 4 16386 1 0 0 -1 5 0 0 0 0 0 187650310764768 187650310766624 187650310770688 281474304011809 281474304012122 281474304012122 281474304012256 0
PROCESS 186
186 (mosquitto) R 167 167 165 52288 167 4194560 137 0 0 0 653 1546 0 0 20 0 1 0 379 3772416 445 18446744073709551615 187650103533568 187650103776536 281474657216560 0 0 0 0 4100 18947 0 0 0 17 4 0 0 0 0 0 187650103781632 187650103783592 187650103812096 281474657218314 281474657218398 281474657218398 281474657218532 0
VmHWM:	    1780 kB
VmRSS:	    1780 kB
Threads:	1
THREAD 186 (mosquitto) R 167 167 165 52288 167 4194560 137 0 0 0 656 1548 0 0 20 0 1 0 379 3772416 445 18446744073709551615 187650103533568 187650103776536 281474657216560 0 0 0 0 4100 18947 0 0 0 17 4 0 0 0 0 0 187650103781632 187650103783592 187650103812096 281474657218314 281474657218398 281474657218398 281474657218532 0
PROCESS 201
201 (mqmgateway_arm6) S 167 167 165 52288 167 4194304 319 0 2 0 1048 1389 0 0 20 0 2 0 593 85700608 1954 18446744073709551615 187650873044992 187650873080764 281474417945936 0 0 0 0 6 0 0 0 0 17 5 0 0 0 0 0 187650873084368 187650873085984 187650873090048 281474417950288 281474417950545 281474417950545 281474417950679 0
VmHWM:	    7816 kB
VmRSS:	    7816 kB
Threads:	2
THREAD 201 (mqmgateway_arm6) R 167 167 165 52288 167 4194304 317 0 1 0 432 627 0 0 20 0 2 0 593 85700608 1954 18446744073709551615 187650873044992 187650873080764 281474417945936 0 0 0 0 6 0 0 0 0 17 5 0 0 0 0 0 187650873084368 187650873085984 187650873090048 281474417950288 281474417950545 281474417950545 281474417950679 0
THREAD 205 (mosquitto loop) R 167 167 165 52288 167 4194368 2 0 1 0 608 776 0 0 20 0 2 0 597 85700608 1954 18446744073709551615 187650873044992 187650873080764 281474417945936 0 0 0 0 6 0 0 0 0 -1 6 0 0 0 0 0 187650873084368 187650873085984 187650873090048 281474417950288 281474417950545 281474417950545 281474417950679 0
SYSTEM cpu  2973 0 3242 12387 5 0 630 0 0 0
MemFree:          948600 kB
MemAvailable:     919052 kB
SwapFree:              0 kB
METRICS {"enqueued":66341,"dequeued":66340,"current_depth":1,"peak_depth":13,"rejected":0,"processing_latency_ms":0.190652,"published":66366,"publish_failures":0,"command_timeouts":0,"can_errors":0,"telemetry_qos":1,"mqtt_max_inflight":20,"pipeline_metrics_enabled":true,"can_pipeline":{"frames_read":66341,"parsed":66341,"rejected_frames":0,"read_errors":0,"parse":{"count":66341,"mean_us":11.6137,"max_us":1246.77,"p50_upper_us":8,"p95_upper_us":64,"p99_upper_us":128}},"telemetry_enqueued":66341,"telemetry_dequeued":66341,"telemetry_queue_wait":{"count":66341,"mean_us":185.913,"max_us":5211.57,"p50_upper_us":256,"p95_upper_us":512,"p99_upper_us":1024},"command_queue_wait":{"count":0,"mean_us":0,"max_us":0,"p50_upper_us":0,"p95_upper_us":0,"p99_upper_us":0},"telemetry_worker_before_publish":{"count":66341,"mean_us":42.1588,"max_us":2520.22,"p50_upper_us":32,"p95_upper_us":128,"p99_upper_us":512},"mqtt_pipeline":{"publish_calls":66366,"publish_accepted":66366,"publish_api_errors":0,"puback_received":21208,"qos0_local_completed":0,"telemetry_accepted":66341,"telemetry_puback_received":21199,"pending_tracked":4096,"pending_peak":4096,"oldest_pending_us":8.81826e+06,"tracking_dropped":41062,"unmatched_callbacks":18692,"tracking_complete":false,"publish_api":{"count":66366,"mean_us":29.9348,"max_us":1873.68,"p50_upper_us":8,"p95_upper_us":256,"p99_upper_us":512},"telemetry_puback":{"count":21199,"mean_us":3.01184e+06,"max_us":8.81838e+06,"p50_upper_us":4.1943e+06,"p95_upper_us":8.38861e+06,"p99_upper_us":8.81838e+06}}}
SAMPLE 33.23
PROCESS 189
189 (mqmgateway_iot) S 167 167 165 52288 167 4194304 2773 0 16 0 2331 2051 0 0 20 0 6 0 481 383217664 3320 18446744073709551615 187650310660096 187650310759456 281474304010224 0 0 0 0 4 16386 0 0 0 17 2 0 0 0 0 0 187650310764768 187650310766624 187650310770688 281474304011809 281474304012122 281474304012122 281474304012256 0
VmHWM:	   13280 kB
VmRSS:	   13280 kB
Threads:	6
THREAD 189 (mqmgateway_iot) S 167 167 165 52288 167 4194304 163 0 14 0 3 2 0 0 20 0 6 0 481 383217664 3320 18446744073709551615 187650310660096 187650310759456 281474304010224 0 0 0 0 4 16386 1 0 0 17 2 0 0 0 0 0 187650310764768 187650310766624 187650310770688 281474304011809 281474304012122 281474304012122 281474304012256 0
THREAD 191 (mosquitto loop) R 167 167 165 52288 167 4194368 5 0 0 0 753 964 0 0 20 0 6 0 486 383217664 3320 18446744073709551615 187650310660096 187650310759456 281474304010224 0 0 0 0 4 16386 0 0 0 -1 1 0 0 0 0 0 187650310764768 187650310766624 187650310770688 281474304011809 281474304012122 281474304012122 281474304012256 0
THREAD 192 (mqmgateway_iot) R 167 167 165 52288 167 4194368 243 0 0 0 610 645 0 0 20 0 6 0 486 383217664 3320 18446744073709551615 187650310660096 187650310759456 281474304010224 0 0 0 0 4 16386 0 0 0 -1 2 0 0 0 0 0 187650310764768 187650310766624 187650310770688 281474304011809 281474304012122 281474304012122 281474304012256 0
THREAD 193 (mqmgateway_iot) S 167 167 165 52288 167 4194368 1155 0 0 0 527 225 0 0 20 0 6 0 486 383217664 3320 18446744073709551615 187650310660096 187650310759456 281474304010224 0 0 0 0 4 16386 1 0 0 -1 3 0 0 0 0 0 187650310764768 187650310766624 187650310770688 281474304011809 281474304012122 281474304012122 281474304012256 0
THREAD 194 (mqmgateway_iot) S 167 167 165 52288 167 4194368 1215 0 0 0 448 204 0 0 20 0 6 0 486 383217664 3320 18446744073709551615 187650310660096 187650310759456 281474304010224 0 0 0 0 4 16386 1 0 0 -1 2 0 0 0 0 0 187650310764768 187650310766624 187650310770688 281474304011809 281474304012122 281474304012122 281474304012256 0
THREAD 195 (mqmgateway_iot) S 167 167 165 52288 167 4194368 9 0 2 0 5 8 0 0 20 0 6 0 486 383217664 3320 18446744073709551615 187650310660096 187650310759456 281474304010224 0 0 0 0 4 16386 1 0 0 -1 5 0 0 0 0 0 187650310764768 187650310766624 187650310770688 281474304011809 281474304012122 281474304012122 281474304012256 0
PROCESS 186
186 (mosquitto) R 167 167 165 52288 167 4194560 137 0 0 0 814 1930 0 0 20 0 1 0 379 3772416 445 18446744073709551615 187650103533568 187650103776536 281474657216560 0 0 0 0 4100 18947 0 0 0 17 4 0 0 0 0 0 187650103781632 187650103783592 187650103812096 281474657218314 281474657218398 281474657218398 281474657218532 0
VmHWM:	    1780 kB
VmRSS:	    1780 kB
Threads:	1
THREAD 186 (mosquitto) R 167 167 165 52288 167 4194560 137 0 0 0 815 1934 0 0 20 0 1 0 379 3772416 445 18446744073709551615 187650103533568 187650103776536 281474657216560 0 0 0 0 4100 18947 0 0 0 17 4 0 0 0 0 0 187650103781632 187650103783592 187650103812096 281474657218314 281474657218398 281474657218398 281474657218532 0
PROCESS 201
201 (mqmgateway_arm6) S 167 167 165 52288 167 4194304 319 0 2 0 1335 1709 0 0 20 0 2 0 593 85700608 1954 18446744073709551615 187650873044992 187650873080764 281474417945936 0 0 0 0 6 0 0 0 0 17 5 0 0 0 0 0 187650873084368 187650873085984 187650873090048 281474417950288 281474417950545 281474417950545 281474417950679 0
VmHWM:	    7816 kB
VmRSS:	    7816 kB
Threads:	2
THREAD 201 (mqmgateway_arm6) S 167 167 165 52288 167 4194304 317 0 1 0 556 760 0 0 20 0 2 0 593 85700608 1954 18446744073709551615 187650873044992 187650873080764 281474417945936 0 0 0 0 6 0 1 0 0 17 5 0 0 0 0 0 187650873084368 187650873085984 187650873090048 281474417950288 281474417950545 281474417950545 281474417950679 0
THREAD 205 (mosquitto loop) R 167 167 165 52288 167 4194368 2 0 1 0 771 963 0 0 20 0 2 0 597 85700608 1954 18446744073709551615 187650873044992 187650873080764 281474417945936 0 0 0 0 6 0 0 0 0 -1 6 0 0 0 0 0 187650873084368 187650873085984 187650873090048 281474417950288 281474417950545 281474417950545 281474417950679 0
SYSTEM cpu  3662 0 3988 14391 5 0 786 0 0 0
MemFree:          948444 kB
MemAvailable:     918900 kB
SwapFree:              0 kB
METRICS {"enqueued":81488,"dequeued":81488,"current_depth":0,"peak_depth":13,"rejected":0,"processing_latency_ms":0.184504,"published":81518,"publish_failures":0,"command_timeouts":0,"can_errors":0,"telemetry_qos":1,"mqtt_max_inflight":20,"pipeline_metrics_enabled":true,"can_pipeline":{"frames_read":81488,"parsed":81488,"rejected_frames":0,"read_errors":0,"parse":{"count":81488,"mean_us":11.3803,"max_us":1246.77,"p50_upper_us":8,"p95_upper_us":64,"p99_upper_us":128}},"telemetry_enqueued":81488,"telemetry_dequeued":81488,"telemetry_queue_wait":{"count":81488,"mean_us":179.778,"max_us":5211.57,"p50_upper_us":256,"p95_upper_us":512,"p99_upper_us":1024},"command_queue_wait":{"count":0,"mean_us":0,"max_us":0,"p50_upper_us":0,"p95_upper_us":0,"p99_upper_us":0},"telemetry_worker_before_publish":{"count":81488,"mean_us":41.9125,"max_us":2520.22,"p50_upper_us":32,"p95_upper_us":128,"p99_upper_us":512},"mqtt_pipeline":{"publish_calls":81518,"publish_accepted":81518,"publish_api_errors":0,"puback_received":23051,"qos0_local_completed":0,"telemetry_accepted":81488,"telemetry_puback_received":23041,"pending_tracked":4096,"pending_peak":4096,"oldest_pending_us":1.0703e+07,"tracking_dropped":54371,"unmatched_callbacks":26342,"tracking_complete":false,"publish_api":{"count":81518,"mean_us":30.0235,"max_us":1873.68,"p50_upper_us":8,"p95_upper_us":256,"p99_upper_us":512},"telemetry_puback":{"count":23041,"mean_us":3.5392e+06,"max_us":1.0704e+07,"p50_upper_us":4.1943e+06,"p95_upper_us":1.0704e+07,"p99_upper_us":1.0704e+07}}}
SAMPLE 38.69
PROCESS 189
189 (mqmgateway_iot) S 167 167 165 52288 167 4194304 3267 0 16 0 2753 2495 0 0 20 0 6 0 481 383217664 3800 18446744073709551615 187650310660096 187650310759456 281474304010224 0 0 0 0 4 16386 0 0 0 17 2 0 0 0 0 0 187650310764768 187650310766624 187650310770688 281474304011809 281474304012122 281474304012122 281474304012256 0
VmHWM:	   15200 kB
VmRSS:	   15200 kB
Threads:	6
THREAD 189 (mqmgateway_iot) S 167 167 165 52288 167 4194304 163 0 14 0 3 3 0 0 20 0 6 0 481 383217664 3800 18446744073709551615 187650310660096 187650310759456 281474304010224 0 0 0 0 4 16386 1 0 0 17 2 0 0 0 0 0 187650310764768 187650310766624 187650310770688 281474304011809 281474304012122 281474304012122 281474304012256 0
THREAD 191 (mosquitto loop) S 167 167 165 52288 167 4194368 6 0 0 0 888 1169 0 0 20 0 6 0 486 383217664 3800 18446744073709551615 187650310660096 187650310759456 281474304010224 0 0 0 0 4 16386 1 0 0 -1 1 0 0 0 0 0 187650310764768 187650310766624 187650310770688 281474304011809 281474304012122 281474304012122 281474304012256 0
THREAD 192 (mqmgateway_iot) S 167 167 165 52288 167 4194368 282 0 0 0 718 777 0 0 20 0 6 0 486 383217664 3800 18446744073709551615 187650310660096 187650310759456 281474304010224 0 0 0 0 4 16386 1 0 0 -1 2 0 0 0 0 0 187650310764768 187650310766624 187650310770688 281474304011809 281474304012122 281474304012122 281474304012256 0
THREAD 193 (mqmgateway_iot) S 167 167 165 52288 167 4194368 1362 0 0 0 643 276 0 0 20 0 6 0 486 383217664 3800 18446744073709551615 187650310660096 187650310759456 281474304010224 0 0 0 0 4 16386 1 0 0 -1 3 0 0 0 0 0 187650310764768 187650310766624 187650310770688 281474304011809 281474304012122 281474304012122 281474304012256 0
THREAD 194 (mqmgateway_iot) S 167 167 165 52288 167 4194368 1462 0 0 0 521 249 0 0 20 0 6 0 486 383217664 3832 18446744073709551615 187650310660096 187650310759456 281474304010224 0 0 0 0 4 16386 1 0 0 -1 2 0 0 0 0 0 187650310764768 187650310766624 187650310770688 281474304011809 281474304012122 281474304012122 281474304012256 0
THREAD 195 (mqmgateway_iot) S 167 167 165 52288 167 4194368 9 0 2 0 5 10 0 0 20 0 6 0 486 383217664 3832 18446744073709551615 187650310660096 187650310759456 281474304010224 0 0 0 0 4 16386 1 0 0 -1 5 0 0 0 0 0 187650310764768 187650310766624 187650310770688 281474304011809 281474304012122 281474304012122 281474304012256 0
PROCESS 186
186 (mosquitto) R 167 167 165 52288 167 4194560 137 0 0 0 983 2308 0 0 20 0 1 0 379 3772416 445 18446744073709551615 187650103533568 187650103776536 281474657216560 0 0 0 0 4100 18947 0 0 0 17 4 0 0 0 0 0 187650103781632 187650103783592 187650103812096 281474657218314 281474657218398 281474657218398 281474657218532 0
VmHWM:	    1780 kB
VmRSS:	    1780 kB
Threads:	1
THREAD 186 (mosquitto) R 167 167 165 52288 167 4194560 137 0 0 0 985 2311 0 0 20 0 1 0 379 3772416 445 18446744073709551615 187650103533568 187650103776536 281474657216560 0 0 0 0 4100 18947 0 0 0 17 4 0 0 0 0 0 187650103781632 187650103783592 187650103812096 281474657218314 281474657218398 281474657218398 281474657218532 0
PROCESS 201
201 (mqmgateway_arm6) S 167 167 165 52288 167 4194304 319 0 2 0 1608 2044 0 0 20 0 2 0 593 85700608 1954 18446744073709551615 187650873044992 187650873080764 281474417945936 0 0 0 0 6 0 0 0 0 17 5 0 0 0 0 0 187650873084368 187650873085984 187650873090048 281474417950288 281474417950545 281474417950545 281474417950679 0
VmHWM:	    7816 kB
VmRSS:	    7816 kB
Threads:	2
THREAD 201 (mqmgateway_arm6) R 167 167 165 52288 167 4194304 317 0 1 0 659 916 0 0 20 0 2 0 593 85700608 1954 18446744073709551615 187650873044992 187650873080764 281474417945936 0 0 0 0 6 0 0 0 0 17 5 0 0 0 0 0 187650873084368 187650873085984 187650873090048 281474417950288 281474417950545 281474417950545 281474417950679 0
THREAD 205 (mosquitto loop) R 167 167 165 52288 167 4194368 2 0 1 0 933 1151 0 0 20 0 2 0 597 85700608 1954 18446744073709551615 187650873044992 187650873080764 281474417945936 0 0 0 0 6 0 1 0 0 -1 6 0 0 0 0 0 187650873084368 187650873085984 187650873090048 281474417950288 281474417950545 281474417950545 281474417950679 0
SYSTEM cpu  4346 0 4770 16389 6 0 944 0 0 0
MemFree:          941076 kB
MemAvailable:     911540 kB
SwapFree:              0 kB
METRICS {"enqueued":96647,"dequeued":96647,"current_depth":0,"peak_depth":13,"rejected":0,"processing_latency_ms":0.181585,"published":96682,"publish_failures":0,"command_timeouts":0,"can_errors":0,"telemetry_qos":1,"mqtt_max_inflight":20,"pipeline_metrics_enabled":true,"can_pipeline":{"frames_read":96647,"parsed":96647,"rejected_frames":0,"read_errors":0,"parse":{"count":96647,"mean_us":11.2962,"max_us":1246.77,"p50_upper_us":8,"p95_upper_us":64,"p99_upper_us":128}},"telemetry_enqueued":96647,"telemetry_dequeued":96647,"telemetry_queue_wait":{"count":96647,"mean_us":176.858,"max_us":5211.57,"p50_upper_us":256,"p95_upper_us":512,"p99_upper_us":1024},"command_queue_wait":{"count":0,"mean_us":0,"max_us":0,"p50_upper_us":0,"p95_upper_us":0,"p99_upper_us":0},"telemetry_worker_before_publish":{"count":96647,"mean_us":41.8781,"max_us":2520.22,"p50_upper_us":32,"p95_upper_us":128,"p99_upper_us":512},"mqtt_pipeline":{"publish_calls":96682,"publish_accepted":96682,"publish_api_errors":0,"puback_received":24221,"qos0_local_completed":0,"telemetry_accepted":96647,"telemetry_puback_received":24211,"pending_tracked":4095,"pending_peak":4096,"oldest_pending_us":1.26403e+07,"tracking_dropped":68366,"unmatched_callbacks":34525,"tracking_complete":false,"publish_api":{"count":96682,"mean_us":30.0947,"max_us":3877.46,"p50_upper_us":8,"p95_upper_us":256,"p99_upper_us":512},"telemetry_puback":{"count":24211,"mean_us":3.9342e+06,"max_us":1.26409e+07,"p50_upper_us":4.1943e+06,"p95_upper_us":1.26409e+07,"p99_upper_us":1.26409e+07}}}
SAMPLE 44.16
PROCESS 189
189 (mqmgateway_iot) S 167 167 165 52288 167 4194304 3780 0 16 0 3205 2931 0 0 20 0 6 0 481 383217664 4312 18446744073709551615 187650310660096 187650310759456 281474304010224 0 0 0 0 4 16386 0 0 0 17 6 0 0 0 0 0 187650310764768 187650310766624 187650310770688 281474304011809 281474304012122 281474304012122 281474304012256 0
VmHWM:	   17248 kB
VmRSS:	   17248 kB
Threads:	6
THREAD 189 (mqmgateway_iot) S 167 167 165 52288 167 4194304 163 0 14 0 3 3 0 0 20 0 6 0 481 383217664 4312 18446744073709551615 187650310660096 187650310759456 281474304010224 0 0 0 0 4 16386 1 0 0 17 6 0 0 0 0 0 187650310764768 187650310766624 187650310770688 281474304011809 281474304012122 281474304012122 281474304012256 0
THREAD 191 (mosquitto loop) R 167 167 165 52288 167 4194368 6 0 0 0 1026 1376 0 0 20 0 6 0 486 383217664 4312 18446744073709551615 187650310660096 187650310759456 281474304010224 0 0 0 0 4 16386 1 0 0 -1 1 0 0 0 0 0 187650310764768 187650310766624 187650310770688 281474304011809 281474304012122 281474304012122 281474304012256 0
THREAD 192 (mqmgateway_iot) S 167 167 165 52288 167 4194368 324 0 0 0 833 903 0 0 20 0 6 0 486 383217664 4312 18446744073709551615 187650310660096 187650310759456 281474304010224 0 0 0 0 4 16386 1 0 0 -1 4 0 0 0 0 0 187650310764768 187650310766624 187650310770688 281474304011809 281474304012122 281474304012122 281474304012256 0
THREAD 193 (mqmgateway_iot) S 167 167 165 52288 167 4194368 1564 0 0 0 765 327 0 0 20 0 6 0 486 383217664 4312 18446744073709551615 187650310660096 187650310759456 281474304010224 0 0 0 0 4 16386 1 0 0 -1 2 0 0 0 0 0 187650310764768 187650310766624 187650310770688 281474304011809 281474304012122 281474304012122 281474304012256 0
THREAD 194 (mqmgateway_iot) R 167 167 165 52288 167 4194368 1725 0 0 0 609 285 0 0 20 0 6 0 486 383217664 4312 18446744073709551615 187650310660096 187650310759456 281474304010224 0 0 0 0 4 16386 0 0 0 -1 4 0 0 0 0 0 187650310764768 187650310766624 187650310770688 281474304011809 281474304012122 281474304012122 281474304012256 0
THREAD 195 (mqmgateway_iot) S 167 167 165 52288 167 4194368 9 0 2 0 6 13 0 0 20 0 6 0 486 383217664 4312 18446744073709551615 187650310660096 187650310759456 281474304010224 0 0 0 0 4 16386 1 0 0 -1 4 0 0 0 0 0 187650310764768 187650310766624 187650310770688 281474304011809 281474304012122 281474304012122 281474304012256 0
PROCESS 186
186 (mosquitto) R 167 167 165 52288 167 4194560 138 0 0 0 1162 2674 0 0 20 0 1 0 379 3772416 445 18446744073709551615 187650103533568 187650103776536 281474657216560 0 0 0 0 4100 18947 0 0 0 17 5 0 0 0 0 0 187650103781632 187650103783592 187650103812096 281474657218314 281474657218398 281474657218398 281474657218532 0
VmHWM:	    1780 kB
VmRSS:	    1780 kB
Threads:	1
THREAD 186 (mosquitto) R 167 167 165 52288 167 4194560 138 0 0 0 1164 2677 0 0 20 0 1 0 379 3772416 445 18446744073709551615 187650103533568 187650103776536 281474657216560 0 0 0 0 4100 18947 0 0 0 17 5 0 0 0 0 0 187650103781632 187650103783592 187650103812096 281474657218314 281474657218398 281474657218398 281474657218532 0
PROCESS 201
201 (mqmgateway_arm6) R 167 167 165 52288 167 4194304 319 0 2 0 1875 2374 0 0 20 0 2 0 593 85700608 1954 18446744073709551615 187650873044992 187650873080764 281474417945936 0 0 0 0 6 0 0 0 0 17 2 0 0 0 0 0 187650873084368 187650873085984 187650873090048 281474417950288 281474417950545 281474417950545 281474417950679 0
VmHWM:	    7816 kB
VmRSS:	    7816 kB
Threads:	2
THREAD 201 (mqmgateway_arm6) R 167 167 165 52288 167 4194304 317 0 1 0 775 1054 0 0 20 0 2 0 593 85700608 1954 18446744073709551615 187650873044992 187650873080764 281474417945936 0 0 0 0 6 0 0 0 0 17 2 0 0 0 0 0 187650873084368 187650873085984 187650873090048 281474417950288 281474417950545 281474417950545 281474417950679 0
THREAD 205 (mosquitto loop) S 167 167 165 52288 167 4194368 2 0 1 0 1085 1341 0 0 20 0 2 0 597 85700608 1954 18446744073709551615 187650873044992 187650873080764 281474417945936 0 0 0 0 6 0 1 0 0 -1 3 0 0 0 0 0 187650873084368 187650873085984 187650873090048 281474417950288 281474417950545 281474417950545 281474417950679 0
SYSTEM cpu  5055 0 5526 18397 6 0 1098 0 0 0
MemFree:          941788 kB
MemAvailable:     912256 kB
SwapFree:              0 kB
METRICS {"enqueued":114834,"dequeued":114834,"current_depth":0,"peak_depth":14,"rejected":0,"processing_latency_ms":0.180969,"published":114874,"publish_failures":0,"command_timeouts":0,"can_errors":0,"telemetry_qos":1,"mqtt_max_inflight":20,"pipeline_metrics_enabled":true,"can_pipeline":{"frames_read":114834,"parsed":114834,"rejected_frames":0,"read_errors":0,"parse":{"count":114834,"mean_us":11.2468,"max_us":1246.77,"p50_upper_us":8,"p95_upper_us":64,"p99_upper_us":128}},"telemetry_enqueued":114834,"telemetry_dequeued":114834,"telemetry_queue_wait":{"count":114834,"mean_us":176.165,"max_us":5211.57,"p50_upper_us":256,"p95_upper_us":512,"p99_upper_us":1024},"command_queue_wait":{"count":0,"mean_us":0,"max_us":0,"p50_upper_us":0,"p95_upper_us":0,"p99_upper_us":0},"telemetry_worker_before_publish":{"count":114834,"mean_us":42.1565,"max_us":2520.22,"p50_upper_us":32,"p95_upper_us":128,"p99_upper_us":512},"mqtt_pipeline":{"publish_calls":114875,"publish_accepted":114875,"publish_api_errors":0,"puback_received":25919,"qos0_local_completed":0,"telemetry_accepted":114834,"telemetry_puback_received":25909,"pending_tracked":4095,"pending_peak":4096,"oldest_pending_us":1.50218e+07,"tracking_dropped":84861,"unmatched_callbacks":43872,"tracking_complete":false,"publish_api":{"count":114875,"mean_us":30.3841,"max_us":3877.46,"p50_upper_us":8,"p95_upper_us":256,"p99_upper_us":512},"telemetry_puback":{"count":25909,"mean_us":4.59427e+06,"max_us":1.50233e+07,"p50_upper_us":4.1943e+06,"p95_upper_us":1.50233e+07,"p99_upper_us":1.50233e+07}}}
SAMPLE 49.63
PROCESS 189
189 (mqmgateway_iot) S 167 167 165 52288 167 4194304 4222 0 16 0 3669 3344 0 0 20 0 6 0 481 383217664 4728 18446744073709551615 187650310660096 187650310759456 281474304010224 0 0 0 0 4 16386 0 0 0 17 6 0 0 0 0 0 187650310764768 187650310766624 187650310770688 281474304011809 281474304012122 281474304012122 281474304012256 0
VmHWM:	   19040 kB
VmRSS:	   19040 kB
Threads:	6
THREAD 189 (mqmgateway_iot) S 167 167 165 52288 167 4194304 163 0 14 0 4 4 0 0 20 0 6 0 481 383217664 4792 18446744073709551615 187650310660096 187650310759456 281474304010224 0 0 0 0 4 16386 1 0 0 17 6 0 0 0 0 0 187650310764768 187650310766624 187650310770688 281474304011809 281474304012122 281474304012122 281474304012256 0
THREAD 191 (mosquitto loop) R 167 167 165 52288 167 4194368 7 0 0 0 1168 1574 0 0 20 0 6 0 486 383217664 4792 18446744073709551615 187650310660096 187650310759456 281474304010224 0 0 0 0 4 16386 0 0 0 -1 1 0 0 0 0 0 187650310764768 187650310766624 187650310770688 281474304011809 281474304012122 281474304012122 281474304012256 0
THREAD 192 (mqmgateway_iot) S 167 167 165 52288 167 4194368 358 0 0 0 943 1029 0 0 20 0 6 0 486 383217664 4792 18446744073709551615 187650310660096 187650310759456 281474304010224 0 0 0 0 4 16386 1 0 0 -1 2 0 0 0 0 0 187650310764768 187650310766624 187650310770688 281474304011809 281474304012122 281474304012122 281474304012256 0
THREAD 193 (mqmgateway_iot) R 167 167 165 52288 167 4194368 1621 0 0 0 867 371 0 0 20 0 6 0 486 383217664 4792 18446744073709551615 187650310660096 187650310759456 281474304010224 0 0 0 0 4 16386 1 0 0 -1 4 0 0 0 0 0 187650310764768 187650310766624 187650310770688 281474304011809 281474304012122 281474304012122 281474304012256 0
THREAD 194 (mqmgateway_iot) S 167 167 165 52288 167 4194368 2079 0 0 0 717 329 0 0 20 0 6 0 486 383217664 4792 18446744073709551615 187650310660096 187650310759456 281474304010224 0 0 0 0 4 16386 1 0 0 -1 4 0 0 0 0 0 187650310764768 187650310766624 187650310770688 281474304011809 281474304012122 281474304012122 281474304012256 0
THREAD 195 (mqmgateway_iot) S 167 167 165 52288 167 4194368 9 0 2 0 7 14 0 0 20 0 6 0 486 383217664 4792 18446744073709551615 187650310660096 187650310759456 281474304010224 0 0 0 0 4 16386 1 0 0 -1 4 0 0 0 0 0 187650310764768 187650310766624 187650310770688 281474304011809 281474304012122 281474304012122 281474304012256 0
PROCESS 186
186 (mosquitto) R 167 167 165 52288 167 4194560 138 0 0 0 1347 3035 0 0 20 0 1 0 379 3772416 445 18446744073709551615 187650103533568 187650103776536 281474657216560 0 0 0 0 4100 18947 0 0 0 17 5 0 0 0 0 0 187650103781632 187650103783592 187650103812096 281474657218314 281474657218398 281474657218398 281474657218532 0
VmHWM:	    1780 kB
VmRSS:	    1780 kB
Threads:	1
THREAD 186 (mosquitto) R 167 167 165 52288 167 4194560 138 0 0 0 1347 3039 0 0 20 0 1 0 379 3772416 445 18446744073709551615 187650103533568 187650103776536 281474657216560 0 0 0 0 4100 18947 0 0 0 17 5 0 0 0 0 0 187650103781632 187650103783592 187650103812096 281474657218314 281474657218398 281474657218398 281474657218532 0
PROCESS 201
201 (mqmgateway_arm6) S 167 167 165 52288 167 4194304 319 0 2 0 2117 2703 0 0 20 0 2 0 593 85700608 1954 18446744073709551615 187650873044992 187650873080764 281474417945936 0 0 0 0 6 0 0 0 0 17 6 0 0 0 0 0 187650873084368 187650873085984 187650873090048 281474417950288 281474417950545 281474417950545 281474417950679 0
VmHWM:	    7816 kB
VmRSS:	    7816 kB
Threads:	2
THREAD 201 (mqmgateway_arm6) R 167 167 165 52288 167 4194304 317 0 1 0 865 1204 0 0 20 0 2 0 593 85700608 1954 18446744073709551615 187650873044992 187650873080764 281474417945936 0 0 0 0 6 0 0 0 0 17 6 0 0 0 0 0 187650873084368 187650873085984 187650873090048 281474417950288 281474417950545 281474417950545 281474417950679 0
THREAD 205 (mosquitto loop) R 167 167 165 52288 167 4194368 2 0 1 0 1235 1523 0 0 20 0 2 0 597 85700608 1954 18446744073709551615 187650873044992 187650873080764 281474417945936 0 0 0 0 6 0 1 0 0 -1 3 0 0 0 0 0 187650873084368 187650873085984 187650873090048 281474417950288 281474417950545 281474417950545 281474417950679 0
SYSTEM cpu  5768 0 6275 20404 6 0 1260 0 0 0
MemFree:          941864 kB
MemAvailable:     912340 kB
SwapFree:              0 kB
METRICS {"enqueued":129963,"dequeued":129962,"current_depth":1,"peak_depth":14,"rejected":0,"processing_latency_ms":0.182541,"published":130008,"publish_failures":0,"command_timeouts":0,"can_errors":0,"telemetry_qos":1,"mqtt_max_inflight":20,"pipeline_metrics_enabled":true,"can_pipeline":{"frames_read":129964,"parsed":129964,"rejected_frames":0,"read_errors":0,"parse":{"count":129964,"mean_us":11.1326,"max_us":1246.77,"p50_upper_us":8,"p95_upper_us":64,"p99_upper_us":128}},"telemetry_enqueued":129964,"telemetry_dequeued":129962,"telemetry_queue_wait":{"count":129962,"mean_us":177.685,"max_us":5211.57,"p50_upper_us":256,"p95_upper_us":512,"p99_upper_us":1024},"command_queue_wait":{"count":0,"mean_us":0,"max_us":0,"p50_upper_us":0,"p95_upper_us":0,"p99_upper_us":0},"telemetry_worker_before_publish":{"count":129962,"mean_us":42.6731,"max_us":2520.22,"p50_upper_us":32,"p95_upper_us":128,"p99_upper_us":512},"mqtt_pipeline":{"publish_calls":130008,"publish_accepted":130008,"publish_api_errors":0,"puback_received":27002,"qos0_local_completed":0,"telemetry_accepted":129962,"telemetry_puback_received":26992,"pending_tracked":4096,"pending_peak":4096,"oldest_pending_us":1.67352e+07,"tracking_dropped":98910,"unmatched_callbacks":52784,"tracking_complete":false,"publish_api":{"count":130008,"mean_us":30.1274,"max_us":3877.46,"p50_upper_us":8,"p95_upper_us":256,"p99_upper_us":512},"telemetry_puback":{"count":26992,"mean_us":5.04229e+06,"max_us":1.67341e+07,"p50_upper_us":4.1943e+06,"p95_upper_us":1.67341e+07,"p99_upper_us":1.67341e+07}}}
SAMPLE 55.09
PROCESS 189
189 (mqmgateway_iot) S 167 167 165 52288 167 4194304 4729 0 16 0 4130 3776 0 0 20 0 6 0 481 383217664 5240 18446744073709551615 187650310660096 187650310759456 281474304010224 0 0 0 0 4 16386 0 0 0 17 6 0 0 0 0 0 187650310764768 187650310766624 187650310770688 281474304011809 281474304012122 281474304012122 281474304012256 0
VmHWM:	   20960 kB
VmRSS:	   20960 kB
Threads:	6
THREAD 189 (mqmgateway_iot) S 167 167 165 52288 167 4194304 163 0 14 0 4 4 0 0 20 0 6 0 481 383217664 5272 18446744073709551615 187650310660096 187650310759456 281474304010224 0 0 0 0 4 16386 1 0 0 17 6 0 0 0 0 0 187650310764768 187650310766624 187650310770688 281474304011809 281474304012122 281474304012122 281474304012256 0
THREAD 191 (mosquitto loop) S 167 167 165 52288 167 4194368 7 0 0 0 1334 1769 0 0 20 0 6 0 486 383217664 5272 18446744073709551615 187650310660096 187650310759456 281474304010224 0 0 0 0 4 16386 1 0 0 -1 1 0 0 0 0 0 187650310764768 187650310766624 187650310770688 281474304011809 281474304012122 281474304012122 281474304012256 0
THREAD 192 (mqmgateway_iot) S 167 167 165 52288 167 4194368 388 0 0 0 1068 1164 0 0 20 0 6 0 486 383217664 5272 18446744073709551615 187650310660096 187650310759456 281474304010224 0 0 0 0 4 16386 1 0 0 -1 2 0 0 0 0 0 187650310764768 187650310766624 187650310770688 281474304011809 281474304012122 281474304012122 281474304012256 0
THREAD 193 (mqmgateway_iot) S 167 167 165 52288 167 4194368 1866 0 0 0 948 423 0 0 20 0 6 0 486 383217664 5272 18446744073709551615 187650310660096 187650310759456 281474304010224 0 0 0 0 4 16386 1 0 0 -1 4 0 0 0 0 0 187650310764768 187650310766624 187650310770688 281474304011809 281474304012122 281474304012122 281474304012256 0
THREAD 194 (mqmgateway_iot) S 167 167 165 52288 167 4194368 2311 0 0 0 804 377 0 0 20 0 6 0 486 383217664 5272 18446744073709551615 187650310660096 187650310759456 281474304010224 0 0 0 0 4 16386 1 0 0 -1 4 0 0 0 0 0 187650310764768 187650310766624 187650310770688 281474304011809 281474304012122 281474304012122 281474304012256 0
THREAD 195 (mqmgateway_iot) S 167 167 165 52288 167 4194368 10 0 2 0 8 15 0 0 20 0 6 0 486 383217664 5272 18446744073709551615 187650310660096 187650310759456 281474304010224 0 0 0 0 4 16386 1 0 0 -1 4 0 0 0 0 0 187650310764768 187650310766624 187650310770688 281474304011809 281474304012122 281474304012122 281474304012256 0
PROCESS 186
186 (mosquitto) R 167 167 165 52288 167 4194560 138 0 0 0 1518 3409 0 0 20 0 1 0 379 3772416 445 18446744073709551615 187650103533568 187650103776536 281474657216560 0 0 0 0 4100 18947 0 0 0 17 3 0 0 0 0 0 187650103781632 187650103783592 187650103812096 281474657218314 281474657218398 281474657218398 281474657218532 0
VmHWM:	    1780 kB
VmRSS:	    1780 kB
Threads:	1
THREAD 186 (mosquitto) R 167 167 165 52288 167 4194560 138 0 0 0 1520 3413 0 0 20 0 1 0 379 3772416 445 18446744073709551615 187650103533568 187650103776536 281474657216560 0 0 0 0 4100 18947 0 0 0 17 3 0 0 0 0 0 187650103781632 187650103783592 187650103812096 281474657218314 281474657218398 281474657218398 281474657218532 0
PROCESS 201
201 (mqmgateway_arm6) S 167 167 165 52288 167 4194304 319 0 2 0 2385 3055 0 0 20 0 2 0 593 85700608 1954 18446744073709551615 187650873044992 187650873080764 281474417945936 0 0 0 0 6 0 0 0 0 17 0 0 0 0 0 0 187650873084368 187650873085984 187650873090048 281474417950288 281474417950545 281474417950545 281474417950679 0
VmHWM:	    7816 kB
VmRSS:	    7816 kB
Threads:	2
THREAD 201 (mqmgateway_arm6) S 167 167 165 52288 167 4194304 317 0 1 0 975 1361 0 0 20 0 2 0 593 85700608 1954 18446744073709551615 187650873044992 187650873080764 281474417945936 0 0 0 0 6 0 1 0 0 17 0 0 0 0 0 0 187650873084368 187650873085984 187650873090048 281474417950288 281474417950545 281474417950545 281474417950679 0
THREAD 205 (mosquitto loop) R 167 167 165 52288 167 4194368 2 0 1 0 1388 1722 0 0 20 0 2 0 597 85700608 1954 18446744073709551615 187650873044992 187650873080764 281474417945936 0 0 0 0 6 0 0 0 0 -1 7 0 0 0 0 0 187650873084368 187650873085984 187650873090048 281474417950288 281474417950545 281474417950545 281474417950679 0
SYSTEM cpu  6455 0 7036 22351 6 0 1414 0 0 0
MemFree:          941180 kB
MemAvailable:     911656 kB
SwapFree:              0 kB
METRICS {"enqueued":148160,"dequeued":148159,"current_depth":1,"peak_depth":14,"rejected":0,"processing_latency_ms":0.183988,"published":148213,"publish_failures":0,"command_timeouts":0,"can_errors":0,"telemetry_qos":1,"mqtt_max_inflight":20,"pipeline_metrics_enabled":true,"can_pipeline":{"frames_read":148163,"parsed":148163,"rejected_frames":0,"read_errors":0,"parse":{"count":148163,"mean_us":11.119,"max_us":1246.77,"p50_upper_us":8,"p95_upper_us":64,"p99_upper_us":128}},"telemetry_enqueued":148163,"telemetry_dequeued":148161,"telemetry_queue_wait":{"count":148161,"mean_us":179.14,"max_us":5211.57,"p50_upper_us":256,"p95_upper_us":512,"p99_upper_us":1024},"command_queue_wait":{"count":0,"mean_us":0,"max_us":0,"p50_upper_us":0,"p95_upper_us":0,"p99_upper_us":0},"telemetry_worker_before_publish":{"count":148161,"mean_us":42.649,"max_us":2520.22,"p50_upper_us":32,"p95_upper_us":128,"p99_upper_us":512},"mqtt_pipeline":{"publish_calls":148213,"publish_accepted":148213,"publish_api_errors":0,"puback_received":27853,"qos0_local_completed":0,"telemetry_accepted":148161,"telemetry_puback_received":27843,"pending_tracked":4095,"pending_peak":4096,"oldest_pending_us":1.91577e+07,"tracking_dropped":116265,"unmatched_callbacks":62861,"tracking_complete":false,"publish_api":{"count":148213,"mean_us":30.0714,"max_us":3877.46,"p50_upper_us":8,"p95_upper_us":256,"p99_upper_us":512},"telemetry_puback":{"count":27843,"mean_us":5.43708e+06,"max_us":1.91601e+07,"p50_upper_us":4.1943e+06,"p95_upper_us":1.67772e+07,"p99_upper_us":1.91601e+07}}}
SAMPLE 60.57
PROCESS 189
189 (mqmgateway_iot) S 167 167 165 52288 167 4194304 5195 0 16 0 4568 4218 0 0 20 0 6 0 481 383217664 5720 18446744073709551615 187650310660096 187650310759456 281474304010224 0 0 0 0 4 16386 0 0 0 17 6 0 0 0 0 0 187650310764768 187650310766624 187650310770688 281474304011809 281474304012122 281474304012122 281474304012256 0
VmHWM:	   22880 kB
VmRSS:	   22880 kB
Threads:	6
THREAD 189 (mqmgateway_iot) S 167 167 165 52288 167 4194304 163 0 14 0 5 4 0 0 20 0 6 0 481 383217664 5720 18446744073709551615 187650310660096 187650310759456 281474304010224 0 0 0 0 4 16386 1 0 0 17 6 0 0 0 0 0 187650310764768 187650310766624 187650310770688 281474304011809 281474304012122 281474304012122 281474304012256 0
THREAD 191 (mosquitto loop) R 167 167 165 52288 167 4194368 7 0 0 0 1476 1980 0 0 20 0 6 0 486 383217664 5720 18446744073709551615 187650310660096 187650310759456 281474304010224 0 0 0 0 4 16386 1 0 0 -1 1 0 0 0 0 0 187650310764768 187650310766624 187650310770688 281474304011809 281474304012122 281474304012122 281474304012256 0
THREAD 192 (mqmgateway_iot) S 167 167 165 52288 167 4194368 415 0 0 0 1184 1307 0 0 20 0 6 0 486 383217664 5720 18446744073709551615 187650310660096 187650310759456 281474304010224 0 0 0 0 4 16386 1 0 0 -1 5 0 0 0 0 0 187650310764768 187650310766624 187650310770688 281474304011809 281474304012122 281474304012122 281474304012256 0
THREAD 193 (mqmgateway_iot) S 167 167 165 52288 167 4194368 2096 0 0 0 1044 461 0 0 20 0 6 0 486 383217664 5720 18446744073709551615 187650310660096 187650310759456 281474304010224 0 0 0 0 4 16386 1 0 0 -1 6 0 0 0 0 0 187650310764768 187650310766624 187650310770688 281474304011809 281474304012122 281474304012122 281474304012256 0
THREAD 194 (mqmgateway_iot) S 167 167 165 52288 167 4194368 2516 0 0 0 895 418 0 0 20 0 6 0 486 383217664 5720 18446744073709551615 187650310660096 187650310759456 281474304010224 0 0 0 0 4 16386 1 0 0 -1 5 0 0 0 0 0 187650310764768 187650310766624 187650310770688 281474304011809 281474304012122 281474304012122 281474304012256 0
THREAD 195 (mqmgateway_iot) S 167 167 165 52288 167 4194368 10 0 2 0 8 17 0 0 20 0 6 0 486 383217664 5720 18446744073709551615 187650310660096 187650310759456 281474304010224 0 0 0 0 4 16386 1 0 0 -1 2 0 0 0 0 0 187650310764768 187650310766624 187650310770688 281474304011809 281474304012122 281474304012122 281474304012256 0
PROCESS 186
186 (mosquitto) R 167 167 165 52288 167 4194560 138 0 0 0 1697 3776 0 0 20 0 1 0 379 3772416 445 18446744073709551615 187650103533568 187650103776536 281474657216560 0 0 0 0 4100 18947 0 0 0 17 3 0 0 0 0 0 187650103781632 187650103783592 187650103812096 281474657218314 281474657218398 281474657218398 281474657218532 0
VmHWM:	    1780 kB
VmRSS:	    1780 kB
Threads:	1
THREAD 186 (mosquitto) R 167 167 165 52288 167 4194560 138 0 0 0 1699 3779 0 0 20 0 1 0 379 3772416 445 18446744073709551615 187650103533568 187650103776536 281474657216560 0 0 0 0 4100 18947 0 0 0 17 3 0 0 0 0 0 187650103781632 187650103783592 187650103812096 281474657218314 281474657218398 281474657218398 281474657218532 0
PROCESS 201
201 (mqmgateway_arm6) R 167 167 165 52288 167 4194304 319 0 2 0 2656 3398 0 0 20 0 2 0 593 85700608 1954 18446744073709551615 187650873044992 187650873080764 281474417945936 0 0 0 0 6 0 0 0 0 17 6 0 0 0 0 0 187650873084368 187650873085984 187650873090048 281474417950288 281474417950545 281474417950545 281474417950679 0
VmHWM:	    7816 kB
VmRSS:	    7816 kB
Threads:	2
THREAD 201 (mqmgateway_arm6) S 167 167 165 52288 167 4194304 317 0 1 0 1097 1493 0 0 20 0 2 0 593 85700608 1954 18446744073709551615 187650873044992 187650873080764 281474417945936 0 0 0 0 6 0 1 0 0 17 6 0 0 0 0 0 187650873084368 187650873085984 187650873090048 281474417950288 281474417950545 281474417950545 281474417950679 0
THREAD 205 (mosquitto loop) R 167 167 165 52288 167 4194368 2 0 1 0 1541 1929 0 0 20 0 2 0 597 85700608 1954 18446744073709551615 187650873044992 187650873080764 281474417945936 0 0 0 0 6 0 0 0 0 -1 0 0 0 0 0 0 187650873084368 187650873085984 187650873090048 281474417950288 281474417950545 281474417950545 281474417950679 0
SYSTEM cpu  7158 0 7820 24318 7 0 1548 0 0 0
MemFree:          936848 kB
MemAvailable:     907340 kB
SwapFree:              0 kB
METRICS {"enqueued":163306,"dequeued":163304,"current_depth":2,"peak_depth":14,"rejected":0,"processing_latency_ms":0.184742,"published":163363,"publish_failures":0,"command_timeouts":0,"can_errors":0,"telemetry_qos":1,"mqtt_max_inflight":20,"pipeline_metrics_enabled":true,"can_pipeline":{"frames_read":163307,"parsed":163307,"rejected_frames":0,"read_errors":0,"parse":{"count":163307,"mean_us":11.189,"max_us":1246.77,"p50_upper_us":8,"p95_upper_us":64,"p99_upper_us":128}},"telemetry_enqueued":163306,"telemetry_dequeued":163306,"telemetry_queue_wait":{"count":163306,"mean_us":179.906,"max_us":5211.57,"p50_upper_us":256,"p95_upper_us":512,"p99_upper_us":1024},"command_queue_wait":{"count":0,"mean_us":0,"max_us":0,"p50_upper_us":0,"p95_upper_us":0,"p99_upper_us":0},"telemetry_worker_before_publish":{"count":163306,"mean_us":42.5472,"max_us":2520.22,"p50_upper_us":32,"p95_upper_us":128,"p99_upper_us":512},"mqtt_pipeline":{"publish_calls":163363,"publish_accepted":163363,"publish_api_errors":0,"puback_received":28587,"qos0_local_completed":0,"telemetry_accepted":163306,"telemetry_puback_received":28577,"pending_tracked":4096,"pending_peak":4096,"oldest_pending_us":2.09759e+07,"tracking_dropped":130680,"unmatched_callbacks":71809,"tracking_complete":false,"publish_api":{"count":163363,"mean_us":29.8524,"max_us":3877.46,"p50_upper_us":8,"p95_upper_us":256,"p99_upper_us":512},"telemetry_puback":{"count":28577,"mean_us":5.8141e+06,"max_us":2.09812e+07,"p50_upper_us":4.1943e+06,"p95_upper_us":2.09812e+07,"p99_upper_us":2.09812e+07}}}
SAMPLE 66.01
PROCESS 189
189 (mqmgateway_iot) S 167 167 165 52288 167 4194304 5534 0 16 0 5020 4614 0 0 20 0 6 0 481 383217664 6008 18446744073709551615 187650310660096 187650310759456 281474304010224 0 0 0 0 4 16386 0 0 0 17 6 0 0 0 0 0 187650310764768 187650310766624 187650310770688 281474304011809 281474304012122 281474304012122 281474304012256 0
VmHWM:	   24032 kB
VmRSS:	   24032 kB
Threads:	6
THREAD 189 (mqmgateway_iot) S 167 167 165 52288 167 4194304 163 0 14 0 5 4 0 0 20 0 6 0 481 383217664 6008 18446744073709551615 187650310660096 187650310759456 281474304010224 0 0 0 0 4 16386 1 0 0 17 6 0 0 0 0 0 187650310764768 187650310766624 187650310770688 281474304011809 281474304012122 281474304012122 281474304012256 0
THREAD 191 (mosquitto loop) R 167 167 165 52288 167 4194368 7 0 0 0 1616 2175 0 0 20 0 6 0 486 383217664 6008 18446744073709551615 187650310660096 187650310759456 281474304010224 0 0 0 0 4 16386 0 0 0 -1 3 0 0 0 0 0 187650310764768 187650310766624 187650310770688 281474304011809 281474304012122 281474304012122 281474304012256 0
THREAD 192 (mqmgateway_iot) S 167 167 165 52288 167 4194368 434 0 0 0 1282 1414 0 0 20 0 6 0 486 383217664 6008 18446744073709551615 187650310660096 187650310759456 281474304010224 0 0 0 0 4 16386 1 0 0 -1 7 0 0 0 0 0 187650310764768 187650310766624 187650310770688 281474304011809 281474304012122 281474304012122 281474304012256 0
THREAD 193 (mqmgateway_iot) S 167 167 165 52288 167 4194368 2103 0 0 0 1141 520 0 0 20 0 6 0 486 383217664 6008 18446744073709551615 187650310660096 187650310759456 281474304010224 0 0 0 0 4 16386 1 0 0 -1 6 0 0 0 0 0 187650310764768 187650310766624 187650310770688 281474304011809 281474304012122 281474304012122 281474304012256 0
THREAD 194 (mqmgateway_iot) S 167 167 165 52288 167 4194368 2817 0 0 0 993 454 0 0 20 0 6 0 486 383217664 6008 18446744073709551615 187650310660096 187650310759456 281474304010224 0 0 0 0 4 16386 1 0 0 -1 7 0 0 0 0 0 187650310764768 187650310766624 187650310770688 281474304011809 281474304012122 281474304012122 281474304012256 0
THREAD 195 (mqmgateway_iot) S 167 167 165 52288 167 4194368 10 0 2 0 9 18 0 0 20 0 6 0 486 383217664 6008 18446744073709551615 187650310660096 187650310759456 281474304010224 0 0 0 0 4 16386 1 0 0 -1 1 0 0 0 0 0 187650310764768 187650310766624 187650310770688 281474304011809 281474304012122 281474304012122 281474304012256 0
PROCESS 186
186 (mosquitto) R 167 167 165 52288 167 4194560 138 0 0 0 1863 4146 0 0 20 0 1 0 379 3772416 445 18446744073709551615 187650103533568 187650103776536 281474657216560 0 0 0 0 4100 18947 0 0 0 17 5 0 0 0 0 0 187650103781632 187650103783592 187650103812096 281474657218314 281474657218398 281474657218398 281474657218532 0
VmHWM:	    1780 kB
VmRSS:	    1780 kB
Threads:	1
THREAD 186 (mosquitto) R 167 167 165 52288 167 4194560 138 0 0 0 1864 4150 0 0 20 0 1 0 379 3772416 445 18446744073709551615 187650103533568 187650103776536 281474657216560 0 0 0 0 4100 18947 0 0 0 17 5 0 0 0 0 0 187650103781632 187650103783592 187650103812096 281474657218314 281474657218398 281474657218398 281474657218532 0
PROCESS 201
201 (mqmgateway_arm6) S 167 167 165 52288 167 4194304 319 0 2 0 2874 3732 0 0 20 0 2 0 593 85700608 1954 18446744073709551615 187650873044992 187650873080764 281474417945936 0 0 0 0 6 0 0 0 0 17 6 0 0 0 0 0 187650873084368 187650873085984 187650873090048 281474417950288 281474417950545 281474417950545 281474417950679 0
VmHWM:	    7816 kB
VmRSS:	    7816 kB
Threads:	2
THREAD 201 (mqmgateway_arm6) S 167 167 165 52288 167 4194304 317 0 1 0 1161 1638 0 0 20 0 2 0 593 85700608 1954 18446744073709551615 187650873044992 187650873080764 281474417945936 0 0 0 0 6 0 1 0 0 17 6 0 0 0 0 0 187650873084368 187650873085984 187650873090048 281474417950288 281474417950545 281474417950545 281474417950679 0
THREAD 205 (mosquitto loop) R 167 167 165 52288 167 4194368 2 0 1 0 1687 2123 0 0 20 0 2 0 597 85700608 1954 18446744073709551615 187650873044992 187650873080764 281474417945936 0 0 0 0 6 0 0 0 0 -1 1 0 0 0 0 0 187650873084368 187650873085984 187650873090048 281474417950288 281474417950545 281474417950545 281474417950679 0
SYSTEM cpu  7816 0 8570 26476 7 0 1702 0 0 0
MemFree:          932804 kB
MemAvailable:     903300 kB
SwapFree:              0 kB
METRICS {"enqueued":178483,"dequeued":178483,"current_depth":0,"peak_depth":14,"rejected":0,"processing_latency_ms":0.184297,"published":178544,"publish_failures":0,"command_timeouts":0,"can_errors":0,"telemetry_qos":1,"mqtt_max_inflight":20,"pipeline_metrics_enabled":true,"can_pipeline":{"frames_read":178485,"parsed":178485,"rejected_frames":0,"read_errors":0,"parse":{"count":178485,"mean_us":11.1411,"max_us":1487.28,"p50_upper_us":8,"p95_upper_us":64,"p99_upper_us":128}},"telemetry_enqueued":178485,"telemetry_dequeued":178485,"telemetry_queue_wait":{"count":178485,"mean_us":179.412,"max_us":5211.57,"p50_upper_us":256,"p95_upper_us":512,"p99_upper_us":1024},"command_queue_wait":{"count":0,"mean_us":0,"max_us":0,"p50_upper_us":0,"p95_upper_us":0,"p99_upper_us":0},"telemetry_worker_before_publish":{"count":178484,"mean_us":43.3007,"max_us":2520.22,"p50_upper_us":32,"p95_upper_us":128,"p99_upper_us":512},"mqtt_pipeline":{"publish_calls":178546,"publish_accepted":178546,"publish_api_errors":0,"puback_received":31361,"qos0_local_completed":0,"telemetry_accepted":178484,"telemetry_puback_received":31350,"pending_tracked":4096,"pending_peak":4096,"oldest_pending_us":2.18367e+07,"tracking_dropped":143089,"unmatched_callbacks":80361,"tracking_complete":false,"publish_api":{"count":178546,"mean_us":29.8559,"max_us":3877.46,"p50_upper_us":8,"p95_upper_us":256,"p99_upper_us":512},"telemetry_puback":{"count":31350,"mean_us":5.71013e+06,"max_us":2.18374e+07,"p50_upper_us":4.1943e+06,"p95_upper_us":2.18374e+07,"p99_upper_us":2.18374e+07}}}
