PIDS gateway=159 broker=157 probe=170
CLK_TCK=100 (Linux USER_HZ fallback=100 if getconf unavailable)
SAMPLE 5.64
PROCESS 159
159 (mqmgateway_iot) S 137 137 135 52288 137 4194304 183 0 16 0 3 3 0 0 20 0 8 0 449 198799360 750 18446744073709551615 187650157596672 187650157696032 281473905671616 0 0 0 0 4 16386 0 0 0 17 2 0 0 0 0 0 187650157701344 187650157703200 187650157707264 281473905675809 281473905676122 281473905676122 281473905676256 0
VmHWM:	    3128 kB
VmRSS:	    3128 kB
Threads:	8
THREAD 159 (mqmgateway_iot) S 137 137 135 52288 137 4194304 167 0 14 0 2 1 0 0 20 0 8 0 449 534343680 782 18446744073709551615 187650157596672 187650157696032 281473905671616 0 0 0 0 4 16386 1 0 0 17 2 0 0 0 0 0 187650157701344 187650157703200 187650157707264 281473905675809 281473905676122 281473905676122 281473905676256 0
THREAD 161 (mosquitto loop) R 137 137 135 52288 137 4194368 4 0 0 0 0 2 0 0 20 0 8 0 453 534343680 782 18446744073709551615 187650157596672 187650157696032 281473905671616 0 0 0 0 4 16386 0 0 0 -1 2 0 0 0 0 0 187650157701344 187650157703200 187650157707264 281473905675809 281473905676122 281473905676122 281473905676256 0
THREAD 162 (mqmgateway_iot) R 137 137 135 52288 137 4194368 6 0 0 0 2 1 0 0 20 0 8 0 453 534343680 782 18446744073709551615 187650157596672 187650157696032 281473905671616 0 0 0 0 4 16386 0 0 0 -1 2 0 0 0 0 0 187650157701344 187650157703200 187650157707264 281473905675809 281473905676122 281473905676122 281473905676256 0
THREAD 163 (mqmgateway_iot) S 137 137 135 52288 137 4194368 7 0 0 0 1 0 0 0 20 0 8 0 453 534343680 782 18446744073709551615 187650157596672 187650157696032 281473905671616 0 0 0 0 4 16386 1 0 0 -1 2 0 0 0 0 0 187650157701344 187650157703200 187650157707264 281473905675809 281473905676122 281473905676122 281473905676256 0
THREAD 164 (mqmgateway_iot) S 137 137 135 52288 137 4194368 7 0 0 0 2 0 0 0 20 0 8 0 453 534343680 782 18446744073709551615 187650157596672 187650157696032 281473905671616 0 0 0 0 4 16386 1 0 0 -1 2 0 0 0 0 0 187650157701344 187650157703200 187650157707264 281473905675809 281473905676122 281473905676122 281473905676256 0
THREAD 165 (mqmgateway_iot) S 137 137 135 52288 137 4194368 6 0 0 0 1 0 0 0 20 0 8 0 453 534343680 782 18446744073709551615 187650157596672 187650157696032 281473905671616 0 0 0 0 4 16386 1 0 0 -1 2 0 0 0 0 0 187650157701344 187650157703200 187650157707264 281473905675809 281473905676122 281473905676122 281473905676256 0
THREAD 166 (mqmgateway_iot) S 137 137 135 52288 137 4194368 6 0 0 0 1 0 0 0 20 0 8 0 453 534343680 782 18446744073709551615 187650157596672 187650157696032 281473905671616 0 0 0 0 4 16386 1 0 0 -1 2 0 0 0 0 0 187650157701344 187650157703200 187650157707264 281473905675809 281473905676122 281473905676122 281473905676256 0
THREAD 167 (mqmgateway_iot) S 137 137 135 52288 137 4194368 8 0 2 0 0 1 0 0 20 0 8 0 453 534343680 782 18446744073709551615 187650157596672 187650157696032 281473905671616 0 0 0 0 4 16386 1 0 0 -1 1 0 0 0 0 0 187650157701344 187650157703200 187650157707264 281473905675809 281473905676122 281473905676122 281473905676256 0
PROCESS 157
157 (mosquitto) R 137 137 135 52288 137 4194560 136 0 0 0 13 19 0 0 20 0 1 0 347 3772416 476 18446744073709551615 187650149298176 187650149541144 281474556588384 0 0 0 0 4100 18947 0 0 0 17 0 0 0 0 0 0 187650149546240 187650149548200 187650149576704 281474556591882 281474556591966 281474556591966 281474556592100 0
VmHWM:	    1904 kB
VmRSS:	    1904 kB
Threads:	1
THREAD 157 (mosquitto) R 137 137 135 52288 137 4194560 136 0 0 0 15 25 0 0 20 0 1 0 347 3772416 476 18446744073709551615 187650149298176 187650149541144 281474556588384 0 0 0 0 4100 18947 0 0 0 17 0 0 0 0 0 0 187650149546240 187650149548200 187650149576704 281474556591882 281474556591966 281474556591966 281474556592100 0
PROCESS 170
170 (mqmgateway_arm6) R 137 137 135 52288 137 4194304 321 0 2 0 14 30 0 0 20 0 2 0 560 85700608 1940 18446744073709551615 187650778656768 187650778692540 281474743648208 0 0 0 0 6 0 0 0 0 17 1 0 0 0 0 0 187650778696144 187650778697760 187650778701824 281474743651920 281474743652177 281474743652177 281474743652311 0
VmHWM:	    7760 kB
VmRSS:	    7760 kB
Threads:	2
THREAD 170 (mqmgateway_arm6) S 137 137 135 52288 137 4194304 318 0 1 0 7 16 0 0 20 0 2 0 560 85700608 1940 18446744073709551615 187650778656768 187650778692540 281474743648208 0 0 0 0 6 0 1 0 0 17 1 0 0 0 0 0 187650778696144 187650778697760 187650778701824 281474743651920 281474743652177 281474743652177 281474743652311 0
THREAD 174 (mosquitto loop) R 137 137 135 52288 137 4194368 3 0 1 0 10 19 0 0 20 0 2 0 564 85700608 1940 18446744073709551615 187650778656768 187650778692540 281474743648208 0 0 0 0 6 0 0 0 0 -1 3 0 0 0 0 0 187650778696144 187650778697760 187650778701824 281474743651920 281474743652177 281474743652177 281474743652311 0
SYSTEM cpu  226 0 211 1965 3 0 17 0 0 0
MemFree:          977008 kB
MemAvailable:     947120 kB
SwapFree:              0 kB
METRICS {"enqueued":0,"dequeued":0,"current_depth":0,"peak_depth":0,"rejected":0,"processing_latency_ms":0,"published":3,"publish_failures":0,"command_timeouts":0,"can_errors":0,"telemetry_qos":1,"mqtt_max_inflight":20,"pipeline_metrics_enabled":true,"can_pipeline":{"frames_read":0,"parsed":0,"rejected_frames":0,"read_errors":0,"parse":{"count":0,"mean_us":0,"max_us":0,"p50_upper_us":0,"p95_upper_us":0,"p99_upper_us":0}},"telemetry_enqueued":0,"telemetry_dequeued":0,"telemetry_queue_wait":{"count":0,"mean_us":0,"max_us":0,"p50_upper_us":0,"p95_upper_us":0,"p99_upper_us":0},"command_queue_wait":{"count":0,"mean_us":0,"max_us":0,"p50_upper_us":0,"p95_upper_us":0,"p99_upper_us":0},"telemetry_worker_before_publish":{"count":0,"mean_us":0,"max_us":0,"p50_upper_us":0,"p95_upper_us":0,"p99_upper_us":0},"mqtt_pipeline":{"publish_calls":3,"publish_accepted":3,"publish_api_errors":0,"puback_received":2,"qos0_local_completed":0,"telemetry_accepted":0,"telemetry_puback_received":0,"pending_tracked":1,"pending_peak":2,"oldest_pending_us":884.816,"tracking_dropped":0,"unmatched_callbacks":0,"tracking_complete":true,"publish_api":{"count":3,"mean_us":233.499,"max_us":427.984,"p50_upper_us":256,"p95_upper_us":427.984,"p99_upper_us":427.984},"telemetry_puback":{"count":0,"mean_us":0,"max_us":0,"p50_upper_us":0,"p95_upper_us":0,"p99_upper_us":0}}}
SAMPLE 11.41
PROCESS 159
159 (mqmgateway_iot) S 137 137 135 52288 137 4194304 285 0 16 0 407 456 0 0 20 0 8 0 449 534343680 814 18446744073709551615 187650157596672 187650157696032 281473905671616 0 0 0 0 4 16386 0 0 0 17 2 0 0 0 0 0 187650157701344 187650157703200 187650157707264 281473905675809 281473905676122 281473905676122 281473905676256 0
VmHWM:	    3384 kB
VmRSS:	    3384 kB
Threads:	8
THREAD 159 (mqmgateway_iot) S 137 137 135 52288 137 4194304 167 0 14 0 2 2 0 0 20 0 8 0 449 534343680 846 18446744073709551615 187650157596672 187650157696032 281473905671616 0 0 0 0 4 16386 1 0 0 17 2 0 0 0 0 0 187650157701344 187650157703200 187650157707264 281473905675809 281473905676122 281473905676122 281473905676256 0
THREAD 161 (mosquitto loop) S 137 137 135 52288 137 4194368 4 0 0 0 128 200 0 0 20 0 8 0 453 534343680 846 18446744073709551615 187650157596672 187650157696032 281473905671616 0 0 0 0 4 16386 1 0 0 -1 3 0 0 0 0 0 187650157701344 187650157703200 187650157707264 281473905675809 281473905676122 281473905676122 281473905676256 0
THREAD 162 (mqmgateway_iot) S 137 137 135 52288 137 4194368 13 0 0 0 85 143 0 0 20 0 8 0 453 534343680 846 18446744073709551615 187650157596672 187650157696032 281473905671616 0 0 0 0 4 16386 1 0 0 -1 1 0 0 0 0 0 187650157701344 187650157703200 187650157707264 281473905675809 281473905676122 281473905676122 281473905676256 0
THREAD 163 (mqmgateway_iot) S 137 137 135 52288 137 4194368 27 0 0 0 47 28 0 0 20 0 8 0 453 534343680 846 18446744073709551615 187650157596672 187650157696032 281473905671616 0 0 0 0 4 16386 1 0 0 -1 2 0 0 0 0 0 187650157701344 187650157703200 187650157707264 281473905675809 281473905676122 281473905676122 281473905676256 0
THREAD 164 (mqmgateway_iot) S 137 137 135 52288 137 4194368 23 0 0 0 52 25 0 0 20 0 8 0 453 534343680 846 18446744073709551615 187650157596672 187650157696032 281473905671616 0 0 0 0 4 16386 1 0 0 -1 2 0 0 0 0 0 187650157701344 187650157703200 187650157707264 281473905675809 281473905676122 281473905676122 281473905676256 0
THREAD 165 (mqmgateway_iot) S 137 137 135 52288 137 4194368 24 0 0 0 52 29 0 0 20 0 8 0 453 534343680 846 18446744073709551615 187650157596672 187650157696032 281473905671616 0 0 0 0 4 16386 1 0 0 -1 1 0 0 0 0 0 187650157701344 187650157703200 187650157707264 281473905675809 281473905676122 281473905676122 281473905676256 0
THREAD 166 (mqmgateway_iot) R 137 137 135 52288 137 4194368 30 0 0 0 46 31 0 0 20 0 8 0 453 534343680 846 18446744073709551615 187650157596672 187650157696032 281473905671616 0 0 0 0 4 16386 0 0 0 -1 0 0 0 0 0 0 187650157701344 187650157703200 187650157707264 281473905675809 281473905676122 281473905676122 281473905676256 0
THREAD 167 (mqmgateway_iot) S 137 137 135 52288 137 4194368 8 0 2 0 0 3 0 0 20 0 8 0 453 534343680 846 18446744073709551615 187650157596672 187650157696032 281473905671616 0 0 0 0 4 16386 1 0 0 -1 3 0 0 0 0 0 187650157701344 187650157703200 187650157707264 281473905675809 281473905676122 281473905676122 281473905676256 0
PROCESS 157
157 (mosquitto) R 137 137 135 52288 137 4194560 264 0 0 0 197 347 0 0 20 0 1 0 347 4313088 572 18446744073709551615 187650149298176 187650149541144 281474556588384 0 0 0 0 4100 18947 0 0 0 17 0 0 0 0 0 0 187650149546240 187650149548200 187650149576704 281474556591882 281474556591966 281474556591966 281474556592100 0
VmHWM:	    2288 kB
VmRSS:	    2288 kB
Threads:	1
THREAD 157 (mosquitto) S 137 137 135 52288 137 4194560 264 0 0 0 199 351 0 0 20 0 1 0 347 4313088 572 18446744073709551615 187650149298176 187650149541144 281474556588384 0 0 0 18947 4100 18947 1 0 0 17 0 0 0 0 0 0 187650149546240 187650149548200 187650149576704 281474556591882 281474556591966 281474556591966 281474556592100 0
PROCESS 170
170 (mqmgateway_arm6) R 137 137 135 52288 137 4194304 321 0 2 0 193 451 0 0 20 0 2 0 560 85700608 1940 18446744073709551615 187650778656768 187650778692540 281474743648208 0 0 0 0 6 0 0 0 0 17 2 0 0 0 0 0 187650778696144 187650778697760 187650778701824 281474743651920 281474743652177 281474743652177 281474743652311 0
VmHWM:	    7760 kB
VmRSS:	    7760 kB
Threads:	2
THREAD 170 (mqmgateway_arm6) R 137 137 135 52288 137 4194304 318 0 1 0 62 196 0 0 20 0 2 0 560 85700608 1940 18446744073709551615 187650778656768 187650778692540 281474743648208 0 0 0 0 6 0 0 0 0 17 2 0 0 0 0 0 187650778696144 187650778697760 187650778701824 281474743651920 281474743652177 281474743652177 281474743652311 0
THREAD 174 (mosquitto loop) S 137 137 135 52288 137 4194368 3 0 1 0 132 263 0 0 20 0 2 0 564 85700608 1940 18446744073709551615 187650778656768 187650778692540 281474743648208 0 0 0 0 6 0 1 0 0 -1 1 0 0 0 0 0 187650778696144 187650778697760 187650778701824 281474743651920 281474743652177 281474743652177 281474743652311 0
SYSTEM cpu  963 0 1214 2165 3 0 190 0 0 0
MemFree:          974996 kB
MemAvailable:     945136 kB
SwapFree:              0 kB
METRICS {"enqueued":23852,"dequeued":23852,"current_depth":0,"peak_depth":28,"rejected":0,"processing_latency_ms":0.254714,"published":23861,"publish_failures":0,"command_timeouts":0,"can_errors":0,"telemetry_qos":1,"mqtt_max_inflight":20,"pipeline_metrics_enabled":true,"can_pipeline":{"frames_read":23853,"parsed":23853,"rejected_frames":0,"read_errors":0,"parse":{"count":23853,"mean_us":11.3959,"max_us":2997.47,"p50_upper_us":8,"p95_upper_us":32,"p99_upper_us":256}},"telemetry_enqueued":23853,"telemetry_dequeued":23852,"telemetry_queue_wait":{"count":23852,"mean_us":251.38,"max_us":6584.03,"p50_upper_us":256,"p95_upper_us":1024,"p99_upper_us":4096},"command_queue_wait":{"count":0,"mean_us":0,"max_us":0,"p50_upper_us":0,"p95_upper_us":0,"p99_upper_us":0},"telemetry_worker_before_publish":{"count":23852,"mean_us":46.1825,"max_us":6280.14,"p50_upper_us":32,"p95_upper_us":128,"p99_upper_us":512},"mqtt_pipeline":{"publish_calls":23861,"publish_accepted":23861,"publish_api_errors":0,"puback_received":22837,"qos0_local_completed":0,"telemetry_accepted":23852,"telemetry_puback_received":22829,"pending_tracked":1024,"pending_peak":1026,"oldest_pending_us":255439,"tracking_dropped":0,"unmatched_callbacks":0,"tracking_complete":true,"publish_api":{"count":23861,"mean_us":26.1751,"max_us":5114.85,"p50_upper_us":16,"p95_upper_us":128,"p99_upper_us":512},"telemetry_puback":{"count":22829,"mean_us":101836,"max_us":256194,"p50_upper_us":131072,"p95_upper_us":256194,"p99_upper_us":256194}}}
SAMPLE 17.01
PROCESS 159
159 (mqmgateway_iot) S 137 137 135 52288 137 4194304 327 0 16 0 817 923 0 0 20 0 8 0 449 534343680 846 18446744073709551615 187650157596672 187650157696032 281473905671616 0 0 0 0 4 16386 0 0 0 17 2 0 0 0 0 0 187650157701344 187650157703200 187650157707264 281473905675809 281473905676122 281473905676122 281473905676256 0
VmHWM:	    3384 kB
VmRSS:	    3384 kB
Threads:	8
THREAD 159 (mqmgateway_iot) S 137 137 135 52288 137 4194304 167 0 14 0 2 2 0 0 20 0 8 0 449 534343680 846 18446744073709551615 187650157596672 187650157696032 281473905671616 0 0 0 0 4 16386 1 0 0 17 2 0 0 0 0 0 187650157701344 187650157703200 187650157707264 281473905675809 281473905676122 281473905676122 281473905676256 0
THREAD 161 (mosquitto loop) R 137 137 135 52288 137 4194368 4 0 0 0 260 402 0 0 20 0 8 0 453 534343680 846 18446744073709551615 187650157596672 187650157696032 281473905671616 0 0 0 0 4 16386 0 0 0 -1 2 0 0 0 0 0 187650157701344 187650157703200 187650157707264 281473905675809 281473905676122 281473905676122 281473905676256 0
THREAD 162 (mqmgateway_iot) S 137 137 135 52288 137 4194368 15 0 0 0 176 294 0 0 20 0 8 0 453 534343680 846 18446744073709551615 187650157596672 187650157696032 281473905671616 0 0 0 0 4 16386 1 0 0 -1 3 0 0 0 0 0 187650157701344 187650157703200 187650157707264 281473905675809 281473905676122 281473905676122 281473905676256 0
THREAD 163 (mqmgateway_iot) S 137 137 135 52288 137 4194368 40 0 0 0 103 68 0 0 20 0 8 0 453 534343680 846 18446744073709551615 187650157596672 187650157696032 281473905671616 0 0 0 0 4 16386 1 0 0 -1 1 0 0 0 0 0 187650157701344 187650157703200 187650157707264 281473905675809 281473905676122 281473905676122 281473905676256 0
THREAD 164 (mqmgateway_iot) S 137 137 135 52288 137 4194368 33 0 0 0 95 53 0 0 20 0 8 0 453 534343680 846 18446744073709551615 187650157596672 187650157696032 281473905671616 0 0 0 0 4 16386 1 0 0 -1 1 0 0 0 0 0 187650157701344 187650157703200 187650157707264 281473905675809 281473905676122 281473905676122 281473905676256 0
THREAD 165 (mqmgateway_iot) R 137 137 135 52288 137 4194368 30 0 0 0 105 44 0 0 20 0 8 0 453 534343680 846 18446744073709551615 187650157596672 187650157696032 281473905671616 0 0 0 0 4 16386 0 0 0 -1 1 0 0 0 0 0 187650157701344 187650157703200 187650157707264 281473905675809 281473905676122 281473905676122 281473905676256 0
THREAD 166 (mqmgateway_iot) S 137 137 135 52288 137 4194368 30 0 0 0 91 54 0 0 20 0 8 0 453 534343680 846 18446744073709551615 187650157596672 187650157696032 281473905671616 0 0 0 0 4 16386 1 0 0 -1 0 0 0 0 0 0 187650157701344 187650157703200 187650157707264 281473905675809 281473905676122 281473905676122 281473905676256 0
THREAD 167 (mqmgateway_iot) S 137 137 135 52288 137 4194368 8 0 2 0 0 4 0 0 20 0 8 0 453 534343680 846 18446744073709551615 187650157596672 187650157696032 281473905671616 0 0 0 0 4 16386 1 0 0 -1 1 0 0 0 0 0 187650157701344 187650157703200 187650157707264 281473905675809 281473905676122 281473905676122 281473905676256 0
PROCESS 157
157 (mosquitto) R 137 137 135 52288 137 4194560 264 0 0 0 384 681 0 0 20 0 1 0 347 4313088 572 18446744073709551615 187650149298176 187650149541144 281474556588384 0 0 0 0 4100 18947 0 0 0 17 0 0 0 0 0 0 187650149546240 187650149548200 187650149576704 281474556591882 281474556591966 281474556591966 281474556592100 0
VmHWM:	    2288 kB
VmRSS:	    2288 kB
Threads:	1
THREAD 157 (mosquitto) R 137 137 135 52288 137 4194560 264 0 0 0 386 684 0 0 20 0 1 0 347 4313088 572 18446744073709551615 187650149298176 187650149541144 281474556588384 0 0 0 0 4100 18947 0 0 0 17 0 0 0 0 0 0 187650149546240 187650149548200 187650149576704 281474556591882 281474556591966 281474556591966 281474556592100 0
PROCESS 170
170 (mqmgateway_arm6) R 137 137 135 52288 137 4194304 321 0 2 0 375 885 0 0 20 0 2 0 560 85700608 1940 18446744073709551615 187650778656768 187650778692540 281474743648208 0 0 0 0 6 0 0 0 0 17 2 0 0 0 0 0 187650778696144 187650778697760 187650778701824 281474743651920 281474743652177 281474743652177 281474743652311 0
VmHWM:	    7760 kB
VmRSS:	    7760 kB
Threads:	2
THREAD 170 (mqmgateway_arm6) S 137 137 135 52288 137 4194304 318 0 1 0 116 381 0 0 20 0 2 0 560 85700608 1940 18446744073709551615 187650778656768 187650778692540 281474743648208 0 0 0 0 6 0 1 0 0 17 2 0 0 0 0 0 187650778696144 187650778697760 187650778701824 281474743651920 281474743652177 281474743652177 281474743652311 0
THREAD 174 (mosquitto loop) R 137 137 135 52288 137 4194368 3 0 1 0 258 510 0 0 20 0 2 0 564 85700608 1940 18446744073709551615 187650778656768 187650778692540 281474743648208 0 0 0 0 6 0 0 0 0 -1 1 0 0 0 0 0 187650778696144 187650778697760 187650778701824 281474743651920 281474743652177 281474743652177 281474743652311 0
SYSTEM cpu  1743 0 2263 2314 3 0 352 0 0 0
MemFree:          974296 kB
MemAvailable:     944444 kB
SwapFree:              0 kB
METRICS {"enqueued":44075,"dequeued":44074,"current_depth":1,"peak_depth":28,"rejected":0,"processing_latency_ms":0.260815,"published":44089,"publish_failures":0,"command_timeouts":0,"can_errors":0,"telemetry_qos":1,"mqtt_max_inflight":20,"pipeline_metrics_enabled":true,"can_pipeline":{"frames_read":44075,"parsed":44075,"rejected_frames":0,"read_errors":0,"parse":{"count":44075,"mean_us":12.3767,"max_us":2997.47,"p50_upper_us":8,"p95_upper_us":32,"p99_upper_us":256}},"telemetry_enqueued":44075,"telemetry_dequeued":44075,"telemetry_queue_wait":{"count":44075,"mean_us":257.492,"max_us":6584.03,"p50_upper_us":256,"p95_upper_us":1024,"p99_upper_us":4096},"command_queue_wait":{"count":0,"mean_us":0,"max_us":0,"p50_upper_us":0,"p95_upper_us":0,"p99_upper_us":0},"telemetry_worker_before_publish":{"count":44075,"mean_us":46.2032,"max_us":6280.14,"p50_upper_us":32,"p95_upper_us":128,"p99_upper_us":512},"mqtt_pipeline":{"publish_calls":44089,"publish_accepted":44089,"publish_api_errors":0,"puback_received":43871,"qos0_local_completed":0,"telemetry_accepted":44075,"telemetry_puback_received":43858,"pending_tracked":218,"pending_peak":1215,"oldest_pending_us":54506.6,"tracking_dropped":0,"unmatched_callbacks":0,"tracking_complete":true,"publish_api":{"count":44089,"mean_us":25.2269,"max_us":6396.94,"p50_upper_us":16,"p95_upper_us":128,"p99_upper_us":512},"telemetry_puback":{"count":43858,"mean_us":111412,"max_us":303386,"p50_upper_us":131072,"p95_upper_us":262144,"p99_upper_us":303386}}}
SAMPLE 22.72
PROCESS 159
159 (mqmgateway_iot) S 137 137 135 52288 137 4194304 331 0 16 0 1196 1368 0 0 20 0 8 0 449 534343680 846 18446744073709551615 187650157596672 187650157696032 281473905671616 0 0 0 0 4 16386 0 0 0 17 2 0 0 0 0 0 187650157701344 187650157703200 187650157707264 281473905675809 281473905676122 281473905676122 281473905676256 0
VmHWM:	    3384 kB
VmRSS:	    3384 kB
Threads:	8
THREAD 159 (mqmgateway_iot) S 137 137 135 52288 137 4194304 167 0 14 0 2 2 0 0 20 0 8 0 449 534343680 846 18446744073709551615 187650157596672 187650157696032 281473905671616 0 0 0 0 4 16386 1 0 0 17 1 0 0 0 0 0 187650157701344 187650157703200 187650157707264 281473905675809 281473905676122 281473905676122 281473905676256 0
THREAD 161 (mosquitto loop) R 137 137 135 52288 137 4194368 4 0 0 0 380 614 0 0 20 0 8 0 453 534343680 846 18446744073709551615 187650157596672 187650157696032 281473905671616 0 0 0 0 4 16386 0 0 0 -1 1 0 0 0 0 0 187650157701344 187650157703200 187650157707264 281473905675809 281473905676122 281473905676122 281473905676256 0
THREAD 162 (mqmgateway_iot) S 137 137 135 52288 137 4194368 15 0 0 0 258 424 0 0 20 0 8 0 453 534343680 846 18446744073709551615 187650157596672 187650157696032 281473905671616 0 0 0 0 4 16386 0 0 0 -1 3 0 0 0 0 0 187650157701344 187650157703200 187650157707264 281473905675809 281473905676122 281473905676122 281473905676256 0
THREAD 163 (mqmgateway_iot) R 137 137 135 52288 137 4194368 40 0 0 0 147 94 0 0 20 0 8 0 453 534343680 846 18446744073709551615 187650157596672 187650157696032 281473905671616 0 0 0 0 4 16386 0 0 0 -1 2 0 0 0 0 0 187650157701344 187650157703200 187650157707264 281473905675809 281473905676122 281473905676122 281473905676256 0
THREAD 164 (mqmgateway_iot) R 137 137 135 52288 137 4194368 36 0 0 0 134 79 0 0 20 0 8 0 453 534343680 846 18446744073709551615 187650157596672 187650157696032 281473905671616 0 0 0 0 4 16386 0 0 0 -1 0 0 0 0 0 0 187650157701344 187650157703200 187650157707264 281473905675809 281473905676122 281473905676122 281473905676256 0
THREAD 165 (mqmgateway_iot) S 137 137 135 52288 137 4194368 30 0 0 0 146 71 0 0 20 0 8 0 453 534343680 846 18446744073709551615 187650157596672 187650157696032 281473905671616 0 0 0 0 4 16386 1 0 0 -1 2 0 0 0 0 0 187650157701344 187650157703200 187650157707264 281473905675809 281473905676122 281473905676122 281473905676256 0
THREAD 166 (mqmgateway_iot) S 137 137 135 52288 137 4194368 31 0 0 0 142 81 0 0 20 0 8 0 453 534343680 846 18446744073709551615 187650157596672 187650157696032 281473905671616 0 0 0 0 4 16386 1 0 0 -1 2 0 0 0 0 0 187650157701344 187650157703200 187650157707264 281473905675809 281473905676122 281473905676122 281473905676256 0
THREAD 167 (mqmgateway_iot) S 137 137 135 52288 137 4194368 8 0 2 0 1 4 0 0 20 0 8 0 453 534343680 846 18446744073709551615 187650157596672 187650157696032 281473905671616 0 0 0 0 4 16386 1 0 0 -1 1 0 0 0 0 0 187650157701344 187650157703200 187650157707264 281473905675809 281473905676122 281473905676122 281473905676256 0
PROCESS 157
157 (mosquitto) R 137 137 135 52288 137 4194560 264 0 0 0 573 1017 0 0 20 0 1 0 347 4313088 572 18446744073709551615 187650149298176 187650149541144 281474556588384 0 0 0 0 4100 18947 0 0 0 17 0 0 0 0 0 0 187650149546240 187650149548200 187650149576704 281474556591882 281474556591966 281474556591966 281474556592100 0
VmHWM:	    2288 kB
VmRSS:	    2288 kB
Threads:	1
THREAD 157 (mosquitto) R 137 137 135 52288 137 4194560 264 0 0 0 575 1022 0 0 20 0 1 0 347 4313088 572 18446744073709551615 187650149298176 187650149541144 281474556588384 0 0 0 0 4100 18947 0 0 0 17 0 0 0 0 0 0 187650149546240 187650149548200 187650149576704 281474556591882 281474556591966 281474556591966 281474556592100 0
PROCESS 170
170 (mqmgateway_arm6) S 137 137 135 52288 137 4194304 321 0 2 0 563 1308 0 0 20 0 2 0 560 85700608 1940 18446744073709551615 187650778656768 187650778692540 281474743648208 0 0 0 0 6 0 0 0 0 17 3 0 0 0 0 0 187650778696144 187650778697760 187650778701824 281474743651920 281474743652177 281474743652177 281474743652311 0
VmHWM:	    7760 kB
VmRSS:	    7760 kB
Threads:	2
THREAD 170 (mqmgateway_arm6) R 137 137 135 52288 137 4194304 318 0 1 0 171 557 0 0 20 0 2 0 560 85700608 1940 18446744073709551615 187650778656768 187650778692540 281474743648208 0 0 0 0 6 0 0 0 0 17 3 0 0 0 0 0 187650778696144 187650778697760 187650778701824 281474743651920 281474743652177 281474743652177 281474743652311 0
THREAD 174 (mosquitto loop) S 137 137 135 52288 137 4194368 3 0 1 0 390 762 0 0 20 0 2 0 564 85700608 1940 18446744073709551615 187650778656768 187650778692540 281474743648208 0 0 0 0 6 0 1 0 0 -1 2 0 0 0 0 0 187650778696144 187650778697760 187650778701824 281474743651920 281474743652177 281474743652177 281474743652311 0
SYSTEM cpu  2509 0 3290 2504 3 0 531 0 0 0
MemFree:          974244 kB
MemAvailable:     944396 kB
SwapFree:              0 kB
METRICS {"enqueued":68327,"dequeued":68326,"current_depth":1,"peak_depth":28,"rejected":0,"processing_latency_ms":0.252053,"published":68346,"publish_failures":0,"command_timeouts":0,"can_errors":0,"telemetry_qos":1,"mqtt_max_inflight":20,"pipeline_metrics_enabled":true,"can_pipeline":{"frames_read":68328,"parsed":68328,"rejected_frames":0,"read_errors":0,"parse":{"count":68328,"mean_us":11.3305,"max_us":2997.47,"p50_upper_us":8,"p95_upper_us":32,"p99_upper_us":256}},"telemetry_enqueued":68328,"telemetry_dequeued":68327,"telemetry_queue_wait":{"count":68327,"mean_us":248.745,"max_us":6584.03,"p50_upper_us":256,"p95_upper_us":1024,"p99_upper_us":4096},"command_queue_wait":{"count":0,"mean_us":0,"max_us":0,"p50_upper_us":0,"p95_upper_us":0,"p99_upper_us":0},"telemetry_worker_before_publish":{"count":68327,"mean_us":44.9584,"max_us":6280.14,"p50_upper_us":32,"p95_upper_us":128,"p99_upper_us":512},"mqtt_pipeline":{"publish_calls":68347,"publish_accepted":68347,"publish_api_errors":0,"puback_received":68306,"qos0_local_completed":0,"telemetry_accepted":68327,"telemetry_puback_received":68287,"pending_tracked":41,"pending_peak":1215,"oldest_pending_us":10359.8,"tracking_dropped":0,"unmatched_callbacks":0,"tracking_complete":true,"publish_api":{"count":68347,"mean_us":24.706,"max_us":6396.94,"p50_upper_us":8,"p95_upper_us":128,"p99_upper_us":512},"telemetry_puback":{"count":68287,"mean_us":143090,"max_us":303386,"p50_upper_us":262144,"p95_upper_us":303386,"p99_upper_us":303386}}}
SAMPLE 28.51
PROCESS 159
159 (mqmgateway_iot) S 137 137 135 52288 137 4194304 448 0 16 0 1625 1795 0 0 20 0 8 0 449 534343680 1006 18446744073709551615 187650157596672 187650157696032 281473905671616 0 0 0 0 4 16386 0 0 0 17 2 0 0 0 0 0 187650157701344 187650157703200 187650157707264 281473905675809 281473905676122 281473905676122 281473905676256 0
VmHWM:	    4152 kB
VmRSS:	    4152 kB
Threads:	8
THREAD 159 (mqmgateway_iot) S 137 137 135 52288 137 4194304 167 0 14 0 2 3 0 0 20 0 8 0 449 534343680 1038 18446744073709551615 187650157596672 187650157696032 281473905671616 0 0 0 0 4 16386 1 0 0 17 2 0 0 0 0 0 187650157701344 187650157703200 187650157707264 281473905675809 281473905676122 281473905676122 281473905676256 0
THREAD 161 (mosquitto loop) S 137 137 135 52288 137 4194368 4 0 0 0 528 793 0 0 20 0 8 0 453 534343680 1038 18446744073709551615 187650157596672 187650157696032 281473905671616 0 0 0 0 4 16386 1 0 0 -1 0 0 0 0 0 0 187650157701344 187650157703200 187650157707264 281473905675809 281473905676122 281473905676122 281473905676256 0
THREAD 162 (mqmgateway_iot) R 137 137 135 52288 137 4194368 29 0 0 0 341 568 0 0 20 0 8 0 453 534343680 1038 18446744073709551615 187650157596672 187650157696032 281473905671616 0 0 0 0 4 16386 0 0 0 -1 1 0 0 0 0 0 187650157701344 187650157703200 187650157707264 281473905675809 281473905676122 281473905676122 281473905676256 0
THREAD 163 (mqmgateway_iot) R 137 137 135 52288 137 4194368 62 0 0 0 204 116 0 0 20 0 8 0 453 534343680 1038 18446744073709551615 187650157596672 187650157696032 281473905671616 0 0 0 0 4 16386 0 0 0 -1 1 0 0 0 0 0 187650157701344 187650157703200 187650157707264 281473905675809 281473905676122 281473905676122 281473905676256 0
THREAD 164 (mqmgateway_iot) S 137 137 135 52288 137 4194368 84 0 0 0 182 107 0 0 20 0 8 0 453 534343680 1038 18446744073709551615 187650157596672 187650157696032 281473905671616 0 0 0 0 4 16386 1 0 0 -1 0 0 0 0 0 0 187650157701344 187650157703200 187650157707264 281473905675809 281473905676122 281473905676122 281473905676256 0
THREAD 165 (mqmgateway_iot) S 137 137 135 52288 137 4194368 66 0 0 0 195 97 0 0 20 0 8 0 453 534343680 1038 18446744073709551615 187650157596672 187650157696032 281473905671616 0 0 0 0 4 16386 1 0 0 -1 2 0 0 0 0 0 187650157701344 187650157703200 187650157707264 281473905675809 281473905676122 281473905676122 281473905676256 0
THREAD 166 (mqmgateway_iot) R 137 137 135 52288 137 4194368 58 0 0 0 188 108 0 0 20 0 8 0 453 534343680 1038 18446744073709551615 187650157596672 187650157696032 281473905671616 0 0 0 0 4 16386 0 0 0 -1 3 0 0 0 0 0 187650157701344 187650157703200 187650157707264 281473905675809 281473905676122 281473905676122 281473905676256 0
THREAD 167 (mqmgateway_iot) S 137 137 135 52288 137 4194368 8 0 2 0 2 5 0 0 20 0 8 0 453 534343680 1038 18446744073709551615 187650157596672 187650157696032 281473905671616 0 0 0 0 4 16386 1 0 0 -1 0 0 0 0 0 0 187650157701344 187650157703200 187650157707264 281473905675809 281473905676122 281473905676122 281473905676256 0
PROCESS 157
157 (mosquitto) R 137 137 135 52288 137 4194560 264 0 0 0 752 1353 0 0 20 0 1 0 347 4313088 572 18446744073709551615 187650149298176 187650149541144 281474556588384 0 0 0 0 4100 18947 0 0 0 17 2 0 0 0 0 0 187650149546240 187650149548200 187650149576704 281474556591882 281474556591966 281474556591966 281474556592100 0
VmHWM:	    2288 kB
VmRSS:	    2288 kB
Threads:	1
THREAD 157 (mosquitto) R 137 137 135 52288 137 4194560 264 0 0 0 753 1357 0 0 20 0 1 0 347 4313088 572 18446744073709551615 187650149298176 187650149541144 281474556588384 0 0 0 0 4100 18947 0 0 0 17 2 0 0 0 0 0 187650149546240 187650149548200 187650149576704 281474556591882 281474556591966 281474556591966 281474556592100 0
PROCESS 170
170 (mqmgateway_arm6) R 137 137 135 52288 137 4194304 321 0 2 0 746 1704 0 0 20 0 2 0 560 85700608 1940 18446744073709551615 187650778656768 187650778692540 281474743648208 0 0 0 0 6 0 0 0 0 17 1 0 0 0 0 0 187650778696144 187650778697760 187650778701824 281474743651920 281474743652177 281474743652177 281474743652311 0
VmHWM:	    7760 kB
VmRSS:	    7760 kB
Threads:	2
THREAD 170 (mqmgateway_arm6) R 137 137 135 52288 137 4194304 318 0 1 0 231 724 0 0 20 0 2 0 560 85700608 1940 18446744073709551615 187650778656768 187650778692540 281474743648208 0 0 0 0 6 0 0 0 0 17 1 0 0 0 0 0 187650778696144 187650778697760 187650778701824 281474743651920 281474743652177 281474743652177 281474743652311 0
THREAD 174 (mosquitto loop) S 137 137 135 52288 137 4194368 3 0 1 0 512 988 0 0 20 0 2 0 564 85700608 1940 18446744073709551615 187650778656768 187650778692540 281474743648208 0 0 0 0 6 0 1 0 0 -1 0 0 0 0 0 0 187650778696144 187650778697760 187650778701824 281474743651920 281474743652177 281474743652177 281474743652311 0
SYSTEM cpu  3283 0 4248 2733 3 0 697 0 0 0
MemFree:          973568 kB
MemAvailable:     943728 kB
SwapFree:              0 kB
METRICS {"enqueued":92555,"dequeued":92554,"current_depth":1,"peak_depth":28,"rejected":0,"processing_latency_ms":0.24584,"published":92583,"publish_failures":0,"command_timeouts":0,"can_errors":0,"telemetry_qos":1,"mqtt_max_inflight":20,"pipeline_metrics_enabled":true,"can_pipeline":{"frames_read":92557,"parsed":92557,"rejected_frames":0,"read_errors":0,"parse":{"count":92557,"mean_us":11.1652,"max_us":2997.47,"p50_upper_us":8,"p95_upper_us":32,"p99_upper_us":256}},"telemetry_enqueued":92557,"telemetry_dequeued":92557,"telemetry_queue_wait":{"count":92557,"mean_us":242.428,"max_us":6584.03,"p50_upper_us":256,"p95_upper_us":1024,"p99_upper_us":4096},"command_queue_wait":{"count":0,"mean_us":0,"max_us":0,"p50_upper_us":0,"p95_upper_us":0,"p99_upper_us":0},"telemetry_worker_before_publish":{"count":92557,"mean_us":44.7408,"max_us":6280.14,"p50_upper_us":32,"p95_upper_us":128,"p99_upper_us":512},"mqtt_pipeline":{"publish_calls":92583,"publish_accepted":92583,"publish_api_errors":0,"puback_received":89629,"qos0_local_completed":0,"telemetry_accepted":92557,"telemetry_puback_received":89604,"pending_tracked":2954,"pending_peak":2955,"oldest_pending_us":738452,"tracking_dropped":0,"unmatched_callbacks":0,"tracking_complete":true,"publish_api":{"count":92583,"mean_us":24.3181,"max_us":6396.94,"p50_upper_us":8,"p95_upper_us":128,"p99_upper_us":512},"telemetry_puback":{"count":89604,"mean_us":191639,"max_us":738528,"p50_upper_us":262144,"p95_upper_us":524288,"p99_upper_us":738528}}}
SAMPLE 34.18
PROCESS 159
159 (mqmgateway_iot) S 137 137 135 52288 137 4194304 589 0 16 0 2029 2268 0 0 20 0 8 0 449 534343680 1166 18446744073709551615 187650157596672 187650157696032 281473905671616 0 0 0 0 4 16386 0 0 0 17 2 0 0 0 0 0 187650157701344 187650157703200 187650157707264 281473905675809 281473905676122 281473905676122 281473905676256 0
VmHWM:	    4664 kB
VmRSS:	    4664 kB
Threads:	8
THREAD 159 (mqmgateway_iot) S 137 137 135 52288 137 4194304 167 0 14 0 2 3 0 0 20 0 8 0 449 534343680 1166 18446744073709551615 187650157596672 187650157696032 281473905671616 0 0 0 0 4 16386 1 0 0 17 2 0 0 0 0 0 187650157701344 187650157703200 187650157707264 281473905675809 281473905676122 281473905676122 281473905676256 0
THREAD 161 (mosquitto loop) R 137 137 135 52288 137 4194368 4 0 0 0 655 1003 0 0 20 0 8 0 453 534343680 1166 18446744073709551615 187650157596672 187650157696032 281473905671616 0 0 0 0 4 16386 0 0 0 -1 3 0 0 0 0 0 187650157701344 187650157703200 187650157707264 281473905675809 281473905676122 281473905676122 281473905676256 0
THREAD 162 (mqmgateway_iot) S 137 137 135 52288 137 4194368 38 0 0 0 430 711 0 0 20 0 8 0 453 534343680 1166 18446744073709551615 187650157596672 187650157696032 281473905671616 0 0 0 0 4 16386 1 0 0 -1 2 0 0 0 0 0 187650157701344 187650157703200 187650157707264 281473905675809 281473905676122 281473905676122 281473905676256 0
THREAD 163 (mqmgateway_iot) S 137 137 135 52288 137 4194368 91 0 0 0 259 133 0 0 20 0 8 0 453 534343680 1166 18446744073709551615 187650157596672 187650157696032 281473905671616 0 0 0 0 4 16386 1 0 0 -1 0 0 0 0 0 0 187650157701344 187650157703200 187650157707264 281473905675809 281473905676122 281473905676122 281473905676256 0
THREAD 164 (mqmgateway_iot) S 137 137 135 52288 137 4194368 104 0 0 0 227 145 0 0 20 0 8 0 453 534343680 1166 18446744073709551615 187650157596672 187650157696032 281473905671616 0 0 0 0 4 16386 1 0 0 -1 1 0 0 0 0 0 187650157701344 187650157703200 187650157707264 281473905675809 281473905676122 281473905676122 281473905676256 0
THREAD 165 (mqmgateway_iot) R 137 137 135 52288 137 4194368 88 0 0 0 242 125 0 0 20 0 8 0 453 534343680 1166 18446744073709551615 187650157596672 187650157696032 281473905671616 0 0 0 0 4 16386 0 0 0 -1 3 0 0 0 0 0 187650157701344 187650157703200 187650157707264 281473905675809 281473905676122 281473905676122 281473905676256 0
THREAD 166 (mqmgateway_iot) R 137 137 135 52288 137 4194368 89 0 0 0 235 132 0 0 20 0 8 0 453 534343680 1166 18446744073709551615 187650157596672 187650157696032 281473905671616 0 0 0 0 4 16386 1 0 0 -1 0 0 0 0 0 0 187650157701344 187650157703200 187650157707264 281473905675809 281473905676122 281473905676122 281473905676256 0
THREAD 167 (mqmgateway_iot) S 137 137 135 52288 137 4194368 8 0 2 0 3 6 0 0 20 0 8 0 453 534343680 1166 18446744073709551615 187650157596672 187650157696032 281473905671616 0 0 0 0 4 16386 1 0 0 -1 3 0 0 0 0 0 187650157701344 187650157703200 187650157707264 281473905675809 281473905676122 281473905676122 281473905676256 0
PROCESS 157
157 (mosquitto) R 137 137 135 52288 137 4194560 264 0 0 0 934 1691 0 0 20 0 1 0 347 4313088 572 18446744073709551615 187650149298176 187650149541144 281474556588384 0 0 0 0 4100 18947 0 0 0 17 0 0 0 0 0 0 187650149546240 187650149548200 187650149576704 281474556591882 281474556591966 281474556591966 281474556592100 0
VmHWM:	    2288 kB
VmRSS:	    2288 kB
Threads:	1
THREAD 157 (mosquitto) R 137 137 135 52288 137 4194560 264 0 0 0 935 1694 0 0 20 0 1 0 347 4313088 572 18446744073709551615 187650149298176 187650149541144 281474556588384 0 0 0 0 4100 18947 0 0 0 17 0 0 0 0 0 0 187650149546240 187650149548200 187650149576704 281474556591882 281474556591966 281474556591966 281474556592100 0
PROCESS 170
170 (mqmgateway_arm6) S 137 137 135 52288 137 4194304 321 0 2 0 922 2122 0 0 20 0 2 0 560 85700608 1940 18446744073709551615 187650778656768 187650778692540 281474743648208 0 0 0 0 6 0 0 0 0 17 2 0 0 0 0 0 187650778696144 187650778697760 187650778701824 281474743651920 281474743652177 281474743652177 281474743652311 0
VmHWM:	    7760 kB
VmRSS:	    7760 kB
Threads:	2
THREAD 170 (mqmgateway_arm6) S 137 137 135 52288 137 4194304 318 0 1 0 283 903 0 0 20 0 2 0 560 85700608 1940 18446744073709551615 187650778656768 187650778692540 281474743648208 0 0 0 0 6 0 1 0 0 17 2 0 0 0 0 0 187650778696144 187650778697760 187650778701824 281474743651920 281474743652177 281474743652177 281474743652311 0
THREAD 174 (mosquitto loop) R 137 137 135 52288 137 4194368 3 0 1 0 634 1228 0 0 20 0 2 0 564 85700608 1940 18446744073709551615 187650778656768 187650778692540 281474743648208 0 0 0 0 6 0 0 0 0 -1 3 0 0 0 0 0 187650778696144 187650778697760 187650778701824 281474743651920 281474743652177 281474743652177 281474743652311 0
SYSTEM cpu  4043 0 5267 2891 3 0 880 0 0 0
MemFree:          973268 kB
MemAvailable:     943432 kB
SwapFree:              0 kB
METRICS {"enqueued":112778,"dequeued":112775,"current_depth":3,"peak_depth":28,"rejected":0,"processing_latency_ms":0.244618,"published":112806,"publish_failures":0,"command_timeouts":0,"can_errors":0,"telemetry_qos":1,"mqtt_max_inflight":20,"pipeline_metrics_enabled":true,"can_pipeline":{"frames_read":112779,"parsed":112779,"rejected_frames":0,"read_errors":0,"parse":{"count":112779,"mean_us":11.3203,"max_us":2997.47,"p50_upper_us":8,"p95_upper_us":32,"p99_upper_us":256}},"telemetry_enqueued":112779,"telemetry_dequeued":112775,"telemetry_queue_wait":{"count":112775,"mean_us":241.217,"max_us":6584.03,"p50_upper_us":256,"p95_upper_us":1024,"p99_upper_us":4096},"command_queue_wait":{"count":0,"mean_us":0,"max_us":0,"p50_upper_us":0,"p95_upper_us":0,"p99_upper_us":0},"telemetry_worker_before_publish":{"count":112775,"mean_us":44.8621,"max_us":6280.14,"p50_upper_us":32,"p95_upper_us":128,"p99_upper_us":512},"mqtt_pipeline":{"publish_calls":112806,"publish_accepted":112806,"publish_api_errors":0,"puback_received":109876,"qos0_local_completed":0,"telemetry_accepted":112775,"telemetry_puback_received":109846,"pending_tracked":2930,"pending_peak":4012,"oldest_pending_us":731243,"tracking_dropped":0,"unmatched_callbacks":0,"tracking_complete":true,"publish_api":{"count":112806,"mean_us":24.2577,"max_us":6396.94,"p50_upper_us":8,"p95_upper_us":128,"p99_upper_us":512},"telemetry_puback":{"count":109846,"mean_us":310871,"max_us":1.00272e+06,"p50_upper_us":262144,"p95_upper_us":1.00272e+06,"p99_upper_us":1.00272e+06}}}
SAMPLE 39.79
PROCESS 159
159 (mqmgateway_iot) S 137 137 135 52288 137 4194304 598 0 16 0 2421 2733 0 0 20 0 8 0 449 534343680 1166 18446744073709551615 187650157596672 187650157696032 281473905671616 0 0 0 0 4 16386 0 0 0 17 3 0 0 0 0 0 187650157701344 187650157703200 187650157707264 281473905675809 281473905676122 281473905676122 281473905676256 0
VmHWM:	    4664 kB
VmRSS:	    4664 kB
Threads:	8
THREAD 159 (mqmgateway_iot) S 137 137 135 52288 137 4194304 167 0 14 0 3 3 0 0 20 0 8 0 449 534343680 1166 18446744073709551615 187650157596672 187650157696032 281473905671616 0 0 0 0 4 16386 1 0 0 17 3 0 0 0 0 0 187650157701344 187650157703200 187650157707264 281473905675809 281473905676122 281473905676122 281473905676256 0
THREAD 161 (mosquitto loop) R 137 137 135 52288 137 4194368 4 0 0 0 784 1196 0 0 20 0 8 0 453 534343680 1166 18446744073709551615 187650157596672 187650157696032 281473905671616 0 0 0 0 4 16386 0 0 0 -1 2 0 0 0 0 0 187650157701344 187650157703200 187650157707264 281473905675809 281473905676122 281473905676122 281473905676256 0
THREAD 162 (mqmgateway_iot) R 137 137 135 52288 137 4194368 39 0 0 0 512 851 0 0 20 0 8 0 453 534343680 1166 18446744073709551615 187650157596672 187650157696032 281473905671616 0 0 0 0 4 16386 0 0 0 -1 2 0 0 0 0 0 187650157701344 187650157703200 187650157707264 281473905675809 281473905676122 281473905676122 281473905676256 0
THREAD 163 (mqmgateway_iot) S 137 137 135 52288 137 4194368 93 0 0 0 304 167 0 0 20 0 8 0 453 534343680 1166 18446744073709551615 187650157596672 187650157696032 281473905671616 0 0 0 0 4 16386 1 0 0 -1 0 0 0 0 0 0 187650157701344 187650157703200 187650157707264 281473905675809 281473905676122 281473905676122 281473905676256 0
THREAD 164 (mqmgateway_iot) S 137 137 135 52288 137 4194368 104 0 0 0 276 175 0 0 20 0 8 0 453 534343680 1166 18446744073709551615 187650157596672 187650157696032 281473905671616 0 0 0 0 4 16386 1 0 0 -1 2 0 0 0 0 0 187650157701344 187650157703200 187650157707264 281473905675809 281473905676122 281473905676122 281473905676256 0
THREAD 165 (mqmgateway_iot) S 137 137 135 52288 137 4194368 89 0 0 0 290 157 0 0 20 0 8 0 453 534343680 1166 18446744073709551615 187650157596672 187650157696032 281473905671616 0 0 0 0 4 16386 1 0 0 -1 3 0 0 0 0 0 187650157701344 187650157703200 187650157707264 281473905675809 281473905676122 281473905676122 281473905676256 0
THREAD 166 (mqmgateway_iot) R 137 137 135 52288 137 4194368 95 0 0 0 278 162 0 0 20 0 8 0 453 534343680 1166 18446744073709551615 187650157596672 187650157696032 281473905671616 0 0 0 0 4 16386 1 0 0 -1 1 0 0 0 0 0 187650157701344 187650157703200 187650157707264 281473905675809 281473905676122 281473905676122 281473905676256 0
THREAD 167 (mqmgateway_iot) S 137 137 135 52288 137 4194368 8 0 2 0 4 7 0 0 20 0 8 0 453 534343680 1166 18446744073709551615 187650157596672 187650157696032 281473905671616 0 0 0 0 4 16386 1 0 0 -1 3 0 0 0 0 0 187650157701344 187650157703200 187650157707264 281473905675809 281473905676122 281473905676122 281473905676256 0
PROCESS 157
157 (mosquitto) R 137 137 135 52288 137 4194560 264 0 0 0 1105 2033 0 0 20 0 1 0 347 4313088 572 18446744073709551615 187650149298176 187650149541144 281474556588384 0 0 0 0 4100 18947 0 0 0 17 0 0 0 0 0 0 187650149546240 187650149548200 187650149576704 281474556591882 281474556591966 281474556591966 281474556592100 0
VmHWM:	    2288 kB
VmRSS:	    2288 kB
Threads:	1
THREAD 157 (mosquitto) R 137 137 135 52288 137 4194560 264 0 0 0 1108 2037 0 0 20 0 1 0 347 4313088 572 18446744073709551615 187650149298176 187650149541144 281474556588384 0 0 0 18947 4100 18947 0 0 0 17 0 0 0 0 0 0 187650149546240 187650149548200 187650149576704 281474556591882 281474556591966 281474556591966 281474556592100 0
PROCESS 170
170 (mqmgateway_arm6) S 137 137 135 52288 137 4194304 321 0 2 0 1103 2543 0 0 20 0 2 0 560 85700608 1940 18446744073709551615 187650778656768 187650778692540 281474743648208 0 0 0 0 6 0 0 0 0 17 1 0 0 0 0 0 187650778696144 187650778697760 187650778701824 281474743651920 281474743652177 281474743652177 281474743652311 0
VmHWM:	    7760 kB
VmRSS:	    7760 kB
Threads:	2
THREAD 170 (mqmgateway_arm6) S 137 137 135 52288 137 4194304 318 0 1 0 335 1075 0 0 20 0 2 0 560 85700608 1940 18446744073709551615 187650778656768 187650778692540 281474743648208 0 0 0 0 6 0 1 0 0 17 0 0 0 0 0 0 187650778696144 187650778697760 187650778701824 281474743651920 281474743652177 281474743652177 281474743652311 0
THREAD 174 (mosquitto loop) R 137 137 135 52288 137 4194368 3 0 1 0 766 1482 0 0 20 0 2 0 564 85700608 1940 18446744073709551615 187650778656768 187650778692540 281474743648208 0 0 0 0 6 0 0 0 0 -1 3 0 0 0 0 0 187650778696144 187650778697760 187650778701824 281474743651920 281474743652177 281474743652177 281474743652311 0
SYSTEM cpu  4800 0 6296 3058 3 0 1060 0 0 0
MemFree:          972540 kB
MemAvailable:     942716 kB
SwapFree:              0 kB
METRICS {"enqueued":137045,"dequeued":137042,"current_depth":3,"peak_depth":42,"rejected":0,"processing_latency_ms":0.245889,"published":137081,"publish_failures":0,"command_timeouts":0,"can_errors":0,"telemetry_qos":1,"mqtt_max_inflight":20,"pipeline_metrics_enabled":true,"can_pipeline":{"frames_read":137045,"parsed":137045,"rejected_frames":0,"read_errors":0,"parse":{"count":137045,"mean_us":11.3094,"max_us":2997.47,"p50_upper_us":8,"p95_upper_us":32,"p99_upper_us":256}},"telemetry_enqueued":137045,"telemetry_dequeued":137045,"telemetry_queue_wait":{"count":137045,"mean_us":242.458,"max_us":6584.03,"p50_upper_us":256,"p95_upper_us":1024,"p99_upper_us":4096},"command_queue_wait":{"count":0,"mean_us":0,"max_us":0,"p50_upper_us":0,"p95_upper_us":0,"p99_upper_us":0},"telemetry_worker_before_publish":{"count":137044,"mean_us":45.333,"max_us":6280.14,"p50_upper_us":32,"p95_upper_us":128,"p99_upper_us":512},"mqtt_pipeline":{"publish_calls":137081,"publish_accepted":137081,"publish_api_errors":0,"puback_received":133123,"qos0_local_completed":0,"telemetry_accepted":137044,"telemetry_puback_received":133087,"pending_tracked":3958,"pending_peak":4012,"oldest_pending_us":989566,"tracking_dropped":0,"unmatched_callbacks":0,"tracking_complete":true,"publish_api":{"count":137081,"mean_us":24.5884,"max_us":6396.94,"p50_upper_us":8,"p95_upper_us":128,"p99_upper_us":512},"telemetry_puback":{"count":133087,"mean_us":402030,"max_us":1.00272e+06,"p50_upper_us":524288,"p95_upper_us":1.00272e+06,"p99_upper_us":1.00272e+06}}}
SAMPLE 45.51
PROCESS 159
159 (mqmgateway_iot) S 137 137 135 52288 137 4194304 649 0 16 0 2811 3196 0 0 20 0 8 0 449 534343680 1230 18446744073709551615 187650157596672 187650157696032 281473905671616 0 0 0 0 4 16386 0 0 0 17 3 0 0 0 0 0 187650157701344 187650157703200 187650157707264 281473905675809 281473905676122 281473905676122 281473905676256 0
VmHWM:	    4920 kB
VmRSS:	    4920 kB
Threads:	8
THREAD 159 (mqmgateway_iot) S 137 137 135 52288 137 4194304 167 0 14 0 3 3 0 0 20 0 8 0 449 534343680 1230 18446744073709551615 187650157596672 187650157696032 281473905671616 0 0 0 0 4 16386 1 0 0 17 3 0 0 0 0 0 187650157701344 187650157703200 187650157707264 281473905675809 281473905676122 281473905676122 281473905676256 0
THREAD 161 (mosquitto loop) R 137 137 135 52288 137 4194368 4 0 0 0 912 1400 0 0 20 0 8 0 453 534343680 1230 18446744073709551615 187650157596672 187650157696032 281473905671616 0 0 0 0 4 16386 0 0 0 -1 2 0 0 0 0 0 187650157701344 187650157703200 187650157707264 281473905675809 281473905676122 281473905676122 281473905676256 0
THREAD 162 (mqmgateway_iot) R 137 137 135 52288 137 4194368 43 0 0 0 589 997 0 0 20 0 8 0 453 534343680 1230 18446744073709551615 187650157596672 187650157696032 281473905671616 0 0 0 0 4 16386 0 0 0 -1 1 0 0 0 0 0 187650157701344 187650157703200 187650157707264 281473905675809 281473905676122 281473905676122 281473905676256 0
THREAD 163 (mqmgateway_iot) S 137 137 135 52288 137 4194368 98 0 0 0 349 192 0 0 20 0 8 0 453 534343680 1230 18446744073709551615 187650157596672 187650157696032 281473905671616 0 0 0 0 4 16386 1 0 0 -1 0 0 0 0 0 0 187650157701344 187650157703200 187650157707264 281473905675809 281473905676122 281473905676122 281473905676256 0
THREAD 164 (mqmgateway_iot) S 137 137 135 52288 137 4194368 125 0 0 0 321 201 0 0 20 0 8 0 453 534343680 1230 18446744073709551615 187650157596672 187650157696032 281473905671616 0 0 0 0 4 16386 1 0 0 -1 2 0 0 0 0 0 187650157701344 187650157703200 187650157707264 281473905675809 281473905676122 281473905676122 281473905676256 0
THREAD 165 (mqmgateway_iot) S 137 137 135 52288 137 4194368 101 0 0 0 344 187 0 0 20 0 8 0 453 534343680 1230 18446744073709551615 187650157596672 187650157696032 281473905671616 0 0 0 0 4 16386 1 0 0 -1 3 0 0 0 0 0 187650157701344 187650157703200 187650157707264 281473905675809 281473905676122 281473905676122 281473905676256 0
THREAD 166 (mqmgateway_iot) R 137 137 135 52288 137 4194368 105 0 0 0 320 188 0 0 20 0 8 0 453 534343680 1230 18446744073709551615 187650157596672 187650157696032 281473905671616 0 0 0 0 4 16386 0 0 0 -1 1 0 0 0 0 0 187650157701344 187650157703200 187650157707264 281473905675809 281473905676122 281473905676122 281473905676256 0
THREAD 167 (mqmgateway_iot) S 137 137 135 52288 137 4194368 8 0 2 0 4 9 0 0 20 0 8 0 453 534343680 1230 18446744073709551615 187650157596672 187650157696032 281473905671616 0 0 0 0 4 16386 1 0 0 -1 0 0 0 0 0 0 187650157701344 187650157703200 187650157707264 281473905675809 281473905676122 281473905676122 281473905676256 0
PROCESS 157
157 (mosquitto) R 137 137 135 52288 137 4194560 264 0 0 0 1284 2383 0 0 20 0 1 0 347 4313088 572 18446744073709551615 187650149298176 187650149541144 281474556588384 0 0 0 0 4100 18947 0 0 0 17 0 0 0 0 0 0 187650149546240 187650149548200 187650149576704 281474556591882 281474556591966 281474556591966 281474556592100 0
VmHWM:	    2288 kB
VmRSS:	    2288 kB
Threads:	1
THREAD 157 (mosquitto) R 137 137 135 52288 137 4194560 264 0 0 0 1287 2386 0 0 20 0 1 0 347 4313088 572 18446744073709551615 187650149298176 187650149541144 281474556588384 0 0 0 0 4100 18947 0 0 0 17 0 0 0 0 0 0 187650149546240 187650149548200 187650149576704 281474556591882 281474556591966 281474556591966 281474556592100 0
PROCESS 170
170 (mqmgateway_arm6) S 137 137 135 52288 137 4194304 321 0 2 0 1280 2959 0 0 20 0 2 0 560 85700608 1940 18446744073709551615 187650778656768 187650778692540 281474743648208 0 0 0 0 6 0 0 0 0 17 1 0 0 0 0 0 187650778696144 187650778697760 187650778701824 281474743651920 281474743652177 281474743652177 281474743652311 0
VmHWM:	    7760 kB
VmRSS:	    7760 kB
Threads:	2
THREAD 170 (mqmgateway_arm6) S 137 137 135 52288 137 4194304 318 0 1 0 383 1254 0 0 20 0 2 0 560 85700608 1940 18446744073709551615 187650778656768 187650778692540 281474743648208 0 0 0 0 6 0 1 0 0 17 1 0 0 0 0 0 187650778696144 187650778697760 187650778701824 281474743651920 281474743652177 281474743652177 281474743652311 0
THREAD 174 (mosquitto loop) R 137 137 135 52288 137 4194368 3 0 1 0 891 1718 0 0 20 0 2 0 564 85700608 1940 18446744073709551615 187650778656768 187650778692540 281474743648208 0 0 0 0 6 0 0 0 0 -1 2 0 0 0 0 0 187650778696144 187650778697760 187650778701824 281474743651920 281474743652177 281474743652177 281474743652311 0
SYSTEM cpu  5533 0 7305 3245 3 0 1245 0 0 0
MemFree:          972288 kB
MemAvailable:     942472 kB
SwapFree:              0 kB
METRICS {"enqueued":161321,"dequeued":161320,"current_depth":1,"peak_depth":42,"rejected":0,"processing_latency_ms":0.244042,"published":161363,"publish_failures":0,"command_timeouts":0,"can_errors":0,"telemetry_qos":1,"mqtt_max_inflight":20,"pipeline_metrics_enabled":true,"can_pipeline":{"frames_read":161323,"parsed":161323,"rejected_frames":0,"read_errors":0,"parse":{"count":161323,"mean_us":11.3335,"max_us":2997.47,"p50_upper_us":8,"p95_upper_us":32,"p99_upper_us":256}},"telemetry_enqueued":161323,"telemetry_dequeued":161321,"telemetry_queue_wait":{"count":161321,"mean_us":240.629,"max_us":6970.21,"p50_upper_us":256,"p95_upper_us":1024,"p99_upper_us":4096},"command_queue_wait":{"count":0,"mean_us":0,"max_us":0,"p50_upper_us":0,"p95_upper_us":0,"p99_upper_us":0},"telemetry_worker_before_publish":{"count":161321,"mean_us":45.1507,"max_us":6280.14,"p50_upper_us":32,"p95_upper_us":128,"p99_upper_us":512},"mqtt_pipeline":{"publish_calls":161364,"publish_accepted":161364,"publish_api_errors":0,"puback_received":155769,"qos0_local_completed":0,"telemetry_accepted":161321,"telemetry_puback_received":155728,"pending_tracked":4095,"pending_peak":4096,"oldest_pending_us":1.25135e+06,"tracking_dropped":1500,"unmatched_callbacks":587,"tracking_complete":false,"publish_api":{"count":161364,"mean_us":24.3375,"max_us":6396.94,"p50_upper_us":8,"p95_upper_us":128,"p99_upper_us":512},"telemetry_puback":{"count":155728,"mean_us":493672,"max_us":1.25151e+06,"p50_upper_us":524288,"p95_upper_us":1.04858e+06,"p99_upper_us":1.25151e+06}}}
SAMPLE 51.20
PROCESS 159
159 (mqmgateway_iot) S 137 137 135 52288 137 4194304 706 0 16 0 3218 3631 0 0 20 0 8 0 449 534343680 1230 18446744073709551615 187650157596672 187650157696032 281473905671616 0 0 0 0 4 16386 0 0 0 17 2 0 0 0 0 0 187650157701344 187650157703200 187650157707264 281473905675809 281473905676122 281473905676122 281473905676256 0
VmHWM:	    4920 kB
VmRSS:	    4920 kB
Threads:	8
THREAD 159 (mqmgateway_iot) S 137 137 135 52288 137 4194304 167 0 14 0 3 3 0 0 20 0 8 0 449 534343680 1230 18446744073709551615 187650157596672 187650157696032 281473905671616 0 0 0 0 4 16386 1 0 0 17 2 0 0 0 0 0 187650157701344 187650157703200 187650157707264 281473905675809 281473905676122 281473905676122 281473905676256 0
THREAD 161 (mosquitto loop) R 137 137 135 52288 137 4194368 4 0 0 0 1041 1598 0 0 20 0 8 0 453 534343680 1230 18446744073709551615 187650157596672 187650157696032 281473905671616 0 0 0 0 4 16386 0 0 0 -1 2 0 0 0 0 0 187650157701344 187650157703200 187650157707264 281473905675809 281473905676122 281473905676122 281473905676256 0
THREAD 162 (mqmgateway_iot) S 137 137 135 52288 137 4194368 50 0 0 0 672 1122 0 0 20 0 8 0 453 534343680 1230 18446744073709551615 187650157596672 187650157696032 281473905671616 0 0 0 0 4 16386 1 0 0 -1 2 0 0 0 0 0 187650157701344 187650157703200 187650157707264 281473905675809 281473905676122 281473905676122 281473905676256 0
THREAD 163 (mqmgateway_iot) S 137 137 135 52288 137 4194368 126 0 0 0 393 224 0 0 20 0 8 0 453 534343680 1230 18446744073709551615 187650157596672 187650157696032 281473905671616 0 0 0 0 4 16386 1 0 0 -1 3 0 0 0 0 0 187650157701344 187650157703200 187650157707264 281473905675809 281473905676122 281473905676122 281473905676256 0
THREAD 164 (mqmgateway_iot) S 137 137 135 52288 137 4194368 128 0 0 0 376 225 0 0 20 0 8 0 453 534343680 1230 18446744073709551615 187650157596672 187650157696032 281473905671616 0 0 0 0 4 16386 1 0 0 -1 2 0 0 0 0 0 187650157701344 187650157703200 187650157707264 281473905675809 281473905676122 281473905676122 281473905676256 0
THREAD 165 (mqmgateway_iot) R 137 137 135 52288 137 4194368 107 0 0 0 396 211 0 0 20 0 8 0 453 534343680 1230 18446744073709551615 187650157596672 187650157696032 281473905671616 0 0 0 0 4 16386 0 0 0 -1 0 0 0 0 0 0 187650157701344 187650157703200 187650157707264 281473905675809 281473905676122 281473905676122 281473905676256 0
THREAD 166 (mqmgateway_iot) S 137 137 135 52288 137 4194368 118 0 0 0 368 215 0 0 20 0 8 0 453 534343680 1230 18446744073709551615 187650157596672 187650157696032 281473905671616 0 0 0 0 4 16386 1 0 0 -1 0 0 0 0 0 0 187650157701344 187650157703200 187650157707264 281473905675809 281473905676122 281473905676122 281473905676256 0
THREAD 167 (mqmgateway_iot) S 137 137 135 52288 137 4194368 8 0 2 0 5 10 0 0 20 0 8 0 453 534343680 1230 18446744073709551615 187650157596672 187650157696032 281473905671616 0 0 0 0 4 16386 1 0 0 -1 1 0 0 0 0 0 187650157701344 187650157703200 187650157707264 281473905675809 281473905676122 281473905676122 281473905676256 0
PROCESS 157
157 (mosquitto) R 137 137 135 52288 137 4194560 264 0 0 0 1484 2705 0 0 20 0 1 0 347 4313088 572 18446744073709551615 187650149298176 187650149541144 281474556588384 0 0 0 0 4100 18947 0 0 0 17 3 0 0 0 0 0 187650149546240 187650149548200 187650149576704 281474556591882 281474556591966 281474556591966 281474556592100 0
VmHWM:	    2288 kB
VmRSS:	    2288 kB
Threads:	1
THREAD 157 (mosquitto) R 137 137 135 52288 137 4194560 264 0 0 0 1485 2710 0 0 20 0 1 0 347 4313088 572 18446744073709551615 187650149298176 187650149541144 281474556588384 0 0 0 18947 4100 18947 0 0 0 17 3 0 0 0 0 0 187650149546240 187650149548200 187650149576704 281474556591882 281474556591966 281474556591966 281474556592100 0
PROCESS 170
170 (mqmgateway_arm6) S 137 137 135 52288 137 4194304 321 0 2 0 1470 3361 0 0 20 0 2 0 560 85700608 1940 18446744073709551615 187650778656768 187650778692540 281474743648208 0 0 0 0 6 0 0 0 0 17 0 0 0 0 0 0 187650778696144 187650778697760 187650778701824 281474743651920 281474743652177 281474743652177 281474743652311 0
VmHWM:	    7760 kB
VmRSS:	    7760 kB
Threads:	2
THREAD 170 (mqmgateway_arm6) R 137 137 135 52288 137 4194304 318 0 1 0 438 1418 0 0 20 0 2 0 560 85700608 1940 18446744073709551615 187650778656768 187650778692540 281474743648208 0 0 0 0 6 0 0 0 0 17 0 0 0 0 0 0 187650778696144 187650778697760 187650778701824 281474743651920 281474743652177 281474743652177 281474743652311 0
THREAD 174 (mosquitto loop) R 137 137 135 52288 137 4194368 3 0 1 0 1024 1958 0 0 20 0 2 0 564 85700608 1940 18446744073709551615 187650778656768 187650778692540 281474743648208 0 0 0 0 6 0 0 0 0 -1 2 0 0 0 0 0 187650778696144 187650778697760 187650778701824 281474743651920 281474743652177 281474743652177 281474743652311 0
SYSTEM cpu  6309 0 8258 3458 3 0 1416 0 0 0
MemFree:          972288 kB
MemAvailable:     942476 kB
SwapFree:              0 kB
METRICS {"enqueued":181542,"dequeued":181542,"current_depth":0,"peak_depth":42,"rejected":0,"processing_latency_ms":0.243231,"published":181590,"publish_failures":0,"command_timeouts":0,"can_errors":0,"telemetry_qos":1,"mqtt_max_inflight":20,"pipeline_metrics_enabled":true,"can_pipeline":{"frames_read":181542,"parsed":181542,"rejected_frames":0,"read_errors":0,"parse":{"count":181542,"mean_us":11.0571,"max_us":2997.47,"p50_upper_us":8,"p95_upper_us":32,"p99_upper_us":256}},"telemetry_enqueued":181542,"telemetry_dequeued":181542,"telemetry_queue_wait":{"count":181542,"mean_us":239.798,"max_us":6970.21,"p50_upper_us":256,"p95_upper_us":1024,"p99_upper_us":4096},"command_queue_wait":{"count":0,"mean_us":0,"max_us":0,"p50_upper_us":0,"p95_upper_us":0,"p99_upper_us":0},"telemetry_worker_before_publish":{"count":181542,"mean_us":45.3106,"max_us":6280.14,"p50_upper_us":32,"p95_upper_us":128,"p99_upper_us":512},"mqtt_pipeline":{"publish_calls":181590,"publish_accepted":181590,"publish_api_errors":0,"puback_received":172313,"qos0_local_completed":0,"telemetry_accepted":181542,"telemetry_puback_received":172267,"pending_tracked":4095,"pending_peak":4096,"oldest_pending_us":1.27062e+06,"tracking_dropped":5182,"unmatched_callbacks":4190,"tracking_complete":false,"publish_api":{"count":181590,"mean_us":24.4031,"max_us":6396.94,"p50_upper_us":8,"p95_upper_us":128,"p99_upper_us":512},"telemetry_puback":{"count":172267,"mean_us":563132,"max_us":1.34358e+06,"p50_upper_us":524288,"p95_upper_us":1.34358e+06,"p99_upper_us":1.34358e+06}}}
SAMPLE 56.91
PROCESS 159
159 (mqmgateway_iot) S 137 137 135 52288 137 4194304 765 0 16 0 3619 4081 0 0 20 0 8 0 449 534343680 1294 18446744073709551615 187650157596672 187650157696032 281473905671616 0 0 0 0 4 16386 0 0 0 17 3 0 0 0 0 0 187650157701344 187650157703200 187650157707264 281473905675809 281473905676122 281473905676122 281473905676256 0
VmHWM:	    5176 kB
VmRSS:	    5176 kB
Threads:	8
THREAD 159 (mqmgateway_iot) S 137 137 135 52288 137 4194304 167 0 14 0 3 3 0 0 20 0 8 0 449 534343680 1294 18446744073709551615 187650157596672 187650157696032 281473905671616 0 0 0 0 4 16386 1 0 0 17 3 0 0 0 0 0 187650157701344 187650157703200 187650157707264 281473905675809 281473905676122 281473905676122 281473905676256 0
THREAD 161 (mosquitto loop) R 137 137 135 52288 137 4194368 4 0 0 0 1172 1796 0 0 20 0 8 0 453 534343680 1294 18446744073709551615 187650157596672 187650157696032 281473905671616 0 0 0 0 4 16386 1 0 0 -1 3 0 0 0 0 0 187650157701344 187650157703200 187650157707264 281473905675809 281473905676122 281473905676122 281473905676256 0
THREAD 162 (mqmgateway_iot) S 137 137 135 52288 137 4194368 54 0 0 0 751 1254 0 0 20 0 8 0 453 534343680 1294 18446744073709551615 187650157596672 187650157696032 281473905671616 0 0 0 0 4 16386 1 0 0 -1 1 0 0 0 0 0 187650157701344 187650157703200 187650157707264 281473905675809 281473905676122 281473905676122 281473905676256 0
THREAD 163 (mqmgateway_iot) S 137 137 135 52288 137 4194368 138 0 0 0 446 250 0 0 20 0 8 0 453 534343680 1294 18446744073709551615 187650157596672 187650157696032 281473905671616 0 0 0 0 4 16386 1 0 0 -1 0 0 0 0 0 0 187650157701344 187650157703200 187650157707264 281473905675809 281473905676122 281473905676122 281473905676256 0
THREAD 164 (mqmgateway_iot) S 137 137 135 52288 137 4194368 139 0 0 0 426 251 0 0 20 0 8 0 453 534343680 1294 18446744073709551615 187650157596672 187650157696032 281473905671616 0 0 0 0 4 16386 1 0 0 -1 2 0 0 0 0 0 187650157701344 187650157703200 187650157707264 281473905675809 281473905676122 281473905676122 281473905676256 0
THREAD 165 (mqmgateway_iot) S 137 137 135 52288 137 4194368 128 0 0 0 443 241 0 0 20 0 8 0 453 534343680 1294 18446744073709551615 187650157596672 187650157696032 281473905671616 0 0 0 0 4 16386 1 0 0 -1 2 0 0 0 0 0 187650157701344 187650157703200 187650157707264 281473905675809 281473905676122 281473905676122 281473905676256 0
THREAD 166 (mqmgateway_iot) R 137 137 135 52288 137 4194368 127 0 0 0 410 246 0 0 20 0 8 0 453 534343680 1294 18446744073709551615 187650157596672 187650157696032 281473905671616 0 0 0 0 4 16386 0 0 0 -1 2 0 0 0 0 0 187650157701344 187650157703200 187650157707264 281473905675809 281473905676122 281473905676122 281473905676256 0
THREAD 167 (mqmgateway_iot) S 137 137 135 52288 137 4194368 8 0 2 0 5 11 0 0 20 0 8 0 453 534343680 1294 18446744073709551615 187650157596672 187650157696032 281473905671616 0 0 0 0 4 16386 1 0 0 -1 2 0 0 0 0 0 187650157701344 187650157703200 187650157707264 281473905675809 281473905676122 281473905676122 281473905676256 0
PROCESS 157
157 (mosquitto) R 137 137 135 52288 137 4194560 264 0 0 0 1660 3036 0 0 20 0 1 0 347 4313088 572 18446744073709551615 187650149298176 187650149541144 281474556588384 0 0 0 0 4100 18947 0 0 0 17 3 0 0 0 0 0 187650149546240 187650149548200 187650149576704 281474556591882 281474556591966 281474556591966 281474556592100 0
VmHWM:	    2288 kB
VmRSS:	    2288 kB
Threads:	1
THREAD 157 (mosquitto) R 137 137 135 52288 137 4194560 264 0 0 0 1661 3038 0 0 20 0 1 0 347 4313088 572 18446744073709551615 187650149298176 187650149541144 281474556588384 0 0 0 0 4100 18947 0 0 0 17 3 0 0 0 0 0 187650149546240 187650149548200 187650149576704 281474556591882 281474556591966 281474556591966 281474556592100 0
PROCESS 170
170 (mqmgateway_arm6) S 137 137 135 52288 137 4194304 321 0 2 0 1659 3760 0 0 20 0 2 0 560 85700608 1940 18446744073709551615 187650778656768 187650778692540 281474743648208 0 0 0 0 6 0 0 0 0 17 1 0 0 0 0 0 187650778696144 187650778697760 187650778701824 281474743651920 281474743652177 281474743652177 281474743652311 0
VmHWM:	    7760 kB
VmRSS:	    7760 kB
Threads:	2
THREAD 170 (mqmgateway_arm6) R 137 137 135 52288 137 4194304 318 0 1 0 496 1584 0 0 20 0 2 0 560 85700608 1940 18446744073709551615 187650778656768 187650778692540 281474743648208 0 0 0 0 6 0 1 0 0 17 1 0 0 0 0 0 187650778696144 187650778697760 187650778701824 281474743651920 281474743652177 281474743652177 281474743652311 0
THREAD 174 (mosquitto loop) R 137 137 135 52288 137 4194368 3 0 1 0 1152 2193 0 0 20 0 2 0 564 85700608 1940 18446744073709551615 187650778656768 187650778692540 281474743648208 0 0 0 0 6 0 0 0 0 -1 1 0 0 0 0 0 187650778696144 187650778697760 187650778701824 281474743651920 281474743652177 281474743652177 281474743652311 0
SYSTEM cpu  7063 0 9244 3656 3 0 1571 0 0 0
MemFree:          971636 kB
MemAvailable:     941832 kB
SwapFree:              0 kB
METRICS {"enqueued":205788,"dequeued":205784,"current_depth":4,"peak_depth":42,"rejected":0,"processing_latency_ms":0.245213,"published":205840,"publish_failures":0,"command_timeouts":0,"can_errors":0,"telemetry_qos":1,"mqtt_max_inflight":20,"pipeline_metrics_enabled":true,"can_pipeline":{"frames_read":205789,"parsed":205789,"rejected_frames":0,"read_errors":0,"parse":{"count":205789,"mean_us":10.8618,"max_us":2997.47,"p50_upper_us":8,"p95_upper_us":32,"p99_upper_us":256}},"telemetry_enqueued":205789,"telemetry_dequeued":205789,"telemetry_queue_wait":{"count":205789,"mean_us":241.777,"max_us":6970.21,"p50_upper_us":256,"p95_upper_us":1024,"p99_upper_us":4096},"command_queue_wait":{"count":0,"mean_us":0,"max_us":0,"p50_upper_us":0,"p95_upper_us":0,"p99_upper_us":0},"telemetry_worker_before_publish":{"count":205789,"mean_us":45.3704,"max_us":6280.14,"p50_upper_us":32,"p95_upper_us":128,"p99_upper_us":512},"mqtt_pipeline":{"publish_calls":205840,"publish_accepted":205840,"publish_api_errors":0,"puback_received":190966,"qos0_local_completed":0,"telemetry_accepted":205786,"telemetry_puback_received":190916,"pending_tracked":4083,"pending_peak":4096,"oldest_pending_us":1.28292e+06,"tracking_dropped":10791,"unmatched_callbacks":9742,"tracking_complete":false,"publish_api":{"count":205840,"mean_us":24.4715,"max_us":6396.94,"p50_upper_us":8,"p95_upper_us":128,"p99_upper_us":512},"telemetry_puback":{"count":190916,"mean_us":639510,"max_us":1.54559e+06,"p50_upper_us":1.04858e+06,"p95_upper_us":1.54559e+06,"p99_upper_us":1.54559e+06}}}
SAMPLE 62.52
PROCESS 159
159 (mqmgateway_iot) S 137 137 135 52288 137 4194304 782 0 16 0 4014 4529 0 0 20 0 8 0 449 534343680 1358 18446744073709551615 187650157596672 187650157696032 281473905671616 0 0 0 0 4 16386 0 0 0 17 3 0 0 0 0 0 187650157701344 187650157703200 187650157707264 281473905675809 281473905676122 281473905676122 281473905676256 0
VmHWM:	    5432 kB
VmRSS:	    5432 kB
Threads:	8
THREAD 159 (mqmgateway_iot) S 137 137 135 52288 137 4194304 167 0 14 0 3 4 0 0 20 0 8 0 449 534343680 1358 18446744073709551615 187650157596672 187650157696032 281473905671616 0 0 0 0 4 16386 1 0 0 17 3 0 0 0 0 0 187650157701344 187650157703200 187650157707264 281473905675809 281473905676122 281473905676122 281473905676256 0
THREAD 161 (mosquitto loop) S 137 137 135 52288 137 4194368 4 0 0 0 1303 1996 0 0 20 0 8 0 453 534343680 1358 18446744073709551615 187650157596672 187650157696032 281473905671616 0 0 0 0 4 16386 1 0 0 -1 3 0 0 0 0 0 187650157701344 187650157703200 187650157707264 281473905675809 281473905676122 281473905676122 281473905676256 0
THREAD 162 (mqmgateway_iot) R 137 137 135 52288 137 4194368 55 0 0 0 831 1387 0 0 20 0 8 0 453 534343680 1358 18446744073709551615 187650157596672 187650157696032 281473905671616 0 0 0 0 4 16386 1 0 0 -1 2 0 0 0 0 0 187650157701344 187650157703200 187650157707264 281473905675809 281473905676122 281473905676122 281473905676256 0
THREAD 163 (mqmgateway_iot) S 137 137 135 52288 137 4194368 138 0 0 0 489 280 0 0 20 0 8 0 453 534343680 1358 18446744073709551615 187650157596672 187650157696032 281473905671616 0 0 0 0 4 16386 1 0 0 -1 0 0 0 0 0 0 187650157701344 187650157703200 187650157707264 281473905675809 281473905676122 281473905676122 281473905676256 0
THREAD 164 (mqmgateway_iot) S 137 137 135 52288 137 4194368 141 0 0 0 473 277 0 0 20 0 8 0 453 534343680 1358 18446744073709551615 187650157596672 187650157696032 281473905671616 0 0 0 0 4 16386 1 0 0 -1 0 0 0 0 0 0 187650157701344 187650157703200 187650157707264 281473905675809 281473905676122 281473905676122 281473905676256 0
THREAD 165 (mqmgateway_iot) S 137 137 135 52288 137 4194368 128 0 0 0 494 270 0 0 20 0 8 0 453 534343680 1358 18446744073709551615 187650157596672 187650157696032 281473905671616 0 0 0 0 4 16386 1 0 0 -1 1 0 0 0 0 0 187650157701344 187650157703200 187650157707264 281473905675809 281473905676122 281473905676122 281473905676256 0
THREAD 166 (mqmgateway_iot) R 137 137 135 52288 137 4194368 141 0 0 0 457 278 0 0 20 0 8 0 453 534343680 1358 18446744073709551615 187650157596672 187650157696032 281473905671616 0 0 0 0 4 16386 0 0 0 -1 1 0 0 0 0 0 187650157701344 187650157703200 187650157707264 281473905675809 281473905676122 281473905676122 281473905676256 0
THREAD 167 (mqmgateway_iot) S 137 137 135 52288 137 4194368 8 0 2 0 6 12 0 0 20 0 8 0 453 534343680 1358 18446744073709551615 187650157596672 187650157696032 281473905671616 0 0 0 0 4 16386 1 0 0 -1 1 0 0 0 0 0 187650157701344 187650157703200 187650157707264 281473905675809 281473905676122 281473905676122 281473905676256 0
PROCESS 157
157 (mosquitto) R 137 137 135 52288 137 4194560 264 0 0 0 1850 3361 0 0 20 0 1 0 347 4313088 572 18446744073709551615 187650149298176 187650149541144 281474556588384 0 0 0 0 4100 18947 0 0 0 17 1 0 0 0 0 0 187650149546240 187650149548200 187650149576704 281474556591882 281474556591966 281474556591966 281474556592100 0
VmHWM:	    2288 kB
VmRSS:	    2288 kB
Threads:	1
THREAD 157 (mosquitto) R 137 137 135 52288 137 4194560 264 0 0 0 1852 3366 0 0 20 0 1 0 347 4313088 572 18446744073709551615 187650149298176 187650149541144 281474556588384 0 0 0 0 4100 18947 0 0 0 17 1 0 0 0 0 0 187650149546240 187650149548200 187650149576704 281474556591882 281474556591966 281474556591966 281474556592100 0
PROCESS 170
170 (mqmgateway_arm6) R 137 137 135 52288 137 4194304 321 0 2 0 1842 4183 0 0 20 0 2 0 560 85700608 1940 18446744073709551615 187650778656768 187650778692540 281474743648208 0 0 0 0 6 0 0 0 0 17 3 0 0 0 0 0 187650778696144 187650778697760 187650778701824 281474743651920 281474743652177 281474743652177 281474743652311 0
VmHWM:	    7760 kB
VmRSS:	    7760 kB
Threads:	2
THREAD 170 (mqmgateway_arm6) R 137 137 135 52288 137 4194304 318 0 1 0 545 1762 0 0 20 0 2 0 560 85700608 1940 18446744073709551615 187650778656768 187650778692540 281474743648208 0 0 0 0 6 0 0 0 0 17 3 0 0 0 0 0 187650778696144 187650778697760 187650778701824 281474743651920 281474743652177 281474743652177 281474743652311 0
THREAD 174 (mosquitto loop) R 137 137 135 52288 137 4194368 3 0 1 0 1284 2443 0 0 20 0 2 0 564 85700608 1940 18446744073709551615 187650778656768 187650778692540 281474743648208 0 0 0 0 6 0 0 0 0 -1 0 0 0 0 0 0 187650778696144 187650778697760 187650778701824 281474743651920 281474743652177 281474743652177 281474743652311 0
SYSTEM cpu  7827 0 10250 3825 3 0 1753 0 0 0
MemFree:          971532 kB
MemAvailable:     941736 kB
SwapFree:              0 kB
METRICS {"enqueued":230052,"dequeued":230052,"current_depth":0,"peak_depth":42,"rejected":0,"processing_latency_ms":0.248264,"published":230112,"publish_failures":0,"command_timeouts":0,"can_errors":0,"telemetry_qos":1,"mqtt_max_inflight":20,"pipeline_metrics_enabled":true,"can_pipeline":{"frames_read":230052,"parsed":230052,"rejected_frames":0,"read_errors":0,"parse":{"count":230052,"mean_us":10.7748,"max_us":2997.47,"p50_upper_us":8,"p95_upper_us":32,"p99_upper_us":256}},"telemetry_enqueued":230051,"telemetry_dequeued":230052,"telemetry_queue_wait":{"count":230052,"mean_us":244.81,"max_us":6970.21,"p50_upper_us":256,"p95_upper_us":1024,"p99_upper_us":4096},"command_queue_wait":{"count":0,"mean_us":0,"max_us":0,"p50_upper_us":0,"p95_upper_us":0,"p99_upper_us":0},"telemetry_worker_before_publish":{"count":230052,"mean_us":45.4676,"max_us":6294.03,"p50_upper_us":32,"p95_upper_us":128,"p99_upper_us":512},"mqtt_pipeline":{"publish_calls":230112,"publish_accepted":230112,"publish_api_errors":0,"puback_received":208146,"qos0_local_completed":0,"telemetry_accepted":230052,"telemetry_puback_received":208091,"pending_tracked":4089,"pending_peak":4096,"oldest_pending_us":1.43822e+06,"tracking_dropped":17877,"unmatched_callbacks":16211,"tracking_complete":false,"publish_api":{"count":230112,"mean_us":24.4824,"max_us":6396.94,"p50_upper_us":8,"p95_upper_us":128,"p99_upper_us":512},"telemetry_puback":{"count":208091,"mean_us":700459,"max_us":1.54559e+06,"p50_upper_us":1.04858e+06,"p95_upper_us":1.54559e+06,"p99_upper_us":1.54559e+06}}}
SAMPLE 68.21
PROCESS 159
159 (mqmgateway_iot) S 137 137 135 52288 137 4194304 800 0 16 0 4280 4809 0 0 20 0 8 0 449 534343680 1358 18446744073709551615 187650157596672 187650157696032 281473905671616 0 0 0 0 4 16386 0 0 0 17 3 0 0 0 0 0 187650157701344 187650157703200 187650157707264 281473905675809 281473905676122 281473905676122 281473905676256 0
VmHWM:	    5432 kB
VmRSS:	    5432 kB
Threads:	8
THREAD 159 (mqmgateway_iot) S 137 137 135 52288 137 4194304 167 0 14 0 3 4 0 0 20 0 8 0 449 534343680 1358 18446744073709551615 187650157596672 187650157696032 281473905671616 0 0 0 0 4 16386 1 0 0 17 3 0 0 0 0 0 187650157701344 187650157703200 187650157707264 281473905675809 281473905676122 281473905676122 281473905676256 0
THREAD 161 (mosquitto loop) S 137 137 135 52288 137 4194368 4 0 0 0 1416 2150 0 0 20 0 8 0 453 534343680 1358 18446744073709551615 187650157596672 187650157696032 281473905671616 0 0 0 0 4 16386 1 0 0 -1 0 0 0 0 0 0 187650157701344 187650157703200 187650157707264 281473905675809 281473905676122 281473905676122 281473905676256 0
THREAD 162 (mqmgateway_iot) S 137 137 135 52288 137 4194368 57 0 0 0 867 1448 0 0 20 0 8 0 453 534343680 1358 18446744073709551615 187650157596672 187650157696032 281473905671616 0 0 0 0 4 16386 1 0 0 -1 2 0 0 0 0 0 187650157701344 187650157703200 187650157707264 281473905675809 281473905676122 281473905676122 281473905676256 0
THREAD 163 (mqmgateway_iot) S 137 137 135 52288 137 4194368 141 0 0 0 517 294 0 0 20 0 8 0 453 534343680 1358 18446744073709551615 187650157596672 187650157696032 281473905671616 0 0 0 0 4 16386 1 0 0 -1 3 0 0 0 0 0 187650157701344 187650157703200 187650157707264 281473905675809 281473905676122 281473905676122 281473905676256 0
THREAD 164 (mqmgateway_iot) S 137 137 135 52288 137 4194368 145 0 0 0 498 289 0 0 20 0 8 0 453 534343680 1358 18446744073709551615 187650157596672 187650157696032 281473905671616 0 0 0 0 4 16386 1 0 0 -1 0 0 0 0 0 0 187650157701344 187650157703200 187650157707264 281473905675809 281473905676122 281473905676122 281473905676256 0
THREAD 165 (mqmgateway_iot) S 137 137 135 52288 137 4194368 137 0 0 0 519 285 0 0 20 0 8 0 453 534343680 1358 18446744073709551615 187650157596672 187650157696032 281473905671616 0 0 0 0 4 16386 1 0 0 -1 2 0 0 0 0 0 187650157701344 187650157703200 187650157707264 281473905675809 281473905676122 281473905676122 281473905676256 0
THREAD 166 (mqmgateway_iot) S 137 137 135 52288 137 4194368 141 0 0 0 482 289 0 0 20 0 8 0 453 534343680 1358 18446744073709551615 187650157596672 187650157696032 281473905671616 0 0 0 0 4 16386 1 0 0 -1 2 0 0 0 0 0 187650157701344 187650157703200 187650157707264 281473905675809 281473905676122 281473905676122 281473905676256 0
THREAD 167 (mqmgateway_iot) S 137 137 135 52288 137 4194368 8 0 2 0 7 14 0 0 20 0 8 0 453 534343680 1358 18446744073709551615 187650157596672 187650157696032 281473905671616 0 0 0 0 4 16386 1 0 0 -1 2 0 0 0 0 0 187650157701344 187650157703200 187650157707264 281473905675809 281473905676122 281473905676122 281473905676256 0
PROCESS 157
157 (mosquitto) S 137 137 135 52288 137 4194560 264 0 0 0 1988 3634 0 0 20 0 1 0 347 4313088 572 18446744073709551615 187650149298176 187650149541144 281474556588384 0 0 0 18947 4100 18947 1 0 0 17 0 0 0 0 0 0 187650149546240 187650149548200 187650149576704 281474556591882 281474556591966 281474556591966 281474556592100 0
VmHWM:	    2288 kB
VmRSS:	    2288 kB
Threads:	1
THREAD 157 (mosquitto) S 137 137 135 52288 137 4194560 264 0 0 0 1988 3634 0 0 20 0 1 0 347 4313088 572 18446744073709551615 187650149298176 187650149541144 281474556588384 0 0 0 18947 4100 18947 1 0 0 17 0 0 0 0 0 0 187650149546240 187650149548200 187650149576704 281474556591882 281474556591966 281474556591966 281474556592100 0
PROCESS 170
170 (mqmgateway_arm6) S 137 137 135 52288 137 4194304 321 0 2 0 1969 4436 0 0 20 0 2 0 560 85700608 1940 18446744073709551615 187650778656768 187650778692540 281474743648208 0 0 0 0 6 0 0 0 0 17 2 0 0 0 0 0 187650778696144 187650778697760 187650778701824 281474743651920 281474743652177 281474743652177 281474743652311 0
VmHWM:	    7760 kB
VmRSS:	    7760 kB
Threads:	2
THREAD 170 (mqmgateway_arm6) S 137 137 135 52288 137 4194304 318 0 1 0 572 1836 0 0 20 0 2 0 560 85700608 1940 18446744073709551615 187650778656768 187650778692540 281474743648208 0 0 0 0 6 0 1 0 0 17 2 0 0 0 0 0 187650778696144 187650778697760 187650778701824 281474743651920 281474743652177 281474743652177 281474743652311 0
THREAD 174 (mosquitto loop) S 137 137 135 52288 137 4194368 3 0 1 0 1380 2616 0 0 20 0 2 0 564 85700608 1940 18446744073709551615 187650778656768 187650778692540 281474743648208 0 0 0 0 6 0 1 0 0 -1 3 0 0 0 0 0 187650778696144 187650778697760 187650778701824 281474743651920 281474743652177 281474743652177 281474743652311 0
SYSTEM cpu  8294 0 10823 4632 4 0 1868 0 0 0
MemFree:          971332 kB
MemAvailable:     941540 kB
SwapFree:              0 kB
METRICS {"enqueued":239999,"dequeued":239999,"current_depth":0,"peak_depth":42,"rejected":0,"processing_latency_ms":0.247361,"published":240064,"publish_failures":0,"command_timeouts":0,"can_errors":0,"telemetry_qos":1,"mqtt_max_inflight":20,"pipeline_metrics_enabled":true,"can_pipeline":{"frames_read":239999,"parsed":239999,"rejected_frames":0,"read_errors":0,"parse":{"count":239999,"mean_us":10.6343,"max_us":2997.47,"p50_upper_us":8,"p95_upper_us":32,"p99_upper_us":256}},"telemetry_enqueued":239999,"telemetry_dequeued":239999,"telemetry_queue_wait":{"count":239999,"mean_us":243.894,"max_us":6970.21,"p50_upper_us":256,"p95_upper_us":1024,"p99_upper_us":4096},"command_queue_wait":{"count":0,"mean_us":0,"max_us":0,"p50_upper_us":0,"p95_upper_us":0,"p99_upper_us":0},"telemetry_worker_before_publish":{"count":239999,"mean_us":45.4916,"max_us":6294.03,"p50_upper_us":32,"p95_upper_us":128,"p99_upper_us":512},"mqtt_pipeline":{"publish_calls":240064,"publish_accepted":240064,"publish_api_errors":0,"puback_received":219401,"qos0_local_completed":0,"telemetry_accepted":239999,"telemetry_puback_received":219340,"pending_tracked":1,"pending_peak":4096,"oldest_pending_us":736.768,"tracking_dropped":20662,"unmatched_callbacks":20662,"tracking_complete":false,"publish_api":{"count":240064,"mean_us":24.6342,"max_us":6396.94,"p50_upper_us":16,"p95_upper_us":128,"p99_upper_us":512},"telemetry_puback":{"count":219340,"mean_us":742015,"max_us":1.61568e+06,"p50_upper_us":1.04858e+06,"p95_upper_us":1.61568e+06,"p99_upper_us":1.61568e+06}}}
