PIDS gateway=445 broker=443 probe=453
CLK_TCK=100 (Linux USER_HZ fallback=100 if getconf unavailable)
SAMPLE 73.52
PROCESS 445
445 (mqmgateway_iot) S 167 167 165 52288 167 4194304 180 0 1 0 4 2 0 0 20 0 6 0 7238 181891072 776 18446744073709551615 187650144509952 187650144609312 281474190615280 0 0 0 0 4 16386 0 0 0 17 0 0 0 0 0 0 187650144614624 187650144616480 187650144620544 281474190618145 281474190618458 281474190618458 281474190618592 0
VmHWM:	    3104 kB
VmRSS:	    3104 kB
Threads:	6
THREAD 445 (mqmgateway_iot) S 167 167 165 52288 167 4194304 166 0 1 0 2 1 0 0 20 0 6 0 7238 383217664 776 18446744073709551615 187650144509952 187650144609312 281474190615280 0 0 0 0 4 16386 1 0 0 17 0 0 0 0 0 0 187650144614624 187650144616480 187650144620544 281474190618145 281474190618458 281474190618458 281474190618592 0
THREAD 447 (mosquitto loop) R 167 167 165 52288 167 4194368 3 0 0 0 1 4 0 0 20 0 6 0 7242 383217664 808 18446744073709551615 187650144509952 187650144609312 281474190615280 0 0 0 0 4 16386 0 0 0 -1 2 0 0 0 0 0 187650144614624 187650144616480 187650144620544 281474190618145 281474190618458 281474190618458 281474190618592 0
THREAD 448 (mqmgateway_iot) S 167 167 165 52288 167 4194368 6 0 0 0 0 5 0 0 20 0 6 0 7242 383217664 808 18446744073709551615 187650144509952 187650144609312 281474190615280 0 0 0 0 4 16386 1 0 0 -1 4 0 0 0 0 0 187650144614624 187650144616480 187650144620544 281474190618145 281474190618458 281474190618458 281474190618592 0
THREAD 449 (mqmgateway_iot) R 167 167 165 52288 167 4194368 16 0 0 0 2 1 0 0 20 0 6 0 7242 383217664 808 18446744073709551615 187650144509952 187650144609312 281474190615280 0 0 0 0 4 16386 0 0 0 -1 3 0 0 0 0 0 187650144614624 187650144616480 187650144620544 281474190618145 281474190618458 281474190618458 281474190618592 0
THREAD 450 (mqmgateway_iot) R 167 167 165 52288 167 4194368 22 0 0 0 4 1 0 0 20 0 6 0 7242 383217664 808 18446744073709551615 187650144509952 187650144609312 281474190615280 0 0 0 0 4 16386 0 0 0 -1 3 0 0 0 0 0 187650144614624 187650144616480 187650144620544 281474190618145 281474190618458 281474190618458 281474190618592 0
THREAD 451 (mqmgateway_iot) S 167 167 165 52288 167 4194368 8 0 0 0 1 0 0 0 20 0 6 0 7242 383217664 808 18446744073709551615 187650144509952 187650144609312 281474190615280 0 0 0 0 4 16386 1 0 0 -1 7 0 0 0 0 0 187650144614624 187650144616480 187650144620544 281474190618145 281474190618458 281474190618458 281474190618592 0
PROCESS 443
443 (mosquitto) R 167 167 165 52288 167 4194560 136 0 0 0 11 10 0 0 20 0 1 0 7136 3772416 489 18446744073709551615 187650789781504 187650790024472 281474912281360 0 0 0 0 4100 18947 0 0 0 17 1 0 0 0 0 0 187650790029568 187650790031528 187650790060032 281474912284426 281474912284510 281474912284510 281474912284644 0
VmHWM:	    1956 kB
VmRSS:	    1956 kB
Threads:	1
THREAD 443 (mosquitto) R 167 167 165 52288 167 4194560 136 0 0 0 14 13 0 0 20 0 1 0 7136 3772416 489 18446744073709551615 187650789781504 187650790024472 281474912281360 0 0 0 0 4100 18947 0 0 0 17 1 0 0 0 0 0 187650790029568 187650790031528 187650790060032 281474912284426 281474912284510 281474912284510 281474912284644 0
PROCESS 453
453 (mqmgateway_arm6) S 167 167 165 52288 167 4194304 320 0 0 0 15 19 0 0 20 0 2 0 7349 85700608 1985 18446744073709551615 187650206007296 187650206043068 281474161044784 0 0 0 0 6 0 0 0 0 17 6 0 0 0 0 0 187650206046672 187650206048288 187650206052352 281474161049168 281474161049425 281474161049425 281474161049559 0
VmHWM:	    7940 kB
VmRSS:	    7940 kB
Threads:	2
THREAD 453 (mqmgateway_arm6) R 167 167 165 52288 167 4194304 317 0 0 0 12 9 0 0 20 0 2 0 7349 85700608 1985 18446744073709551615 187650206007296 187650206043068 281474161044784 0 0 0 0 6 0 0 0 0 17 6 0 0 0 0 0 187650206046672 187650206048288 187650206052352 281474161049168 281474161049425 281474161049425 281474161049559 0
THREAD 457 (mosquitto loop) R 167 167 165 52288 167 4194368 3 0 0 0 8 12 0 0 20 0 2 0 7353 85700608 1985 18446744073709551615 187650206007296 187650206043068 281474161044784 0 0 0 0 6 0 0 0 0 -1 7 0 0 0 0 0 187650206046672 187650206048288 187650206052352 281474161049168 281474161049425 281474161049425 281474161049559 0
SYSTEM cpu  8220 0 9105 31131 8 0 1836 0 0 0
MemFree:          953676 kB
MemAvailable:     924308 kB
SwapFree:              0 kB
METRICS {"enqueued":0,"dequeued":0,"current_depth":0,"peak_depth":0,"rejected":0,"processing_latency_ms":0,"published":3,"publish_failures":0,"command_timeouts":0,"can_errors":0,"telemetry_qos":1,"mqtt_max_inflight":20,"pipeline_metrics_enabled":true,"can_pipeline":{"frames_read":0,"parsed":0,"rejected_frames":0,"read_errors":0,"parse":{"count":0,"mean_us":0,"max_us":0,"p50_upper_us":0,"p95_upper_us":0,"p99_upper_us":0}},"telemetry_enqueued":0,"telemetry_dequeued":0,"telemetry_queue_wait":{"count":0,"mean_us":0,"max_us":0,"p50_upper_us":0,"p95_upper_us":0,"p99_upper_us":0},"command_queue_wait":{"count":0,"mean_us":0,"max_us":0,"p50_upper_us":0,"p95_upper_us":0,"p99_upper_us":0},"telemetry_worker_before_publish":{"count":0,"mean_us":0,"max_us":0,"p50_upper_us":0,"p95_upper_us":0,"p99_upper_us":0},"mqtt_pipeline":{"publish_calls":3,"publish_accepted":3,"publish_api_errors":0,"puback_received":2,"qos0_local_completed":0,"telemetry_accepted":0,"telemetry_puback_received":0,"pending_tracked":1,"pending_peak":2,"oldest_pending_us":1454.94,"tracking_dropped":0,"unmatched_callbacks":0,"tracking_complete":true,"publish_api":{"count":3,"mean_us":289.765,"max_us":428.304,"p50_upper_us":428.304,"p95_upper_us":428.304,"p99_upper_us":428.304},"telemetry_puback":{"count":0,"mean_us":0,"max_us":0,"p50_upper_us":0,"p95_upper_us":0,"p99_upper_us":0}}}
SAMPLE 78.99
PROCESS 445
445 (mqmgateway_iot) S 167 167 165 52288 167 4194304 1186 0 1 0 537 459 0 0 20 0 6 0 7238 383217664 1768 18446744073709551615 187650144509952 187650144609312 281474190615280 0 0 0 0 4 16386 0 0 0 17 6 0 0 0 0 0 187650144614624 187650144616480 187650144620544 281474190618145 281474190618458 281474190618458 281474190618592 0
VmHWM:	    7072 kB
VmRSS:	    7072 kB
Threads:	6
THREAD 445 (mqmgateway_iot) S 167 167 165 52288 167 4194304 166 0 1 0 2 1 0 0 20 0 6 0 7238 383217664 1768 18446744073709551615 187650144509952 187650144609312 281474190615280 0 0 0 0 4 16386 1 0 0 17 6 0 0 0 0 0 187650144614624 187650144616480 187650144620544 281474190618145 281474190618458 281474190618458 281474190618592 0
THREAD 447 (mosquitto loop) S 167 167 165 52288 167 4194368 3 0 0 0 154 219 0 0 20 0 6 0 7242 383217664 1800 18446744073709551615 187650144509952 187650144609312 281474190615280 0 0 0 0 4 16386 1 0 0 -1 2 0 0 0 0 0 187650144614624 187650144616480 187650144620544 281474190618145 281474190618458 281474190618458 281474190618592 0
THREAD 448 (mqmgateway_iot) R 167 167 165 52288 167 4194368 99 0 0 0 146 151 0 0 20 0 6 0 7242 383217664 1800 18446744073709551615 187650144509952 187650144609312 281474190615280 0 0 0 0 4 16386 0 0 0 -1 5 0 0 0 0 0 187650144614624 187650144616480 187650144620544 281474190618145 281474190618458 281474190618458 281474190618592 0
THREAD 449 (mqmgateway_iot) S 167 167 165 52288 167 4194368 469 0 0 0 124 41 0 0 20 0 6 0 7242 383217664 1800 18446744073709551615 187650144509952 187650144609312 281474190615280 0 0 0 0 4 16386 1 0 0 -1 3 0 0 0 0 0 187650144614624 187650144616480 187650144620544 281474190618145 281474190618458 281474190618458 281474190618592 0
THREAD 450 (mqmgateway_iot) S 167 167 165 52288 167 4194368 468 0 0 0 119 50 0 0 20 0 6 0 7242 383217664 1800 18446744073709551615 187650144509952 187650144609312 281474190615280 0 0 0 0 4 16386 1 0 0 -1 3 0 0 0 0 0 187650144614624 187650144616480 187650144620544 281474190618145 281474190618458 281474190618458 281474190618592 0
THREAD 451 (mqmgateway_iot) S 167 167 165 52288 167 4194368 8 0 0 0 1 2 0 0 20 0 6 0 7242 383217664 1800 18446744073709551615 187650144509952 187650144609312 281474190615280 0 0 0 0 4 16386 1 0 0 -1 7 0 0 0 0 0 187650144614624 187650144616480 187650144620544 281474190618145 281474190618458 281474190618458 281474190618592 0
PROCESS 443
443 (mosquitto) R 167 167 165 52288 167 4194560 136 0 0 0 186 383 0 0 20 0 1 0 7136 3772416 489 18446744073709551615 187650789781504 187650790024472 281474912281360 0 0 0 0 4100 18947 0 0 0 17 1 0 0 0 0 0 187650790029568 187650790031528 187650790060032 281474912284426 281474912284510 281474912284510 281474912284644 0
VmHWM:	    1956 kB
VmRSS:	    1956 kB
Threads:	1
THREAD 443 (mosquitto) R 167 167 165 52288 167 4194560 136 0 0 0 187 386 0 0 20 0 1 0 7136 3772416 489 18446744073709551615 187650789781504 187650790024472 281474912281360 0 0 0 0 4100 18947 0 0 0 17 1 0 0 0 0 0 187650790029568 187650790031528 187650790060032 281474912284426 281474912284510 281474912284510 281474912284644 0
PROCESS 453
453 (mqmgateway_arm6) R 167 167 165 52288 167 4194304 320 0 0 0 271 371 0 0 20 0 2 0 7349 85700608 1985 18446744073709551615 187650206007296 187650206043068 281474161044784 0 0 0 0 6 0 0 0 0 17 6 0 0 0 0 0 187650206046672 187650206048288 187650206052352 281474161049168 281474161049425 281474161049425 281474161049559 0
VmHWM:	    7940 kB
VmRSS:	    7940 kB
Threads:	2
THREAD 453 (mqmgateway_arm6) S 167 167 165 52288 167 4194304 317 0 0 0 116 177 0 0 20 0 2 0 7349 85700608 1985 18446744073709551615 187650206007296 187650206043068 281474161044784 0 0 0 0 6 0 1 0 0 17 6 0 0 0 0 0 187650206046672 187650206048288 187650206052352 281474161049168 281474161049425 281474161049425 281474161049559 0
THREAD 457 (mosquitto loop) S 167 167 165 52288 167 4194368 3 0 0 0 157 199 0 0 20 0 2 0 7353 85700608 1985 18446744073709551615 187650206007296 187650206043068 281474161044784 0 0 0 0 6 0 1 0 0 -1 7 0 0 0 0 0 187650206046672 187650206048288 187650206052352 281474161049168 281474161049425 281474161049425 281474161049559 0
SYSTEM cpu  8995 0 9903 32996 8 0 2029 0 0 0
MemFree:          950596 kB
MemAvailable:     921244 kB
SwapFree:              0 kB
METRICS {"enqueued":19827,"dequeued":19827,"current_depth":0,"peak_depth":17,"rejected":0,"processing_latency_ms":0.207281,"published":19837,"publish_failures":0,"command_timeouts":0,"can_errors":0,"telemetry_qos":1,"mqtt_max_inflight":20,"pipeline_metrics_enabled":true,"can_pipeline":{"frames_read":19829,"parsed":19829,"rejected_frames":0,"read_errors":0,"parse":{"count":19829,"mean_us":10.7237,"max_us":537.296,"p50_upper_us":8,"p95_upper_us":64,"p99_upper_us":128}},"telemetry_enqueued":19829,"telemetry_dequeued":19829,"telemetry_queue_wait":{"count":19829,"mean_us":202.719,"max_us":2868.16,"p50_upper_us":256,"p95_upper_us":512,"p99_upper_us":1024},"command_queue_wait":{"count":0,"mean_us":0,"max_us":0,"p50_upper_us":0,"p95_upper_us":0,"p99_upper_us":0},"telemetry_worker_before_publish":{"count":19829,"mean_us":44.5289,"max_us":2203.9,"p50_upper_us":32,"p95_upper_us":128,"p99_upper_us":512},"mqtt_pipeline":{"publish_calls":19837,"publish_accepted":19837,"publish_api_errors":0,"puback_received":8072,"qos0_local_completed":0,"telemetry_accepted":19829,"telemetry_puback_received":8067,"pending_tracked":4096,"pending_peak":4096,"oldest_pending_us":2.71644e+06,"tracking_dropped":7669,"unmatched_callbacks":894,"tracking_complete":false,"publish_api":{"count":19837,"mean_us":27.9353,"max_us":2015.09,"p50_upper_us":8,"p95_upper_us":128,"p99_upper_us":512},"telemetry_puback":{"count":8067,"mean_us":1.27801e+06,"max_us":2.71595e+06,"p50_upper_us":2.09715e+06,"p95_upper_us":2.71595e+06,"p99_upper_us":2.71595e+06}}}
SAMPLE 84.46
PROCESS 445
445 (mqmgateway_iot) S 167 167 165 52288 167 4194304 2114 0 1 0 1059 915 0 0 20 0 6 0 7238 383217664 2664 18446744073709551615 187650144509952 187650144609312 281474190615280 0 0 0 0 4 16386 0 0 0 17 6 0 0 0 0 0 187650144614624 187650144616480 187650144620544 281474190618145 281474190618458 281474190618458 281474190618592 0
VmHWM:	   10656 kB
VmRSS:	   10656 kB
Threads:	6
THREAD 445 (mqmgateway_iot) S 167 167 165 52288 167 4194304 166 0 1 0 2 2 0 0 20 0 6 0 7238 383217664 2696 18446744073709551615 187650144509952 187650144609312 281474190615280 0 0 0 0 4 16386 1 0 0 17 6 0 0 0 0 0 187650144614624 187650144616480 187650144620544 281474190618145 281474190618458 281474190618458 281474190618592 0
THREAD 447 (mosquitto loop) R 167 167 165 52288 167 4194368 3 0 0 0 302 438 0 0 20 0 6 0 7242 383217664 2696 18446744073709551615 187650144509952 187650144609312 281474190615280 0 0 0 0 4 16386 0 0 0 -1 2 0 0 0 0 0 187650144614624 187650144616480 187650144620544 281474190618145 281474190618458 281474190618458 281474190618592 0
THREAD 448 (mqmgateway_iot) R 167 167 165 52288 167 4194368 186 0 0 0 287 298 0 0 20 0 6 0 7242 383217664 2696 18446744073709551615 187650144509952 187650144609312 281474190615280 0 0 0 0 4 16386 0 0 0 -1 5 0 0 0 0 0 187650144614624 187650144616480 187650144620544 281474190618145 281474190618458 281474190618458 281474190618592 0
THREAD 449 (mqmgateway_iot) R 167 167 165 52288 167 4194368 887 0 0 0 238 85 0 0 20 0 6 0 7242 383217664 2696 18446744073709551615 187650144509952 187650144609312 281474190615280 0 0 0 0 4 16386 0 0 0 -1 3 0 0 0 0 0 187650144614624 187650144616480 187650144620544 281474190618145 281474190618458 281474190618458 281474190618592 0
THREAD 450 (mqmgateway_iot) S 167 167 165 52288 167 4194368 890 0 0 0 235 96 0 0 20 0 6 0 7242 383217664 2696 18446744073709551615 187650144509952 187650144609312 281474190615280 0 0 0 0 4 16386 1 0 0 -1 3 0 0 0 0 0 187650144614624 187650144616480 187650144620544 281474190618145 281474190618458 281474190618458 281474190618592 0
THREAD 451 (mqmgateway_iot) S 167 167 165 52288 167 4194368 8 0 0 0 2 4 0 0 20 0 6 0 7242 383217664 2696 18446744073709551615 187650144509952 187650144609312 281474190615280 0 0 0 0 4 16386 1 0 0 -1 7 0 0 0 0 0 187650144614624 187650144616480 187650144620544 281474190618145 281474190618458 281474190618458 281474190618592 0
PROCESS 443
443 (mosquitto) R 167 167 165 52288 167 4194560 136 0 0 0 358 757 0 0 20 0 1 0 7136 3772416 489 18446744073709551615 187650789781504 187650790024472 281474912281360 0 0 0 0 4100 18947 0 0 0 17 1 0 0 0 0 0 187650790029568 187650790031528 187650790060032 281474912284426 281474912284510 281474912284510 281474912284644 0
VmHWM:	    1956 kB
VmRSS:	    1956 kB
Threads:	1
THREAD 443 (mosquitto) R 167 167 165 52288 167 4194560 136 0 0 0 359 761 0 0 20 0 1 0 7136 3772416 489 18446744073709551615 187650789781504 187650790024472 281474912281360 0 0 0 0 4100 18947 0 0 0 17 1 0 0 0 0 0 187650790029568 187650790031528 187650790060032 281474912284426 281474912284510 281474912284510 281474912284644 0
PROCESS 453
453 (mqmgateway_arm6) S 167 167 165 52288 167 4194304 320 0 0 0 540 716 0 0 20 0 2 0 7349 85700608 1985 18446744073709551615 187650206007296 187650206043068 281474161044784 0 0 0 0 6 0 0 0 0 17 6 0 0 0 0 0 187650206046672 187650206048288 187650206052352 281474161049168 281474161049425 281474161049425 281474161049559 0
VmHWM:	    7940 kB
VmRSS:	    7940 kB
Threads:	2
THREAD 453 (mqmgateway_arm6) S 167 167 165 52288 167 4194304 317 0 0 0 227 341 0 0 20 0 2 0 7349 85700608 1985 18446744073709551615 187650206007296 187650206043068 281474161044784 0 0 0 0 6 0 1 0 0 17 6 0 0 0 0 0 187650206046672 187650206048288 187650206052352 281474161049168 281474161049425 281474161049425 281474161049559 0
THREAD 457 (mosquitto loop) R 167 167 165 52288 167 4194368 3 0 0 0 313 382 0 0 20 0 2 0 7353 85700608 1985 18446744073709551615 187650206007296 187650206043068 281474161044784 0 0 0 0 6 0 0 0 0 -1 7 0 0 0 0 0 187650206046672 187650206048288 187650206052352 281474161049168 281474161049425 281474161049425 281474161049559 0
SYSTEM cpu  9772 0 10713 34868 8 0 2194 0 0 0
MemFree:          949524 kB
MemAvailable:     920172 kB
SwapFree:              0 kB
METRICS {"enqueued":44137,"dequeued":44137,"current_depth":0,"peak_depth":17,"rejected":0,"processing_latency_ms":0.204943,"published":44151,"publish_failures":0,"command_timeouts":0,"can_errors":0,"telemetry_qos":1,"mqtt_max_inflight":20,"pipeline_metrics_enabled":true,"can_pipeline":{"frames_read":44138,"parsed":44137,"rejected_frames":0,"read_errors":0,"parse":{"count":44137,"mean_us":10.6171,"max_us":537.296,"p50_upper_us":8,"p95_upper_us":64,"p99_upper_us":128}},"telemetry_enqueued":44137,"telemetry_dequeued":44137,"telemetry_queue_wait":{"count":44137,"mean_us":200.376,"max_us":2868.16,"p50_upper_us":256,"p95_upper_us":512,"p99_upper_us":1024},"command_queue_wait":{"count":0,"mean_us":0,"max_us":0,"p50_upper_us":0,"p95_upper_us":0,"p99_upper_us":0},"telemetry_worker_before_publish":{"count":44137,"mean_us":43.6774,"max_us":2203.9,"p50_upper_us":32,"p95_upper_us":128,"p99_upper_us":512},"mqtt_pipeline":{"publish_calls":44151,"publish_accepted":44151,"publish_api_errors":0,"puback_received":12218,"qos0_local_completed":0,"telemetry_accepted":44137,"telemetry_puback_received":12210,"pending_tracked":4096,"pending_peak":4096,"oldest_pending_us":6.0204e+06,"tracking_dropped":27837,"unmatched_callbacks":7844,"tracking_complete":false,"publish_api":{"count":44151,"mean_us":27.273,"max_us":2015.09,"p50_upper_us":8,"p95_upper_us":128,"p99_upper_us":512},"telemetry_puback":{"count":12210,"mean_us":2.24413e+06,"max_us":6.02034e+06,"p50_upper_us":2.09715e+06,"p95_upper_us":6.02034e+06,"p99_upper_us":6.02034e+06}}}
SAMPLE 89.92
PROCESS 445
445 (mqmgateway_iot) S 167 167 165 52288 167 4194304 3074 0 1 0 1585 1365 0 0 20 0 6 0 7238 383217664 3656 18446744073709551615 187650144509952 187650144609312 281474190615280 0 0 0 0 4 16386 0 0 0 17 6 0 0 0 0 0 187650144614624 187650144616480 187650144620544 281474190618145 281474190618458 281474190618458 281474190618592 0
VmHWM:	   14624 kB
VmRSS:	   14624 kB
Threads:	6
THREAD 445 (mqmgateway_iot) S 167 167 165 52288 167 4194304 166 0 1 0 2 2 0 0 20 0 6 0 7238 383217664 3656 18446744073709551615 187650144509952 187650144609312 281474190615280 0 0 0 0 4 16386 1 0 0 17 6 0 0 0 0 0 187650144614624 187650144616480 187650144620544 281474190618145 281474190618458 281474190618458 281474190618592 0
THREAD 447 (mosquitto loop) R 167 167 165 52288 167 4194368 3 0 0 0 458 638 0 0 20 0 6 0 7242 383217664 3656 18446744073709551615 187650144509952 187650144609312 281474190615280 0 0 0 0 4 16386 0 0 0 -1 2 0 0 0 0 0 187650144614624 187650144616480 187650144620544 281474190618145 281474190618458 281474190618458 281474190618592 0
THREAD 448 (mqmgateway_iot) R 167 167 165 52288 167 4194368 274 0 0 0 428 452 0 0 20 0 6 0 7242 383217664 3656 18446744073709551615 187650144509952 187650144609312 281474190615280 0 0 0 0 4 16386 0 0 0 -1 5 0 0 0 0 0 187650144614624 187650144616480 187650144620544 281474190618145 281474190618458 281474190618458 281474190618592 0
THREAD 449 (mqmgateway_iot) R 167 167 165 52288 167 4194368 1337 0 0 0 353 131 0 0 20 0 6 0 7242 383217664 3656 18446744073709551615 187650144509952 187650144609312 281474190615280 0 0 0 0 4 16386 1 0 0 -1 3 0 0 0 0 0 187650144614624 187650144616480 187650144620544 281474190618145 281474190618458 281474190618458 281474190618592 0
THREAD 450 (mqmgateway_iot) R 167 167 165 52288 167 4194368 1316 0 0 0 347 147 0 0 20 0 6 0 7242 383217664 3656 18446744073709551615 187650144509952 187650144609312 281474190615280 0 0 0 0 4 16386 0 0 0 -1 3 0 0 0 0 0 187650144614624 187650144616480 187650144620544 281474190618145 281474190618458 281474190618458 281474190618592 0
THREAD 451 (mqmgateway_iot) S 167 167 165 52288 167 4194368 8 0 0 0 3 5 0 0 20 0 6 0 7242 383217664 3688 18446744073709551615 187650144509952 187650144609312 281474190615280 0 0 0 0 4 16386 1 0 0 -1 7 0 0 0 0 0 187650144614624 187650144616480 187650144620544 281474190618145 281474190618458 281474190618458 281474190618592 0
PROCESS 443
443 (mosquitto) R 167 167 165 52288 167 4194560 136 0 0 0 525 1137 0 0 20 0 1 0 7136 3772416 489 18446744073709551615 187650789781504 187650790024472 281474912281360 0 0 0 0 4100 18947 0 0 0 17 1 0 0 0 0 0 187650790029568 187650790031528 187650790060032 281474912284426 281474912284510 281474912284510 281474912284644 0
VmHWM:	    1956 kB
VmRSS:	    1956 kB
Threads:	1
THREAD 443 (mosquitto) R 167 167 165 52288 167 4194560 136 0 0 0 527 1142 0 0 20 0 1 0 7136 3772416 489 18446744073709551615 187650789781504 187650790024472 281474912281360 0 0 0 0 4100 18947 0 0 0 17 1 0 0 0 0 0 187650790029568 187650790031528 187650790060032 281474912284426 281474912284510 281474912284510 281474912284644 0
PROCESS 453
453 (mqmgateway_arm6) S 167 167 165 52288 167 4194304 320 0 0 0 814 1068 0 0 20 0 2 0 7349 85700608 1985 18446744073709551615 187650206007296 187650206043068 281474161044784 0 0 0 0 6 0 0 0 0 17 6 0 0 0 0 0 187650206046672 187650206048288 187650206052352 281474161049168 281474161049425 281474161049425 281474161049559 0
VmHWM:	    7940 kB
VmRSS:	    7940 kB
Threads:	2
THREAD 453 (mqmgateway_arm6) S 167 167 165 52288 167 4194304 317 0 0 0 353 496 0 0 20 0 2 0 7349 85700608 1985 18446744073709551615 187650206007296 187650206043068 281474161044784 0 0 0 0 6 0 1 0 0 17 6 0 0 0 0 0 187650206046672 187650206048288 187650206052352 281474161049168 281474161049425 281474161049425 281474161049559 0
THREAD 457 (mosquitto loop) S 167 167 165 52288 167 4194368 3 0 0 0 462 579 0 0 20 0 2 0 7353 85700608 1985 18446744073709551615 187650206007296 187650206043068 281474161044784 0 0 0 0 6 0 1 0 0 -1 7 0 0 0 0 0 187650206046672 187650206048288 187650206052352 281474161049168 281474161049425 281474161049425 281474161049559 0
SYSTEM cpu  10564 0 11527 36735 8 0 2367 0 0 0
MemFree:          946456 kB
MemAvailable:     917112 kB
SwapFree:              0 kB
METRICS {"enqueued":64434,"dequeued":64432,"current_depth":2,"peak_depth":17,"rejected":0,"processing_latency_ms":0.206258,"published":64454,"publish_failures":0,"command_timeouts":0,"can_errors":0,"telemetry_qos":1,"mqtt_max_inflight":20,"pipeline_metrics_enabled":true,"can_pipeline":{"frames_read":64436,"parsed":64436,"rejected_frames":0,"read_errors":0,"parse":{"count":64436,"mean_us":10.6592,"max_us":661.952,"p50_upper_us":8,"p95_upper_us":64,"p99_upper_us":128}},"telemetry_enqueued":64436,"telemetry_dequeued":64436,"telemetry_queue_wait":{"count":64436,"mean_us":201.71,"max_us":5299.12,"p50_upper_us":256,"p95_upper_us":512,"p99_upper_us":1024},"command_queue_wait":{"count":0,"mean_us":0,"max_us":0,"p50_upper_us":0,"p95_upper_us":0,"p99_upper_us":0},"telemetry_worker_before_publish":{"count":64436,"mean_us":43.5564,"max_us":2203.9,"p50_upper_us":32,"p95_upper_us":128,"p99_upper_us":512},"mqtt_pipeline":{"publish_calls":64455,"publish_accepted":64455,"publish_api_errors":0,"puback_received":14087,"qos0_local_completed":0,"telemetry_accepted":64436,"telemetry_puback_received":14077,"pending_tracked":4096,"pending_peak":4096,"oldest_pending_us":8.84727e+06,"tracking_dropped":46272,"unmatched_callbacks":14962,"tracking_complete":false,"publish_api":{"count":64455,"mean_us":27.028,"max_us":2015.09,"p50_upper_us":8,"p95_upper_us":128,"p99_upper_us":512},"telemetry_puback":{"count":14077,"mean_us":2.94234e+06,"max_us":8.84846e+06,"p50_upper_us":4.1943e+06,"p95_upper_us":8.38861e+06,"p99_upper_us":8.84846e+06}}}
SAMPLE 95.42
PROCESS 445
445 (mqmgateway_iot) S 167 167 165 52288 167 4194304 4054 0 1 0 2103 1834 0 0 20 0 6 0 7238 383217664 4648 18446744073709551615 187650144509952 187650144609312 281474190615280 0 0 0 0 4 16386 0 0 0 17 6 0 0 0 0 0 187650144614624 187650144616480 187650144620544 281474190618145 281474190618458 281474190618458 281474190618592 0
VmHWM:	   18592 kB
VmRSS:	   18592 kB
Threads:	6
THREAD 445 (mqmgateway_iot) S 167 167 165 52288 167 4194304 166 0 1 0 3 3 0 0 20 0 6 0 7238 383217664 4648 18446744073709551615 187650144509952 187650144609312 281474190615280 0 0 0 0 4 16386 1 0 0 17 6 0 0 0 0 0 187650144614624 187650144616480 187650144620544 281474190618145 281474190618458 281474190618458 281474190618592 0
THREAD 447 (mosquitto loop) R 167 167 165 52288 167 4194368 3 0 0 0 606 850 0 0 20 0 6 0 7242 383217664 4648 18446744073709551615 187650144509952 187650144609312 281474190615280 0 0 0 0 4 16386 0 0 0 -1 2 0 0 0 0 0 187650144614624 187650144616480 187650144620544 281474190618145 281474190618458 281474190618458 281474190618592 0
THREAD 448 (mqmgateway_iot) R 167 167 165 52288 167 4194368 355 0 0 0 573 604 0 0 20 0 6 0 7242 383217664 4648 18446744073709551615 187650144509952 187650144609312 281474190615280 0 0 0 0 4 16386 0 0 0 -1 5 0 0 0 0 0 187650144614624 187650144616480 187650144620544 281474190618145 281474190618458 281474190618458 281474190618592 0
THREAD 449 (mqmgateway_iot) S 167 167 165 52288 167 4194368 1793 0 0 0 463 182 0 0 20 0 6 0 7242 383217664 4648 18446744073709551615 187650144509952 187650144609312 281474190615280 0 0 0 0 4 16386 1 0 0 -1 3 0 0 0 0 0 187650144614624 187650144616480 187650144620544 281474190618145 281474190618458 281474190618458 281474190618592 0
THREAD 450 (mqmgateway_iot) S 167 167 165 52288 167 4194368 1755 0 0 0 456 202 0 0 20 0 6 0 7242 383217664 4648 18446744073709551615 187650144509952 187650144609312 281474190615280 0 0 0 0 4 16386 1 0 0 -1 3 0 0 0 0 0 187650144614624 187650144616480 187650144620544 281474190618145 281474190618458 281474190618458 281474190618592 0
THREAD 451 (mqmgateway_iot) S 167 167 165 52288 167 4194368 8 0 0 0 4 7 0 0 20 0 6 0 7242 383217664 4680 18446744073709551615 187650144509952 187650144609312 281474190615280 0 0 0 0 4 16386 1 0 0 -1 7 0 0 0 0 0 187650144614624 187650144616480 187650144620544 281474190618145 281474190618458 281474190618458 281474190618592 0
PROCESS 443
443 (mosquitto) R 167 167 165 52288 167 4194560 136 0 0 0 698 1513 0 0 20 0 1 0 7136 3772416 489 18446744073709551615 187650789781504 187650790024472 281474912281360 0 0 0 18947 4100 18947 0 0 0 17 1 0 0 0 0 0 187650790029568 187650790031528 187650790060032 281474912284426 281474912284510 281474912284510 281474912284644 0
VmHWM:	    1956 kB
VmRSS:	    1956 kB
Threads:	1
THREAD 443 (mosquitto) R 167 167 165 52288 167 4194560 136 0 0 0 701 1516 0 0 20 0 1 0 7136 3772416 489 18446744073709551615 187650789781504 187650790024472 281474912281360 0 0 0 0 4100 18947 0 0 0 17 1 0 0 0 0 0 187650790029568 187650790031528 187650790060032 281474912284426 281474912284510 281474912284510 281474912284644 0
PROCESS 453
453 (mqmgateway_arm6) S 167 167 165 52288 167 4194304 320 0 0 0 1084 1425 0 0 20 0 2 0 7349 85700608 1985 18446744073709551615 187650206007296 187650206043068 281474161044784 0 0 0 0 6 0 0 0 0 17 6 0 0 0 0 0 187650206046672 187650206048288 187650206052352 281474161049168 281474161049425 281474161049425 281474161049559 0
VmHWM:	    7940 kB
VmRSS:	    7940 kB
Threads:	2
THREAD 453 (mqmgateway_arm6) S 167 167 165 52288 167 4194304 317 0 0 0 467 662 0 0 20 0 2 0 7349 85700608 1985 18446744073709551615 187650206007296 187650206043068 281474161044784 0 0 0 0 6 0 1 0 0 17 6 0 0 0 0 0 187650206046672 187650206048288 187650206052352 281474161049168 281474161049425 281474161049425 281474161049559 0
THREAD 457 (mosquitto loop) R 167 167 165 52288 167 4194368 3 0 0 0 615 772 0 0 20 0 2 0 7353 85700608 1985 18446744073709551615 187650206007296 187650206043068 281474161044784 0 0 0 0 6 0 1 0 0 -1 7 0 0 0 0 0 187650206046672 187650206048288 187650206052352 281474161049168 281474161049425 281474161049425 281474161049559 0
SYSTEM cpu  11336 0 12369 38593 9 0 2541 0 0 0
MemFree:          943540 kB
MemAvailable:     914204 kB
SwapFree:              0 kB
METRICS {"enqueued":88745,"dequeued":88745,"current_depth":0,"peak_depth":17,"rejected":0,"processing_latency_ms":0.210065,"published":88770,"publish_failures":0,"command_timeouts":0,"can_errors":0,"telemetry_qos":1,"mqtt_max_inflight":20,"pipeline_metrics_enabled":true,"can_pipeline":{"frames_read":88749,"parsed":88749,"rejected_frames":0,"read_errors":0,"parse":{"count":88749,"mean_us":10.8232,"max_us":661.952,"p50_upper_us":8,"p95_upper_us":64,"p99_upper_us":128}},"telemetry_enqueued":88749,"telemetry_dequeued":88747,"telemetry_queue_wait":{"count":88747,"mean_us":205.458,"max_us":5299.12,"p50_upper_us":256,"p95_upper_us":512,"p99_upper_us":1024},"command_queue_wait":{"count":0,"mean_us":0,"max_us":0,"p50_upper_us":0,"p95_upper_us":0,"p99_upper_us":0},"telemetry_worker_before_publish":{"count":88747,"mean_us":44.0885,"max_us":3649.38,"p50_upper_us":32,"p95_upper_us":128,"p99_upper_us":512},"mqtt_pipeline":{"publish_calls":88772,"publish_accepted":88772,"publish_api_errors":0,"puback_received":15872,"qos0_local_completed":0,"telemetry_accepted":88747,"telemetry_puback_received":15862,"pending_tracked":4096,"pending_peak":4096,"oldest_pending_us":1.23195e+07,"tracking_dropped":68804,"unmatched_callbacks":23596,"tracking_complete":false,"publish_api":{"count":88772,"mean_us":27.08,"max_us":2015.09,"p50_upper_us":8,"p95_upper_us":128,"p99_upper_us":512},"telemetry_puback":{"count":15862,"mean_us":3.78257e+06,"max_us":1.23211e+07,"p50_upper_us":4.1943e+06,"p95_upper_us":1.23211e+07,"p99_upper_us":1.23211e+07}}}
SAMPLE 100.89
PROCESS 445
445 (mqmgateway_iot) S 167 167 165 52288 167 4194304 5018 0 1 0 2658 2255 0 0 20 0 6 0 7238 383217664 5576 18446744073709551615 187650144509952 187650144609312 281474190615280 0 0 0 0 4 16386 0 0 0 17 6 0 0 0 0 0 187650144614624 187650144616480 187650144620544 281474190618145 281474190618458 281474190618458 281474190618592 0
VmHWM:	   22304 kB
VmRSS:	   22304 kB
Threads:	6
THREAD 445 (mqmgateway_iot) S 167 167 165 52288 167 4194304 166 0 1 0 3 3 0 0 20 0 6 0 7238 383217664 5576 18446744073709551615 187650144509952 187650144609312 281474190615280 0 0 0 0 4 16386 1 0 0 17 6 0 0 0 0 0 187650144614624 187650144616480 187650144620544 281474190618145 281474190618458 281474190618458 281474190618592 0
THREAD 447 (mosquitto loop) S 167 167 165 52288 167 4194368 6 0 0 0 764 1048 0 0 20 0 6 0 7242 383217664 5608 18446744073709551615 187650144509952 187650144609312 281474190615280 0 0 0 0 4 16386 1 0 0 -1 2 0 0 0 0 0 187650144614624 187650144616480 187650144620544 281474190618145 281474190618458 281474190618458 281474190618592 0
THREAD 448 (mqmgateway_iot) R 167 167 165 52288 167 4194368 414 0 0 0 729 741 0 0 20 0 6 0 7242 383217664 5608 18446744073709551615 187650144509952 187650144609312 281474190615280 0 0 0 0 4 16386 0 0 0 -1 5 0 0 0 0 0 187650144614624 187650144616480 187650144620544 281474190618145 281474190618458 281474190618458 281474190618592 0
THREAD 449 (mqmgateway_iot) R 167 167 165 52288 167 4194368 2243 0 0 0 574 229 0 0 20 0 6 0 7242 383217664 5608 18446744073709551615 187650144509952 187650144609312 281474190615280 0 0 0 0 4 16386 0 0 0 -1 3 0 0 0 0 0 187650144614624 187650144616480 187650144620544 281474190618145 281474190618458 281474190618458 281474190618592 0
THREAD 450 (mqmgateway_iot) S 167 167 165 52288 167 4194368 2206 0 0 0 580 242 0 0 20 0 6 0 7242 383217664 5640 18446744073709551615 187650144509952 187650144609312 281474190615280 0 0 0 0 4 16386 1 0 0 -1 3 0 0 0 0 0 187650144614624 187650144616480 187650144620544 281474190618145 281474190618458 281474190618458 281474190618592 0
THREAD 451 (mqmgateway_iot) S 167 167 165 52288 167 4194368 8 0 0 0 6 7 0 0 20 0 6 0 7242 383217664 5640 18446744073709551615 187650144509952 187650144609312 281474190615280 0 0 0 0 4 16386 1 0 0 -1 7 0 0 0 0 0 187650144614624 187650144616480 187650144620544 281474190618145 281474190618458 281474190618458 281474190618592 0
PROCESS 443
443 (mosquitto) R 167 167 165 52288 167 4194560 136 0 0 0 851 1906 0 0 20 0 1 0 7136 3772416 489 18446744073709551615 187650789781504 187650790024472 281474912281360 0 0 0 0 4100 18947 0 0 0 17 1 0 0 0 0 0 187650790029568 187650790031528 187650790060032 281474912284426 281474912284510 281474912284510 281474912284644 0
VmHWM:	    1956 kB
VmRSS:	    1956 kB
Threads:	1
THREAD 443 (mosquitto) R 167 167 165 52288 167 4194560 136 0 0 0 853 1909 0 0 20 0 1 0 7136 3772416 489 18446744073709551615 187650789781504 187650790024472 281474912281360 0 0 0 0 4100 18947 0 0 0 17 1 0 0 0 0 0 187650790029568 187650790031528 187650790060032 281474912284426 281474912284510 281474912284510 281474912284644 0
PROCESS 453
453 (mqmgateway_arm6) S 167 167 165 52288 167 4194304 320 0 0 0 1350 1789 0 0 20 0 2 0 7349 85700608 1985 18446744073709551615 187650206007296 187650206043068 281474161044784 0 0 0 0 6 0 0 0 0 17 6 0 0 0 0 0 187650206046672 187650206048288 187650206052352 281474161049168 281474161049425 281474161049425 281474161049559 0
VmHWM:	    7940 kB
VmRSS:	    7940 kB
Threads:	2
THREAD 453 (mqmgateway_arm6) R 167 167 165 52288 167 4194304 317 0 0 0 580 829 0 0 20 0 2 0 7349 85700608 1985 18446744073709551615 187650206007296 187650206043068 281474161044784 0 0 0 0 6 0 0 0 0 17 6 0 0 0 0 0 187650206046672 187650206048288 187650206052352 281474161049168 281474161049425 281474161049425 281474161049559 0
THREAD 457 (mosquitto loop) R 167 167 165 52288 167 4194368 3 0 0 0 770 967 0 0 20 0 2 0 7353 85700608 1985 18446744073709551615 187650206007296 187650206043068 281474161044784 0 0 0 0 6 0 0 0 0 -1 7 0 0 0 0 0 187650206046672 187650206048288 187650206052352 281474161049168 281474161049425 281474161049425 281474161049559 0
SYSTEM cpu  12116 0 13170 40445 9 0 2728 0 0 0
MemFree:          935384 kB
MemAvailable:     906056 kB
SwapFree:              0 kB
METRICS {"enqueued":108985,"dequeued":108984,"current_depth":1,"peak_depth":22,"rejected":0,"processing_latency_ms":0.210114,"published":109015,"publish_failures":0,"command_timeouts":0,"can_errors":0,"telemetry_qos":1,"mqtt_max_inflight":20,"pipeline_metrics_enabled":true,"can_pipeline":{"frames_read":108987,"parsed":108987,"rejected_frames":0,"read_errors":0,"parse":{"count":108987,"mean_us":10.8363,"max_us":661.952,"p50_upper_us":8,"p95_upper_us":64,"p99_upper_us":128}},"telemetry_enqueued":108987,"telemetry_dequeued":108985,"telemetry_queue_wait":{"count":108985,"mean_us":205.502,"max_us":5299.12,"p50_upper_us":256,"p95_upper_us":512,"p99_upper_us":1024},"command_queue_wait":{"count":0,"mean_us":0,"max_us":0,"p50_upper_us":0,"p95_upper_us":0,"p99_upper_us":0},"telemetry_worker_before_publish":{"count":108985,"mean_us":44.0511,"max_us":3649.38,"p50_upper_us":32,"p95_upper_us":128,"p99_upper_us":512},"mqtt_pipeline":{"publish_calls":109015,"publish_accepted":109015,"publish_api_errors":0,"puback_received":16690,"qos0_local_completed":0,"telemetry_accepted":108985,"telemetry_puback_received":16680,"pending_tracked":4096,"pending_peak":4096,"oldest_pending_us":1.51321e+07,"tracking_dropped":88229,"unmatched_callbacks":31780,"tracking_complete":false,"publish_api":{"count":109015,"mean_us":27.0456,"max_us":2109.31,"p50_upper_us":8,"p95_upper_us":128,"p99_upper_us":512},"telemetry_puback":{"count":16680,"mean_us":4.26883e+06,"max_us":1.51296e+07,"p50_upper_us":4.1943e+06,"p95_upper_us":1.51296e+07,"p99_upper_us":1.51296e+07}}}
SAMPLE 106.35
PROCESS 445
445 (mqmgateway_iot) S 167 167 165 52288 167 4194304 5974 0 1 0 3181 2702 0 0 20 0 6 0 7238 383217664 6536 18446744073709551615 187650144509952 187650144609312 281474190615280 0 0 0 0 4 16386 0 0 0 17 6 0 0 0 0 0 187650144614624 187650144616480 187650144620544 281474190618145 281474190618458 281474190618458 281474190618592 0
VmHWM:	   26144 kB
VmRSS:	   26144 kB
Threads:	6
THREAD 445 (mqmgateway_iot) S 167 167 165 52288 167 4194304 166 0 1 0 3 4 0 0 20 0 6 0 7238 383217664 6536 18446744073709551615 187650144509952 187650144609312 281474190615280 0 0 0 0 4 16386 1 0 0 17 6 0 0 0 0 0 187650144614624 187650144616480 187650144620544 281474190618145 281474190618458 281474190618458 281474190618592 0
THREAD 447 (mosquitto loop) S 167 167 165 52288 167 4194368 6 0 0 0 907 1259 0 0 20 0 6 0 7242 383217664 6536 18446744073709551615 187650144509952 187650144609312 281474190615280 0 0 0 0 4 16386 1 0 0 -1 2 0 0 0 0 0 187650144614624 187650144616480 187650144620544 281474190618145 281474190618458 281474190618458 281474190618592 0
THREAD 448 (mqmgateway_iot) R 167 167 165 52288 167 4194368 466 0 0 0 875 884 0 0 20 0 6 0 7242 383217664 6568 18446744073709551615 187650144509952 187650144609312 281474190615280 0 0 0 0 4 16386 0 0 0 -1 6 0 0 0 0 0 187650144614624 187650144616480 187650144620544 281474190618145 281474190618458 281474190618458 281474190618592 0
THREAD 449 (mqmgateway_iot) R 167 167 165 52288 167 4194368 2688 0 0 0 681 280 0 0 20 0 6 0 7242 383217664 6568 18446744073709551615 187650144509952 187650144609312 281474190615280 0 0 0 0 4 16386 1 0 0 -1 3 0 0 0 0 0 187650144614624 187650144616480 187650144620544 281474190618145 281474190618458 281474190618458 281474190618592 0
THREAD 450 (mqmgateway_iot) R 167 167 165 52288 167 4194368 2670 0 0 0 698 288 0 0 20 0 6 0 7242 383217664 6568 18446744073709551615 187650144509952 187650144609312 281474190615280 0 0 0 0 4 16386 0 0 0 -1 3 0 0 0 0 0 187650144614624 187650144616480 187650144620544 281474190618145 281474190618458 281474190618458 281474190618592 0
THREAD 451 (mqmgateway_iot) S 167 167 165 52288 167 4194368 8 0 0 0 7 9 0 0 20 0 6 0 7242 383217664 6568 18446744073709551615 187650144509952 187650144609312 281474190615280 0 0 0 0 4 16386 1 0 0 -1 7 0 0 0 0 0 187650144614624 187650144616480 187650144620544 281474190618145 281474190618458 281474190618458 281474190618592 0
PROCESS 443
443 (mosquitto) R 167 167 165 52288 167 4194560 136 0 0 0 1016 2288 0 0 20 0 1 0 7136 3772416 489 18446744073709551615 187650789781504 187650790024472 281474912281360 0 0 0 18947 4100 18947 0 0 0 17 1 0 0 0 0 0 187650790029568 187650790031528 187650790060032 281474912284426 281474912284510 281474912284510 281474912284644 0
VmHWM:	    1956 kB
VmRSS:	    1956 kB
Threads:	1
THREAD 443 (mosquitto) R 167 167 165 52288 167 4194560 136 0 0 0 1018 2291 0 0 20 0 1 0 7136 3772416 489 18446744073709551615 187650789781504 187650790024472 281474912281360 0 0 0 0 4100 18947 0 0 0 17 1 0 0 0 0 0 187650790029568 187650790031528 187650790060032 281474912284426 281474912284510 281474912284510 281474912284644 0
PROCESS 453
453 (mqmgateway_arm6) S 167 167 165 52288 167 4194304 320 0 0 0 1617 2143 0 0 20 0 2 0 7349 85700608 1985 18446744073709551615 187650206007296 187650206043068 281474161044784 0 0 0 0 6 0 0 0 0 17 4 0 0 0 0 0 187650206046672 187650206048288 187650206052352 281474161049168 281474161049425 281474161049425 281474161049559 0
VmHWM:	    7940 kB
VmRSS:	    7940 kB
Threads:	2
THREAD 453 (mqmgateway_arm6) S 167 167 165 52288 167 4194304 317 0 0 0 689 997 0 0 20 0 2 0 7349 85700608 1985 18446744073709551615 187650206007296 187650206043068 281474161044784 0 0 0 0 6 0 1 0 0 17 4 0 0 0 0 0 187650206046672 187650206048288 187650206052352 281474161049168 281474161049425 281474161049425 281474161049559 0
THREAD 457 (mosquitto loop) R 167 167 165 52288 167 4194368 3 0 0 0 922 1158 0 0 20 0 2 0 7353 85700608 1985 18446744073709551615 187650206007296 187650206043068 281474161044784 0 0 0 0 6 0 0 0 0 -1 7 0 0 0 0 0 187650206046672 187650206048288 187650206052352 281474161049168 281474161049425 281474161049425 281474161049559 0
SYSTEM cpu  12882 0 13987 42328 9 0 2904 0 0 0
MemFree:          933680 kB
MemAvailable:     904356 kB
SwapFree:              0 kB
METRICS {"enqueued":129297,"dequeued":129296,"current_depth":1,"peak_depth":22,"rejected":0,"processing_latency_ms":0.209078,"published":129333,"publish_failures":0,"command_timeouts":0,"can_errors":0,"telemetry_qos":1,"mqtt_max_inflight":20,"pipeline_metrics_enabled":true,"can_pipeline":{"frames_read":129298,"parsed":129298,"rejected_frames":0,"read_errors":0,"parse":{"count":129298,"mean_us":10.7829,"max_us":661.952,"p50_upper_us":8,"p95_upper_us":64,"p99_upper_us":128}},"telemetry_enqueued":129298,"telemetry_dequeued":129298,"telemetry_queue_wait":{"count":129298,"mean_us":204.457,"max_us":5299.12,"p50_upper_us":256,"p95_upper_us":512,"p99_upper_us":1024},"command_queue_wait":{"count":0,"mean_us":0,"max_us":0,"p50_upper_us":0,"p95_upper_us":0,"p99_upper_us":0},"telemetry_worker_before_publish":{"count":129298,"mean_us":44.0701,"max_us":3649.38,"p50_upper_us":32,"p95_upper_us":128,"p99_upper_us":512},"mqtt_pipeline":{"publish_calls":129333,"publish_accepted":129333,"publish_api_errors":0,"puback_received":17918,"qos0_local_completed":0,"telemetry_accepted":129298,"telemetry_puback_received":17908,"pending_tracked":4094,"pending_peak":4096,"oldest_pending_us":1.63792e+07,"tracking_dropped":107321,"unmatched_callbacks":39507,"tracking_complete":false,"publish_api":{"count":129333,"mean_us":26.8716,"max_us":2109.31,"p50_upper_us":8,"p95_upper_us":128,"p99_upper_us":512},"telemetry_puback":{"count":17908,"mean_us":4.2779e+06,"max_us":1.63785e+07,"p50_upper_us":4.1943e+06,"p95_upper_us":1.63785e+07,"p99_upper_us":1.63785e+07}}}
SAMPLE 111.83
PROCESS 445
445 (mqmgateway_iot) S 167 167 165 52288 167 4194304 6959 0 1 0 3712 3145 0 0 20 0 6 0 7238 383217664 7528 18446744073709551615 187650144509952 187650144609312 281474190615280 0 0 0 0 4 16386 0 0 0 17 6 0 0 0 0 0 187650144614624 187650144616480 187650144620544 281474190618145 281474190618458 281474190618458 281474190618592 0
VmHWM:	   30112 kB
VmRSS:	   30112 kB
Threads:	6
THREAD 445 (mqmgateway_iot) S 167 167 165 52288 167 4194304 166 0 1 0 3 4 0 0 20 0 6 0 7238 383217664 7528 18446744073709551615 187650144509952 187650144609312 281474190615280 0 0 0 0 4 16386 1 0 0 17 6 0 0 0 0 0 187650144614624 187650144616480 187650144620544 281474190618145 281474190618458 281474190618458 281474190618592 0
THREAD 447 (mosquitto loop) R 167 167 165 52288 167 4194368 6 0 0 0 1052 1466 0 0 20 0 6 0 7242 383217664 7528 18446744073709551615 187650144509952 187650144609312 281474190615280 0 0 0 0 4 16386 0 0 0 -1 2 0 0 0 0 0 187650144614624 187650144616480 187650144620544 281474190618145 281474190618458 281474190618458 281474190618592 0
THREAD 448 (mqmgateway_iot) R 167 167 165 52288 167 4194368 521 0 0 0 1023 1034 0 0 20 0 6 0 7242 383217664 7560 18446744073709551615 187650144509952 187650144609312 281474190615280 0 0 0 0 4 16386 0 0 0 -1 6 0 0 0 0 0 187650144614624 187650144616480 187650144620544 281474190618145 281474190618458 281474190618458 281474190618592 0
THREAD 449 (mqmgateway_iot) R 167 167 165 52288 167 4194368 3145 0 0 0 793 328 0 0 20 0 6 0 7242 383217664 7560 18446744073709551615 187650144509952 187650144609312 281474190615280 0 0 0 0 4 16386 1 0 0 -1 3 0 0 0 0 0 187650144614624 187650144616480 187650144620544 281474190618145 281474190618458 281474190618458 281474190618592 0
THREAD 450 (mqmgateway_iot) R 167 167 165 52288 167 4194368 3139 0 0 0 818 332 0 0 20 0 6 0 7242 383217664 7560 18446744073709551615 187650144509952 187650144609312 281474190615280 0 0 0 0 4 16386 0 0 0 -1 3 0 0 0 0 0 187650144614624 187650144616480 187650144620544 281474190618145 281474190618458 281474190618458 281474190618592 0
THREAD 451 (mqmgateway_iot) S 167 167 165 52288 167 4194368 9 0 0 0 8 11 0 0 20 0 6 0 7242 383217664 7560 18446744073709551615 187650144509952 187650144609312 281474190615280 0 0 0 0 4 16386 1 0 0 -1 7 0 0 0 0 0 187650144614624 187650144616480 187650144620544 281474190618145 281474190618458 281474190618458 281474190618592 0
PROCESS 443
443 (mosquitto) R 167 167 165 52288 167 4194560 136 0 0 0 1190 2660 0 0 20 0 1 0 7136 3772416 489 18446744073709551615 187650789781504 187650790024472 281474912281360 0 0 0 0 4100 18947 0 0 0 17 1 0 0 0 0 0 187650790029568 187650790031528 187650790060032 281474912284426 281474912284510 281474912284510 281474912284644 0
VmHWM:	    1956 kB
VmRSS:	    1956 kB
Threads:	1
THREAD 443 (mosquitto) R 167 167 165 52288 167 4194560 136 0 0 0 1192 2664 0 0 20 0 1 0 7136 3772416 489 18446744073709551615 187650789781504 187650790024472 281474912281360 0 0 0 0 4100 18947 0 0 0 17 1 0 0 0 0 0 187650790029568 187650790031528 187650790060032 281474912284426 281474912284510 281474912284510 281474912284644 0
PROCESS 453
453 (mqmgateway_arm6) S 167 167 165 52288 167 4194304 320 0 0 0 1872 2498 0 0 20 0 2 0 7349 85700608 1985 18446744073709551615 187650206007296 187650206043068 281474161044784 0 0 0 0 6 0 0 0 0 17 4 0 0 0 0 0 187650206046672 187650206048288 187650206052352 281474161049168 281474161049425 281474161049425 281474161049559 0
VmHWM:	    7940 kB
VmRSS:	    7940 kB
Threads:	2
THREAD 453 (mqmgateway_arm6) R 167 167 165 52288 167 4194304 317 0 0 0 801 1153 0 0 20 0 2 0 7349 85700608 1985 18446744073709551615 187650206007296 187650206043068 281474161044784 0 0 0 0 6 0 0 0 0 17 4 0 0 0 0 0 187650206046672 187650206048288 187650206052352 281474161049168 281474161049425 281474161049425 281474161049559 0
THREAD 457 (mosquitto loop) S 167 167 165 52288 167 4194368 3 0 0 0 1065 1358 0 0 20 0 2 0 7353 85700608 1985 18446744073709551615 187650206007296 187650206043068 281474161044784 0 0 0 0 6 0 1 0 0 -1 7 0 0 0 0 0 187650206046672 187650206048288 187650206052352 281474161049168 281474161049425 281474161049425 281474161049559 0
SYSTEM cpu  13642 0 14792 44195 9 0 3078 0 0 0
MemFree:          930852 kB
MemAvailable:     901544 kB
SwapFree:              0 kB
METRICS {"enqueued":153618,"dequeued":153618,"current_depth":0,"peak_depth":22,"rejected":0,"processing_latency_ms":0.209792,"published":153658,"publish_failures":0,"command_timeouts":0,"can_errors":0,"telemetry_qos":1,"mqtt_max_inflight":20,"pipeline_metrics_enabled":true,"can_pipeline":{"frames_read":153618,"parsed":153618,"rejected_frames":0,"read_errors":0,"parse":{"count":153618,"mean_us":10.8408,"max_us":661.952,"p50_upper_us":8,"p95_upper_us":64,"p99_upper_us":128}},"telemetry_enqueued":153618,"telemetry_dequeued":153618,"telemetry_queue_wait":{"count":153618,"mean_us":205.169,"max_us":5299.12,"p50_upper_us":256,"p95_upper_us":512,"p99_upper_us":1024},"command_queue_wait":{"count":0,"mean_us":0,"max_us":0,"p50_upper_us":0,"p95_upper_us":0,"p99_upper_us":0},"telemetry_worker_before_publish":{"count":153618,"mean_us":44.0183,"max_us":3649.38,"p50_upper_us":32,"p95_upper_us":128,"p99_upper_us":512},"mqtt_pipeline":{"publish_calls":153660,"publish_accepted":153660,"publish_api_errors":0,"puback_received":19672,"qos0_local_completed":0,"telemetry_accepted":153619,"telemetry_puback_received":19662,"pending_tracked":4096,"pending_peak":4096,"oldest_pending_us":1.63627e+07,"tracking_dropped":129892,"unmatched_callbacks":48151,"tracking_complete":false,"publish_api":{"count":153660,"mean_us":26.8829,"max_us":2179.28,"p50_upper_us":8,"p95_upper_us":128,"p99_upper_us":512},"telemetry_puback":{"count":19662,"mean_us":4.19448e+06,"max_us":1.63785e+07,"p50_upper_us":4.1943e+06,"p95_upper_us":1.63785e+07,"p99_upper_us":1.63785e+07}}}
SAMPLE 117.29
PROCESS 445
445 (mqmgateway_iot) S 167 167 165 52288 167 4194304 7886 0 1 0 4222 3602 0 0 20 0 6 0 7238 383217664 8456 18446744073709551615 187650144509952 187650144609312 281474190615280 0 0 0 0 4 16386 0 0 0 17 6 0 0 0 0 0 187650144614624 187650144616480 187650144620544 281474190618145 281474190618458 281474190618458 281474190618592 0
VmHWM:	   33824 kB
VmRSS:	   33824 kB
Threads:	6
THREAD 445 (mqmgateway_iot) S 167 167 165 52288 167 4194304 166 0 1 0 3 4 0 0 20 0 6 0 7238 383217664 8456 18446744073709551615 187650144509952 187650144609312 281474190615280 0 0 0 0 4 16386 1 0 0 17 6 0 0 0 0 0 187650144614624 187650144616480 187650144620544 281474190618145 281474190618458 281474190618458 281474190618592 0
THREAD 447 (mosquitto loop) R 167 167 165 52288 167 4194368 6 0 0 0 1205 1669 0 0 20 0 6 0 7242 383217664 8456 18446744073709551615 187650144509952 187650144609312 281474190615280 0 0 0 0 4 16386 1 0 0 -1 2 0 0 0 0 0 187650144614624 187650144616480 187650144620544 281474190618145 281474190618458 281474190618458 281474190618592 0
THREAD 448 (mqmgateway_iot) R 167 167 165 52288 167 4194368 564 0 0 0 1160 1186 0 0 20 0 6 0 7242 383217664 8456 18446744073709551615 187650144509952 187650144609312 281474190615280 0 0 0 0 4 16386 0 0 0 -1 6 0 0 0 0 0 187650144614624 187650144616480 187650144620544 281474190618145 281474190618458 281474190618458 281474190618592 0
THREAD 449 (mqmgateway_iot) R 167 167 165 52288 167 4194368 3583 0 0 0 896 379 0 0 20 0 6 0 7242 383217664 8456 18446744073709551615 187650144509952 187650144609312 281474190615280 0 0 0 0 4 16386 0 0 0 -1 3 0 0 0 0 0 187650144614624 187650144616480 187650144620544 281474190618145 281474190618458 281474190618458 281474190618592 0
THREAD 450 (mqmgateway_iot) S 167 167 165 52288 167 4194368 3585 0 0 0 931 381 0 0 20 0 6 0 7242 383217664 8456 18446744073709551615 187650144509952 187650144609312 281474190615280 0 0 0 0 4 16386 1 0 0 -1 3 0 0 0 0 0 187650144614624 187650144616480 187650144620544 281474190618145 281474190618458 281474190618458 281474190618592 0
THREAD 451 (mqmgateway_iot) S 167 167 165 52288 167 4194368 9 0 0 0 10 12 0 0 20 0 6 0 7242 383217664 8488 18446744073709551615 187650144509952 187650144609312 281474190615280 0 0 0 0 4 16386 1 0 0 -1 7 0 0 0 0 0 187650144614624 187650144616480 187650144620544 281474190618145 281474190618458 281474190618458 281474190618592 0
PROCESS 443
443 (mosquitto) R 167 167 165 52288 167 4194560 136 0 0 0 1355 3041 0 0 20 0 1 0 7136 3772416 489 18446744073709551615 187650789781504 187650790024472 281474912281360 0 0 0 0 4100 18947 0 0 0 17 1 0 0 0 0 0 187650790029568 187650790031528 187650790060032 281474912284426 281474912284510 281474912284510 281474912284644 0
VmHWM:	    1956 kB
VmRSS:	    1956 kB
Threads:	1
THREAD 443 (mosquitto) R 167 167 165 52288 167 4194560 136 0 0 0 1358 3044 0 0 20 0 1 0 7136 3772416 489 18446744073709551615 187650789781504 187650790024472 281474912281360 0 0 0 18947 4100 18947 0 0 0 17 1 0 0 0 0 0 187650790029568 187650790031528 187650790060032 281474912284426 281474912284510 281474912284510 281474912284644 0
PROCESS 453
453 (mqmgateway_arm6) S 167 167 165 52288 167 4194304 320 0 0 0 2132 2856 0 0 20 0 2 0 7349 85700608 1985 18446744073709551615 187650206007296 187650206043068 281474161044784 0 0 0 0 6 0 0 0 0 17 4 0 0 0 0 0 187650206046672 187650206048288 187650206052352 281474161049168 281474161049425 281474161049425 281474161049559 0
VmHWM:	    7940 kB
VmRSS:	    7940 kB
Threads:	2
THREAD 453 (mqmgateway_arm6) R 167 167 165 52288 167 4194304 317 0 0 0 910 1310 0 0 20 0 2 0 7349 85700608 1985 18446744073709551615 187650206007296 187650206043068 281474161044784 0 0 0 0 6 0 0 0 0 17 4 0 0 0 0 0 187650206046672 187650206048288 187650206052352 281474161049168 281474161049425 281474161049425 281474161049559 0
THREAD 457 (mosquitto loop) S 167 167 165 52288 167 4194368 3 0 0 0 1215 1559 0 0 20 0 2 0 7353 85700608 1985 18446744073709551615 187650206007296 187650206043068 281474161044784 0 0 0 0 6 0 1 0 0 -1 7 0 0 0 0 0 187650206046672 187650206048288 187650206052352 281474161049168 281474161049425 281474161049425 281474161049559 0
SYSTEM cpu  14404 0 15614 46075 9 0 3252 0 0 0
MemFree:          926920 kB
MemAvailable:     897616 kB
SwapFree:              0 kB
METRICS {"enqueued":173882,"dequeued":173882,"current_depth":0,"peak_depth":22,"rejected":0,"processing_latency_ms":0.208916,"published":173930,"publish_failures":0,"command_timeouts":0,"can_errors":0,"telemetry_qos":1,"mqtt_max_inflight":20,"pipeline_metrics_enabled":true,"can_pipeline":{"frames_read":173884,"parsed":173884,"rejected_frames":0,"read_errors":0,"parse":{"count":173884,"mean_us":10.7911,"max_us":661.952,"p50_upper_us":8,"p95_upper_us":64,"p99_upper_us":128}},"telemetry_enqueued":173884,"telemetry_dequeued":173884,"telemetry_queue_wait":{"count":173884,"mean_us":204.312,"max_us":5299.12,"p50_upper_us":256,"p95_upper_us":512,"p99_upper_us":1024},"command_queue_wait":{"count":0,"mean_us":0,"max_us":0,"p50_upper_us":0,"p95_upper_us":0,"p99_upper_us":0},"telemetry_worker_before_publish":{"count":173884,"mean_us":43.8777,"max_us":3649.38,"p50_upper_us":32,"p95_upper_us":128,"p99_upper_us":512},"mqtt_pipeline":{"publish_calls":173930,"publish_accepted":173930,"publish_api_errors":0,"puback_received":21232,"qos0_local_completed":0,"telemetry_accepted":173884,"telemetry_puback_received":21222,"pending_tracked":4096,"pending_peak":4096,"oldest_pending_us":1.63787e+07,"tracking_dropped":148602,"unmatched_callbacks":55915,"tracking_complete":false,"publish_api":{"count":173930,"mean_us":26.7294,"max_us":2179.28,"p50_upper_us":8,"p95_upper_us":128,"p99_upper_us":512},"telemetry_puback":{"count":21222,"mean_us":4.36603e+06,"max_us":1.63785e+07,"p50_upper_us":4.1943e+06,"p95_upper_us":1.63785e+07,"p99_upper_us":1.63785e+07}}}
SAMPLE 122.75
PROCESS 445
445 (mqmgateway_iot) S 167 167 165 52288 167 4194304 8864 0 1 0 4744 4038 0 0 20 0 6 0 7238 383217664 9416 18446744073709551615 187650144509952 187650144609312 281474190615280 0 0 0 0 4 16386 0 0 0 17 6 0 0 0 0 0 187650144614624 187650144616480 187650144620544 281474190618145 281474190618458 281474190618458 281474190618592 0
VmHWM:	   37664 kB
VmRSS:	   37664 kB
Threads:	6
THREAD 445 (mqmgateway_iot) S 167 167 165 52288 167 4194304 166 0 1 0 4 5 0 0 20 0 6 0 7238 383217664 9416 18446744073709551615 187650144509952 187650144609312 281474190615280 0 0 0 0 4 16386 1 0 0 17 6 0 0 0 0 0 187650144614624 187650144616480 187650144620544 281474190618145 281474190618458 281474190618458 281474190618592 0
THREAD 447 (mosquitto loop) R 167 167 165 52288 167 4194368 6 0 0 0 1355 1862 0 0 20 0 6 0 7242 383217664 9416 18446744073709551615 187650144509952 187650144609312 281474190615280 0 0 0 0 4 16386 0 0 0 -1 2 0 0 0 0 0 187650144614624 187650144616480 187650144620544 281474190618145 281474190618458 281474190618458 281474190618592 0
THREAD 448 (mqmgateway_iot) S 167 167 165 52288 167 4194368 607 0 0 0 1312 1329 0 0 20 0 6 0 7242 383217664 9416 18446744073709551615 187650144509952 187650144609312 281474190615280 0 0 0 0 4 16386 1 0 0 -1 6 0 0 0 0 0 187650144614624 187650144616480 187650144620544 281474190618145 281474190618458 281474190618458 281474190618592 0
THREAD 449 (mqmgateway_iot) S 167 167 165 52288 167 4194368 4052 0 0 0 1003 430 0 0 20 0 6 0 7242 383217664 9448 18446744073709551615 187650144509952 187650144609312 281474190615280 0 0 0 0 4 16386 1 0 0 -1 3 0 0 0 0 0 187650144614624 187650144616480 187650144620544 281474190618145 281474190618458 281474190618458 281474190618592 0
THREAD 450 (mqmgateway_iot) S 167 167 165 52288 167 4194368 4052 0 0 0 1046 428 0 0 20 0 6 0 7242 383217664 9448 18446744073709551615 187650144509952 187650144609312 281474190615280 0 0 0 0 4 16386 1 0 0 -1 3 0 0 0 0 0 187650144614624 187650144616480 187650144620544 281474190618145 281474190618458 281474190618458 281474190618592 0
THREAD 451 (mqmgateway_iot) R 167 167 165 52288 167 4194368 9 0 0 0 11 13 0 0 20 0 6 0 7242 383217664 9448 18446744073709551615 187650144509952 187650144609312 281474190615280 0 0 0 0 4 16386 0 0 0 -1 7 0 0 0 0 0 187650144614624 187650144616480 187650144620544 281474190618145 281474190618458 281474190618458 281474190618592 0
PROCESS 443
443 (mosquitto) R 167 167 165 52288 167 4194560 136 0 0 0 1524 3418 0 0 20 0 1 0 7136 3772416 489 18446744073709551615 187650789781504 187650790024472 281474912281360 0 0 0 0 4100 18947 0 0 0 17 1 0 0 0 0 0 187650790029568 187650790031528 187650790060032 281474912284426 281474912284510 281474912284510 281474912284644 0
VmHWM:	    1956 kB
VmRSS:	    1956 kB
Threads:	1
THREAD 443 (mosquitto) R 167 167 165 52288 167 4194560 136 0 0 0 1527 3425 0 0 20 0 1 0 7136 3772416 489 18446744073709551615 187650789781504 187650790024472 281474912281360 0 0 0 0 4100 18947 0 0 0 17 1 0 0 0 0 0 187650790029568 187650790031528 187650790060032 281474912284426 281474912284510 281474912284510 281474912284644 0
PROCESS 453
453 (mqmgateway_arm6) S 167 167 165 52288 167 4194304 320 0 0 0 2400 3202 0 0 20 0 2 0 7349 85700608 1985 18446744073709551615 187650206007296 187650206043068 281474161044784 0 0 0 0 6 0 0 0 0 17 4 0 0 0 0 0 187650206046672 187650206048288 187650206052352 281474161049168 281474161049425 281474161049425 281474161049559 0
VmHWM:	    7940 kB
VmRSS:	    7940 kB
Threads:	2
THREAD 453 (mqmgateway_arm6) R 167 167 165 52288 167 4194304 317 0 0 0 1030 1462 0 0 20 0 2 0 7349 85700608 1985 18446744073709551615 187650206007296 187650206043068 281474161044784 0 0 0 0 6 0 0 0 0 17 4 0 0 0 0 0 187650206046672 187650206048288 187650206052352 281474161049168 281474161049425 281474161049425 281474161049559 0
THREAD 457 (mosquitto loop) S 167 167 165 52288 167 4194368 3 0 0 0 1365 1753 0 0 20 0 2 0 7353 85700608 1985 18446744073709551615 187650206007296 187650206043068 281474161044784 0 0 0 0 6 0 1 0 0 -1 7 0 0 0 0 0 187650206046672 187650206048288 187650206052352 281474161049168 281474161049425 281474161049425 281474161049559 0
SYSTEM cpu  15180 0 16424 47976 10 0 3418 0 0 0
MemFree:          918020 kB
MemAvailable:     888724 kB
SwapFree:              0 kB
METRICS {"enqueued":198196,"dequeued":198195,"current_depth":1,"peak_depth":22,"rejected":0,"processing_latency_ms":0.210297,"published":198249,"publish_failures":0,"command_timeouts":0,"can_errors":0,"telemetry_qos":1,"mqtt_max_inflight":20,"pipeline_metrics_enabled":true,"can_pipeline":{"frames_read":198198,"parsed":198198,"rejected_frames":0,"read_errors":0,"parse":{"count":198198,"mean_us":10.8227,"max_us":661.952,"p50_upper_us":8,"p95_upper_us":64,"p99_upper_us":128}},"telemetry_enqueued":198197,"telemetry_dequeued":198197,"telemetry_queue_wait":{"count":198197,"mean_us":205.663,"max_us":5926.75,"p50_upper_us":256,"p95_upper_us":512,"p99_upper_us":1024},"command_queue_wait":{"count":0,"mean_us":0,"max_us":0,"p50_upper_us":0,"p95_upper_us":0,"p99_upper_us":0},"telemetry_worker_before_publish":{"count":198197,"mean_us":43.8975,"max_us":3649.38,"p50_upper_us":32,"p95_upper_us":128,"p99_upper_us":512},"mqtt_pipeline":{"publish_calls":198249,"publish_accepted":198249,"publish_api_errors":0,"puback_received":22571,"qos0_local_completed":0,"telemetry_accepted":198197,"telemetry_puback_received":22561,"pending_tracked":4096,"pending_peak":4096,"oldest_pending_us":1.12996e+07,"tracking_dropped":171582,"unmatched_callbacks":64919,"tracking_complete":false,"publish_api":{"count":198249,"mean_us":26.6773,"max_us":2179.28,"p50_upper_us":8,"p95_upper_us":128,"p99_upper_us":512},"telemetry_puback":{"count":22561,"mean_us":4.66306e+06,"max_us":1.63785e+07,"p50_upper_us":4.1943e+06,"p95_upper_us":1.63785e+07,"p99_upper_us":1.63785e+07}}}
SAMPLE 128.27
PROCESS 445
445 (mqmgateway_iot) S 167 167 165 52288 167 4194304 9793 0 1 0 5261 4490 0 0 20 0 6 0 7238 383217664 10312 18446744073709551615 187650144509952 187650144609312 281474190615280 0 0 0 0 4 16386 0 0 0 17 6 0 0 0 0 0 187650144614624 187650144616480 187650144620544 281474190618145 281474190618458 281474190618458 281474190618592 0
VmHWM:	   41376 kB
VmRSS:	   41376 kB
Threads:	6
THREAD 445 (mqmgateway_iot) S 167 167 165 52288 167 4194304 166 0 1 0 4 5 0 0 20 0 6 0 7238 383217664 10344 18446744073709551615 187650144509952 187650144609312 281474190615280 0 0 0 0 4 16386 1 0 0 17 6 0 0 0 0 0 187650144614624 187650144616480 187650144620544 281474190618145 281474190618458 281474190618458 281474190618592 0
THREAD 447 (mosquitto loop) R 167 167 165 52288 167 4194368 6 0 0 0 1505 2067 0 0 20 0 6 0 7242 383217664 10344 18446744073709551615 187650144509952 187650144609312 281474190615280 0 0 0 0 4 16386 0 0 0 -1 2 0 0 0 0 0 187650144614624 187650144616480 187650144620544 281474190618145 281474190618458 281474190618458 281474190618592 0
THREAD 448 (mqmgateway_iot) R 167 167 165 52288 167 4194368 642 0 0 0 1457 1480 0 0 20 0 6 0 7242 383217664 10344 18446744073709551615 187650144509952 187650144609312 281474190615280 0 0 0 0 4 16386 0 0 0 -1 3 0 0 0 0 0 187650144614624 187650144616480 187650144620544 281474190618145 281474190618458 281474190618458 281474190618592 0
THREAD 449 (mqmgateway_iot) R 167 167 165 52288 167 4194368 4503 0 0 0 1107 483 0 0 20 0 6 0 7242 383217664 10344 18446744073709551615 187650144509952 187650144609312 281474190615280 0 0 0 0 4 16386 1 0 0 -1 6 0 0 0 0 0 187650144614624 187650144616480 187650144620544 281474190618145 281474190618458 281474190618458 281474190618592 0
THREAD 450 (mqmgateway_iot) R 167 167 165 52288 167 4194368 4503 0 0 0 1160 476 0 0 20 0 6 0 7242 383217664 10376 18446744073709551615 187650144509952 187650144609312 281474190615280 0 0 0 0 4 16386 0 0 0 -1 6 0 0 0 0 0 187650144614624 187650144616480 187650144620544 281474190618145 281474190618458 281474190618458 281474190618592 0
THREAD 451 (mqmgateway_iot) S 167 167 165 52288 167 4194368 9 0 0 0 12 15 0 0 20 0 6 0 7242 383217664 10376 18446744073709551615 187650144509952 187650144609312 281474190615280 0 0 0 0 4 16386 1 0 0 -1 4 0 0 0 0 0 187650144614624 187650144616480 187650144620544 281474190618145 281474190618458 281474190618458 281474190618592 0
PROCESS 443
443 (mosquitto) R 167 167 165 52288 167 4194560 136 0 0 0 1698 3800 0 0 20 0 1 0 7136 3772416 489 18446744073709551615 187650789781504 187650790024472 281474912281360 0 0 0 18947 4100 18947 0 0 0 17 1 0 0 0 0 0 187650790029568 187650790031528 187650790060032 281474912284426 281474912284510 281474912284510 281474912284644 0
VmHWM:	    1956 kB
VmRSS:	    1956 kB
Threads:	1
THREAD 443 (mosquitto) R 167 167 165 52288 167 4194560 136 0 0 0 1701 3802 0 0 20 0 1 0 7136 3772416 489 18446744073709551615 187650789781504 187650790024472 281474912281360 0 0 0 0 4100 18947 0 0 0 17 1 0 0 0 0 0 187650790029568 187650790031528 187650790060032 281474912284426 281474912284510 281474912284510 281474912284644 0
PROCESS 453
453 (mqmgateway_arm6) R 167 167 165 52288 167 4194304 320 0 0 0 2667 3558 0 0 20 0 2 0 7349 85700608 1985 18446744073709551615 187650206007296 187650206043068 281474161044784 0 0 0 0 6 0 0 0 0 17 4 0 0 0 0 0 187650206046672 187650206048288 187650206052352 281474161049168 281474161049425 281474161049425 281474161049559 0
VmHWM:	    7940 kB
VmRSS:	    7940 kB
Threads:	2
THREAD 453 (mqmgateway_arm6) S 167 167 165 52288 167 4194304 317 0 0 0 1135 1625 0 0 20 0 2 0 7349 85700608 1985 18446744073709551615 187650206007296 187650206043068 281474161044784 0 0 0 0 6 0 1 0 0 17 4 0 0 0 0 0 187650206046672 187650206048288 187650206052352 281474161049168 281474161049425 281474161049425 281474161049559 0
THREAD 457 (mosquitto loop) R 167 167 165 52288 167 4194368 3 0 0 0 1524 1948 0 0 20 0 2 0 7353 85700608 1985 18446744073709551615 187650206007296 187650206043068 281474161044784 0 0 0 0 6 0 0 0 0 -1 7 0 0 0 0 0 187650206046672 187650206048288 187650206052352 281474161049168 281474161049425 281474161049425 281474161049559 0
SYSTEM cpu  15972 0 17275 49880 10 0 3588 0 0 0
MemFree:          917384 kB
MemAvailable:     888120 kB
SwapFree:              0 kB
METRICS {"enqueued":218472,"dequeued":218472,"current_depth":0,"peak_depth":22,"rejected":0,"processing_latency_ms":0.209389,"published":218534,"publish_failures":0,"command_timeouts":0,"can_errors":0,"telemetry_qos":1,"mqtt_max_inflight":20,"pipeline_metrics_enabled":true,"can_pipeline":{"frames_read":218477,"parsed":218477,"rejected_frames":0,"read_errors":0,"parse":{"count":218477,"mean_us":10.9137,"max_us":977.616,"p50_upper_us":8,"p95_upper_us":64,"p99_upper_us":128}},"telemetry_enqueued":218477,"telemetry_dequeued":218477,"telemetry_queue_wait":{"count":218477,"mean_us":204.768,"max_us":5926.75,"p50_upper_us":256,"p95_upper_us":512,"p99_upper_us":1024},"command_queue_wait":{"count":0,"mean_us":0,"max_us":0,"p50_upper_us":0,"p95_upper_us":0,"p99_upper_us":0},"telemetry_worker_before_publish":{"count":218477,"mean_us":43.7624,"max_us":3649.38,"p50_upper_us":32,"p95_upper_us":128,"p99_upper_us":512},"mqtt_pipeline":{"publish_calls":218534,"publish_accepted":218534,"publish_api_errors":0,"puback_received":23640,"qos0_local_completed":0,"telemetry_accepted":218477,"telemetry_puback_received":23630,"pending_tracked":4096,"pending_peak":4096,"oldest_pending_us":1.39865e+07,"tracking_dropped":190798,"unmatched_callbacks":73384,"tracking_complete":false,"publish_api":{"count":218534,"mean_us":26.5951,"max_us":2179.28,"p50_upper_us":8,"p95_upper_us":128,"p99_upper_us":512},"telemetry_puback":{"count":23630,"mean_us":5.03052e+06,"max_us":1.63785e+07,"p50_upper_us":4.1943e+06,"p95_upper_us":1.63785e+07,"p99_upper_us":1.63785e+07}}}
SAMPLE 133.78
PROCESS 445
445 (mqmgateway_iot) S 167 167 165 52288 167 4194304 10702 0 1 0 5776 4927 0 0 20 0 6 0 7238 383217664 11240 18446744073709551615 187650144509952 187650144609312 281474190615280 0 0 0 0 4 16386 0 0 0 17 6 0 0 0 0 0 187650144614624 187650144616480 187650144620544 281474190618145 281474190618458 281474190618458 281474190618592 0
VmHWM:	   44960 kB
VmRSS:	   44960 kB
Threads:	6
THREAD 445 (mqmgateway_iot) S 167 167 165 52288 167 4194304 166 0 1 0 4 6 0 0 20 0 6 0 7238 383217664 11240 18446744073709551615 187650144509952 187650144609312 281474190615280 0 0 0 0 4 16386 1 0 0 17 6 0 0 0 0 0 187650144614624 187650144616480 187650144620544 281474190618145 281474190618458 281474190618458 281474190618592 0
THREAD 447 (mosquitto loop) S 167 167 165 52288 167 4194368 6 0 0 0 1649 2277 0 0 20 0 6 0 7242 383217664 11240 18446744073709551615 187650144509952 187650144609312 281474190615280 0 0 0 0 4 16386 1 0 0 -1 2 0 0 0 0 0 187650144614624 187650144616480 187650144620544 281474190618145 281474190618458 281474190618458 281474190618592 0
THREAD 448 (mqmgateway_iot) S 167 167 165 52288 167 4194368 671 0 0 0 1587 1623 0 0 20 0 6 0 7242 383217664 11240 18446744073709551615 187650144509952 187650144609312 281474190615280 0 0 0 0 4 16386 1 0 0 -1 4 0 0 0 0 0 187650144614624 187650144616480 187650144620544 281474190618145 281474190618458 281474190618458 281474190618592 0
THREAD 449 (mqmgateway_iot) S 167 167 165 52288 167 4194368 4924 0 0 0 1214 526 0 0 20 0 6 0 7242 383217664 11240 18446744073709551615 187650144509952 187650144609312 281474190615280 0 0 0 0 4 16386 1 0 0 -1 6 0 0 0 0 0 187650144614624 187650144616480 187650144620544 281474190618145 281474190618458 281474190618458 281474190618592 0
THREAD 450 (mqmgateway_iot) S 167 167 165 52288 167 4194368 4926 0 0 0 1271 517 0 0 20 0 6 0 7242 383217664 11240 18446744073709551615 187650144509952 187650144609312 281474190615280 0 0 0 0 4 16386 1 0 0 -1 2 0 0 0 0 0 187650144614624 187650144616480 187650144620544 281474190618145 281474190618458 281474190618458 281474190618592 0
THREAD 451 (mqmgateway_iot) S 167 167 165 52288 167 4194368 9 0 0 0 13 16 0 0 20 0 6 0 7242 383217664 11240 18446744073709551615 187650144509952 187650144609312 281474190615280 0 0 0 0 4 16386 1 0 0 -1 4 0 0 0 0 0 187650144614624 187650144616480 187650144620544 281474190618145 281474190618458 281474190618458 281474190618592 0
PROCESS 443
443 (mosquitto) R 167 167 165 52288 167 4194560 142 0 0 0 1857 4181 0 0 20 0 1 0 7136 3772416 489 18446744073709551615 187650789781504 187650790024472 281474912281360 0 0 0 0 4100 18947 0 0 0 17 1 0 0 0 0 0 187650790029568 187650790031528 187650790060032 281474912284426 281474912284510 281474912284510 281474912284644 0
VmHWM:	    1956 kB
VmRSS:	    1956 kB
Threads:	1
THREAD 443 (mosquitto) R 167 167 165 52288 167 4194560 142 0 0 0 1859 4185 0 0 20 0 1 0 7136 3772416 489 18446744073709551615 187650789781504 187650790024472 281474912281360 0 0 0 0 4100 18947 0 0 0 17 1 0 0 0 0 0 187650790029568 187650790031528 187650790060032 281474912284426 281474912284510 281474912284510 281474912284644 0
PROCESS 453
453 (mqmgateway_arm6) S 167 167 165 52288 167 4194304 320 0 0 0 2923 3899 0 0 20 0 2 0 7349 85700608 1985 18446744073709551615 187650206007296 187650206043068 281474161044784 0 0 0 0 6 0 0 0 0 17 3 0 0 0 0 0 187650206046672 187650206048288 187650206052352 281474161049168 281474161049425 281474161049425 281474161049559 0
VmHWM:	    7940 kB
VmRSS:	    7940 kB
Threads:	2
THREAD 453 (mqmgateway_arm6) S 167 167 165 52288 167 4194304 317 0 0 0 1232 1774 0 0 20 0 2 0 7349 85700608 1985 18446744073709551615 187650206007296 187650206043068 281474161044784 0 0 0 0 6 0 1 0 0 17 3 0 0 0 0 0 187650206046672 187650206048288 187650206052352 281474161049168 281474161049425 281474161049425 281474161049559 0
THREAD 457 (mosquitto loop) R 167 167 165 52288 167 4194368 3 0 0 0 1681 2139 0 0 20 0 2 0 7353 85700608 1985 18446744073709551615 187650206007296 187650206043068 281474161044784 0 0 0 0 6 0 0 0 0 -1 6 0 0 0 0 0 187650206046672 187650206048288 187650206052352 281474161049168 281474161049425 281474161049425 281474161049559 0
SYSTEM cpu  16688 0 18058 51874 10 0 3759 0 0 0
MemFree:          913356 kB
MemAvailable:     884096 kB
SwapFree:              0 kB
METRICS {"enqueued":238704,"dequeued":238704,"current_depth":0,"peak_depth":22,"rejected":0,"processing_latency_ms":0.209655,"published":238767,"publish_failures":0,"command_timeouts":0,"can_errors":0,"telemetry_qos":1,"mqtt_max_inflight":20,"pipeline_metrics_enabled":true,"can_pipeline":{"frames_read":238705,"parsed":238705,"rejected_frames":0,"read_errors":0,"parse":{"count":238705,"mean_us":10.9162,"max_us":977.616,"p50_upper_us":8,"p95_upper_us":64,"p99_upper_us":128}},"telemetry_enqueued":238705,"telemetry_dequeued":238705,"telemetry_queue_wait":{"count":238705,"mean_us":204.989,"max_us":5926.75,"p50_upper_us":256,"p95_upper_us":512,"p99_upper_us":1024},"command_queue_wait":{"count":0,"mean_us":0,"max_us":0,"p50_upper_us":0,"p95_upper_us":0,"p99_upper_us":0},"telemetry_worker_before_publish":{"count":238705,"mean_us":44.0318,"max_us":3649.38,"p50_upper_us":32,"p95_upper_us":128,"p99_upper_us":512},"mqtt_pipeline":{"publish_calls":238767,"publish_accepted":238767,"publish_api_errors":0,"puback_received":24818,"qos0_local_completed":0,"telemetry_accepted":238705,"telemetry_puback_received":24808,"pending_tracked":4095,"pending_peak":4096,"oldest_pending_us":1.63795e+07,"tracking_dropped":209854,"unmatched_callbacks":81229,"tracking_complete":false,"publish_api":{"count":238767,"mean_us":26.7127,"max_us":2179.28,"p50_upper_us":8,"p95_upper_us":128,"p99_upper_us":512},"telemetry_puback":{"count":24808,"mean_us":5.35226e+06,"max_us":1.63799e+07,"p50_upper_us":4.1943e+06,"p95_upper_us":1.63799e+07,"p99_upper_us":1.63799e+07}}}
