PIDS gateway=142 broker=140 probe=150
CLK_TCK=100 (Linux USER_HZ fallback=100 if getconf unavailable)
SAMPLE 5.32
PROCESS 142
142 (mqmgateway_iot) S 122 122 120 52288 122 4194304 182 0 16 0 6 2 0 0 20 0 6 0 418 316108800 852 18446744073709551615 187650102779904 187650102879264 281474041226224 0 0 0 0 4 16386 0 0 0 17 1 0 0 0 0 0 187650102884576 187650102886432 187650102890496 281474041228833 281474041229146 281474041229146 281474041229280 0
VmHWM:	    3408 kB
VmRSS:	    3408 kB
Threads:	6
THREAD 142 (mqmgateway_iot) S 122 122 120 52288 122 4194304 163 0 14 0 3 0 0 0 20 0 6 0 418 383217664 852 18446744073709551615 187650102779904 187650102879264 281474041226224 0 0 0 0 4 16386 1 0 0 17 1 0 0 0 0 0 187650102884576 187650102886432 187650102890496 281474041228833 281474041229146 281474041229146 281474041229280 0
THREAD 144 (mosquitto loop) S 122 122 120 52288 122 4194368 5 0 0 0 0 2 0 0 20 0 6 0 422 383217664 852 18446744073709551615 187650102779904 187650102879264 281474041226224 0 0 0 0 4 16386 1 0 0 -1 0 0 0 0 0 0 187650102884576 187650102886432 187650102890496 281474041228833 281474041229146 281474041229146 281474041229280 0
THREAD 145 (mqmgateway_iot) S 122 122 120 52288 122 4194368 5 0 0 0 1 2 0 0 20 0 6 0 422 383217664 852 18446744073709551615 187650102779904 187650102879264 281474041226224 0 0 0 0 4 16386 1 0 0 -1 0 0 0 0 0 0 187650102884576 187650102886432 187650102890496 281474041228833 281474041229146 281474041229146 281474041229280 0
THREAD 146 (mqmgateway_iot) R 122 122 120 52288 122 4194368 11 0 0 0 2 0 0 0 20 0 6 0 422 383217664 852 18446744073709551615 187650102779904 187650102879264 281474041226224 0 0 0 0 4 16386 0 0 0 -1 0 0 0 0 0 0 187650102884576 187650102886432 187650102890496 281474041228833 281474041229146 281474041229146 281474041229280 0
THREAD 147 (mqmgateway_iot) S 122 122 120 52288 122 4194368 11 0 0 0 3 0 0 0 20 0 6 0 422 383217664 852 18446744073709551615 187650102779904 187650102879264 281474041226224 0 0 0 0 4 16386 1 0 0 -1 1 0 0 0 0 0 187650102884576 187650102886432 187650102890496 281474041228833 281474041229146 281474041229146 281474041229280 0
THREAD 148 (mqmgateway_iot) S 122 122 120 52288 122 4194368 8 0 2 0 1 1 0 0 20 0 6 0 422 383217664 852 18446744073709551615 187650102779904 187650102879264 281474041226224 0 0 0 0 4 16386 1 0 0 -1 1 0 0 0 0 0 187650102884576 187650102886432 187650102890496 281474041228833 281474041229146 281474041229146 281474041229280 0
PROCESS 140
140 (mosquitto) R 122 122 120 52288 122 4194560 133 0 0 0 10 8 0 0 20 0 1 0 316 3772416 444 18446744073709551615 187651044139008 187651044381976 281474540928912 0 0 0 0 4100 18947 0 0 0 17 0 0 0 0 0 0 187651044387072 187651044389032 187651044417536 281474540932874 281474540932958 281474540932958 281474540933092 0
VmHWM:	    1776 kB
VmRSS:	    1776 kB
Threads:	1
THREAD 140 (mosquitto) R 122 122 120 52288 122 4194560 133 0 0 0 10 11 0 0 20 0 1 0 316 3772416 444 18446744073709551615 187651044139008 187651044381976 281474540928912 0 0 0 0 4100 18947 0 0 0 17 0 0 0 0 0 0 187651044387072 187651044389032 187651044417536 281474540932874 281474540932958 281474540932958 281474540933092 0
PROCESS 150
150 (mqmgateway_arm6) S 122 122 120 52288 122 4194304 829 0 2 0 7 15 0 0 20 0 2 0 529 85700608 1995 18446744073709551615 187650168029184 187650168064956 281474180448560 0 0 0 0 6 0 0 0 0 17 0 0 0 0 0 0 187650168068560 187650168070176 187650168074240 281474180451920 281474180452177 281474180452177 281474180452311 0
VmHWM:	    7980 kB
VmRSS:	    7980 kB
Threads:	2
THREAD 150 (mqmgateway_arm6) R 122 122 120 52288 122 4194304 826 0 1 0 4 10 0 0 20 0 2 0 529 85700608 1995 18446744073709551615 187650168029184 187650168064956 281474180448560 0 0 0 0 6 0 0 0 0 17 1 0 0 0 0 0 187650168068560 187650168070176 187650168074240 281474180451920 281474180452177 281474180452177 281474180452311 0
THREAD 154 (mosquitto loop) R 122 122 120 52288 122 4194368 3 0 1 0 6 7 0 0 20 0 2 0 533 85700608 1995 18446744073709551615 187650168029184 187650168064956 281474180448560 0 0 0 0 6 0 0 0 0 -1 0 0 0 0 0 0 187650168068560 187650168070176 187650168074240 281474180451920 281474180452177 281474180452177 281474180452311 0
SYSTEM cpu  189 0 132 809 3 0 12 0 0 0
MemFree:          981780 kB
MemAvailable:     951744 kB
SwapFree:              0 kB
METRICS {"enqueued":0,"dequeued":0,"current_depth":0,"peak_depth":0,"rejected":0,"processing_latency_ms":0,"published":3,"publish_failures":0,"command_timeouts":0,"can_errors":0,"telemetry_qos":1,"mqtt_max_inflight":20,"pipeline_metrics_enabled":true,"can_pipeline":{"frames_read":0,"parsed":0,"rejected_frames":0,"read_errors":0,"parse":{"count":0,"mean_us":0,"max_us":0,"p50_upper_us":0,"p95_upper_us":0,"p99_upper_us":0}},"telemetry_enqueued":0,"telemetry_dequeued":0,"telemetry_queue_wait":{"count":0,"mean_us":0,"max_us":0,"p50_upper_us":0,"p95_upper_us":0,"p99_upper_us":0},"command_queue_wait":{"count":0,"mean_us":0,"max_us":0,"p50_upper_us":0,"p95_upper_us":0,"p99_upper_us":0},"telemetry_worker_before_publish":{"count":0,"mean_us":0,"max_us":0,"p50_upper_us":0,"p95_upper_us":0,"p99_upper_us":0},"mqtt_pipeline":{"publish_calls":3,"publish_accepted":3,"publish_api_errors":0,"puback_received":2,"qos0_local_completed":0,"telemetry_accepted":0,"telemetry_puback_received":0,"pending_tracked":1,"pending_peak":2,"oldest_pending_us":3344,"tracking_dropped":0,"unmatched_callbacks":0,"tracking_complete":true,"publish_api":{"count":3,"mean_us":323.445,"max_us":512.768,"p50_upper_us":512,"p95_upper_us":512.768,"p99_upper_us":512.768},"telemetry_puback":{"count":0,"mean_us":0,"max_us":0,"p50_upper_us":0,"p95_upper_us":0,"p99_upper_us":0}}}
SAMPLE 11.08
PROCESS 142
142 (mqmgateway_iot) S 122 122 120 52288 122 4194304 538 0 16 0 204 246 0 0 20 0 6 0 418 383217664 1204 18446744073709551615 187650102779904 187650102879264 281474041226224 0 0 0 0 4 16386 0 0 0 17 0 0 0 0 0 0 187650102884576 187650102886432 187650102890496 281474041228833 281474041229146 281474041229146 281474041229280 0
VmHWM:	    4816 kB
VmRSS:	    4816 kB
Threads:	6
THREAD 142 (mqmgateway_iot) S 122 122 120 52288 122 4194304 163 0 14 0 3 0 0 0 20 0 6 0 418 383217664 1204 18446744073709551615 187650102779904 187650102879264 281474041226224 0 0 0 0 4 16386 1 0 0 17 0 0 0 0 0 0 187650102884576 187650102886432 187650102890496 281474041228833 281474041229146 281474041229146 281474041229280 0
THREAD 144 (mosquitto loop) R 122 122 120 52288 122 4194368 5 0 0 0 58 108 0 0 20 0 6 0 422 383217664 1204 18446744073709551615 187650102779904 187650102879264 281474041226224 0 0 0 0 4 16386 0 0 0 -1 0 0 0 0 0 0 187650102884576 187650102886432 187650102890496 281474041228833 281474041229146 281474041229146 281474041229280 0
THREAD 145 (mqmgateway_iot) R 122 122 120 52288 122 4194368 35 0 0 0 38 86 0 0 20 0 6 0 422 383217664 1204 18446744073709551615 187650102779904 187650102879264 281474041226224 0 0 0 0 4 16386 0 0 0 -1 0 0 0 0 0 0 187650102884576 187650102886432 187650102890496 281474041228833 281474041229146 281474041229146 281474041229280 0
THREAD 146 (mqmgateway_iot) S 122 122 120 52288 122 4194368 194 0 0 0 61 20 0 0 20 0 6 0 422 383217664 1204 18446744073709551615 187650102779904 187650102879264 281474041226224 0 0 0 0 4 16386 1 0 0 -1 0 0 0 0 0 0 187650102884576 187650102886432 187650102890496 281474041228833 281474041229146 281474041229146 281474041229280 0
THREAD 147 (mqmgateway_iot) S 122 122 120 52288 122 4194368 148 0 0 0 56 22 0 0 20 0 6 0 422 383217664 1204 18446744073709551615 187650102779904 187650102879264 281474041226224 0 0 0 0 4 16386 1 0 0 -1 0 0 0 0 0 0 187650102884576 187650102886432 187650102890496 281474041228833 281474041229146 281474041229146 281474041229280 0
THREAD 148 (mqmgateway_iot) S 122 122 120 52288 122 4194368 8 0 2 0 1 2 0 0 20 0 6 0 422 383217664 1236 18446744073709551615 187650102779904 187650102879264 281474041226224 0 0 0 0 4 16386 1 0 0 -1 1 0 0 0 0 0 187650102884576 187650102886432 187650102890496 281474041228833 281474041229146 281474041229146 281474041229280 0
PROCESS 140
140 (mosquitto) R 122 122 120 52288 122 4194560 225 0 0 0 113 205 0 0 20 0 1 0 316 4177920 555 18446744073709551615 187651044139008 187651044381976 281474540928912 0 0 0 18947 4100 18947 0 0 0 17 0 0 0 0 0 0 187651044387072 187651044389032 187651044417536 281474540932874 281474540932958 281474540932958 281474540933092 0
VmHWM:	    2220 kB
VmRSS:	    2220 kB
Threads:	1
THREAD 140 (mosquitto) R 122 122 120 52288 122 4194560 225 0 0 0 115 207 0 0 20 0 1 0 316 4177920 555 18446744073709551615 187651044139008 187651044381976 281474540928912 0 0 0 0 4100 18947 0 0 0 17 0 0 0 0 0 0 187651044387072 187651044389032 187651044417536 281474540932874 281474540932958 281474540932958 281474540933092 0
PROCESS 150
150 (mqmgateway_arm6) S 122 122 120 52288 122 4194304 829 0 2 0 98 268 0 0 20 0 2 0 529 85700608 1995 18446744073709551615 187650168029184 187650168064956 281474180448560 0 0 0 0 6 0 0 0 0 17 1 0 0 0 0 0 187650168068560 187650168070176 187650168074240 281474180451920 281474180452177 281474180452177 281474180452311 0
VmHWM:	    7980 kB
VmRSS:	    7980 kB
Threads:	2
THREAD 150 (mqmgateway_arm6) R 122 122 120 52288 122 4194304 826 0 1 0 29 146 0 0 20 0 2 0 529 85700608 1995 18446744073709551615 187650168029184 187650168064956 281474180448560 0 0 0 0 6 0 0 0 0 17 1 0 0 0 0 0 187650168068560 187650168070176 187650168074240 281474180451920 281474180452177 281474180452177 281474180452311 0
THREAD 154 (mosquitto loop) S 122 122 120 52288 122 4194368 3 0 1 0 66 130 0 0 20 0 2 0 533 85700608 1995 18446744073709551615 187650168029184 187650168064956 281474180448560 0 0 0 0 6 0 1 0 0 -1 1 0 0 0 0 0 187650168068560 187650168070176 187650168074240 281474180451920 281474180452177 281474180452177 281474180452311 0
SYSTEM cpu  604 0 710 840 3 0 135 0 0 0
MemFree:          980044 kB
MemAvailable:     950016 kB
SwapFree:              0 kB
METRICS {"enqueued":23899,"dequeued":23899,"current_depth":0,"peak_depth":39,"rejected":0,"processing_latency_ms":0.321303,"published":23908,"publish_failures":0,"command_timeouts":0,"can_errors":0,"telemetry_qos":1,"mqtt_max_inflight":20,"pipeline_metrics_enabled":true,"can_pipeline":{"frames_read":23899,"parsed":23899,"rejected_frames":0,"read_errors":0,"parse":{"count":23899,"mean_us":5.81623,"max_us":1503.46,"p50_upper_us":4,"p95_upper_us":16,"p99_upper_us":64}},"telemetry_enqueued":23899,"telemetry_dequeued":23899,"telemetry_queue_wait":{"count":23899,"mean_us":319.498,"max_us":6504.4,"p50_upper_us":256,"p95_upper_us":2048,"p99_upper_us":4096},"command_queue_wait":{"count":0,"mean_us":0,"max_us":0,"p50_upper_us":0,"p95_upper_us":0,"p99_upper_us":0},"telemetry_worker_before_publish":{"count":23899,"mean_us":30.5351,"max_us":6293.07,"p50_upper_us":32,"p95_upper_us":128,"p99_upper_us":256},"mqtt_pipeline":{"publish_calls":23908,"publish_accepted":23908,"publish_api_errors":0,"puback_received":20053,"qos0_local_completed":0,"telemetry_accepted":23899,"telemetry_puback_received":20045,"pending_tracked":3855,"pending_peak":3881,"oldest_pending_us":966856,"tracking_dropped":0,"unmatched_callbacks":0,"tracking_complete":true,"publish_api":{"count":23908,"mean_us":13.5221,"max_us":6056.58,"p50_upper_us":8,"p95_upper_us":64,"p99_upper_us":256},"telemetry_puback":{"count":20045,"mean_us":401034,"max_us":970559,"p50_upper_us":524288,"p95_upper_us":970559,"p99_upper_us":970559}}}
SAMPLE 16.94
PROCESS 142
142 (mqmgateway_iot) S 122 122 120 52288 122 4194304 895 0 16 0 458 504 0 0 20 0 6 0 418 383217664 1556 18446744073709551615 187650102779904 187650102879264 281474041226224 0 0 0 0 4 16386 0 0 0 17 0 0 0 0 0 0 187650102884576 187650102886432 187650102890496 281474041228833 281474041229146 281474041229146 281474041229280 0
VmHWM:	    6224 kB
VmRSS:	    6224 kB
Threads:	6
THREAD 142 (mqmgateway_iot) S 122 122 120 52288 122 4194304 163 0 14 0 3 0 0 0 20 0 6 0 418 383217664 1556 18446744073709551615 187650102779904 187650102879264 281474041226224 0 0 0 0 4 16386 1 0 0 17 0 0 0 0 0 0 187650102884576 187650102886432 187650102890496 281474041228833 281474041229146 281474041229146 281474041229280 0
THREAD 144 (mosquitto loop) S 122 122 120 52288 122 4194368 5 0 0 0 117 202 0 0 20 0 6 0 422 383217664 1556 18446744073709551615 187650102779904 187650102879264 281474041226224 0 0 0 0 4 16386 1 0 0 -1 1 0 0 0 0 0 187650102884576 187650102886432 187650102890496 281474041228833 281474041229146 281474041229146 281474041229280 0
THREAD 145 (mqmgateway_iot) R 122 122 120 52288 122 4194368 68 0 0 0 89 205 0 0 20 0 6 0 422 383217664 1556 18446744073709551615 187650102779904 187650102879264 281474041226224 0 0 0 0 4 16386 0 0 0 -1 0 0 0 0 0 0 187650102884576 187650102886432 187650102890496 281474041228833 281474041229146 281474041229146 281474041229280 0
THREAD 146 (mqmgateway_iot) S 122 122 120 52288 122 4194368 341 0 0 0 132 47 0 0 20 0 6 0 422 383217664 1556 18446744073709551615 187650102779904 187650102879264 281474041226224 0 0 0 0 4 16386 1 0 0 -1 1 0 0 0 0 0 187650102884576 187650102886432 187650102890496 281474041228833 281474041229146 281474041229146 281474041229280 0
THREAD 147 (mqmgateway_iot) R 122 122 120 52288 122 4194368 338 0 0 0 124 50 0 0 20 0 6 0 422 383217664 1588 18446744073709551615 187650102779904 187650102879264 281474041226224 0 0 0 0 4 16386 0 0 0 -1 0 0 0 0 0 0 187650102884576 187650102886432 187650102890496 281474041228833 281474041229146 281474041229146 281474041229280 0
THREAD 148 (mqmgateway_iot) S 122 122 120 52288 122 4194368 8 0 2 0 2 3 0 0 20 0 6 0 422 383217664 1588 18446744073709551615 187650102779904 187650102879264 281474041226224 0 0 0 0 4 16386 1 0 0 -1 1 0 0 0 0 0 187650102884576 187650102886432 187650102890496 281474041228833 281474041229146 281474041229146 281474041229280 0
PROCESS 140
140 (mosquitto) R 122 122 120 52288 122 4194560 225 0 0 0 218 364 0 0 20 0 1 0 316 4177920 555 18446744073709551615 187651044139008 187651044381976 281474540928912 0 0 0 0 4100 18947 0 0 0 17 0 0 0 0 0 0 187651044387072 187651044389032 187651044417536 281474540932874 281474540932958 281474540932958 281474540933092 0
VmHWM:	    2220 kB
VmRSS:	    2220 kB
Threads:	1
THREAD 140 (mosquitto) S 122 122 120 52288 122 4194560 225 0 0 0 219 367 0 0 20 0 1 0 316 4177920 555 18446744073709551615 187651044139008 187651044381976 281474540928912 0 0 0 18947 4100 18947 1 0 0 17 0 0 0 0 0 0 187651044387072 187651044389032 187651044417536 281474540932874 281474540932958 281474540932958 281474540933092 0
PROCESS 150
150 (mqmgateway_arm6) R 122 122 120 52288 122 4194304 829 0 2 0 175 535 0 0 20 0 2 0 529 85700608 1995 18446744073709551615 187650168029184 187650168064956 281474180448560 0 0 0 0 6 0 0 0 0 17 0 0 0 0 0 0 187650168068560 187650168070176 187650168074240 281474180451920 281474180452177 281474180452177 281474180452311 0
VmHWM:	    7980 kB
VmRSS:	    7980 kB
Threads:	2
THREAD 150 (mqmgateway_arm6) R 122 122 120 52288 122 4194304 826 0 1 0 50 303 0 0 20 0 2 0 529 85700608 1995 18446744073709551615 187650168029184 187650168064956 281474180448560 0 0 0 0 6 0 0 0 0 17 0 0 0 0 0 0 187650168068560 187650168070176 187650168074240 281474180451920 281474180452177 281474180452177 281474180452311 0
THREAD 154 (mosquitto loop) R 122 122 120 52288 122 4194368 3 0 1 0 125 236 0 0 20 0 2 0 533 85700608 1995 18446744073709551615 187650168029184 187650168064956 281474180448560 0 0 0 0 6 0 0 0 0 -1 0 0 0 0 0 0 187650168068560 187650168070176 187650168074240 281474180451920 281474180452177 281474180452177 281474180452311 0
SYSTEM cpu  1065 0 1324 850 3 0 233 0 0 0
MemFree:          978028 kB
MemAvailable:     948004 kB
SwapFree:              0 kB
METRICS {"enqueued":48189,"dequeued":48189,"current_depth":0,"peak_depth":40,"rejected":0,"processing_latency_ms":0.279244,"published":48203,"publish_failures":0,"command_timeouts":0,"can_errors":0,"telemetry_qos":1,"mqtt_max_inflight":20,"pipeline_metrics_enabled":true,"can_pipeline":{"frames_read":48193,"parsed":48193,"rejected_frames":0,"read_errors":0,"parse":{"count":48193,"mean_us":7.03304,"max_us":1503.46,"p50_upper_us":4,"p95_upper_us":16,"p99_upper_us":128}},"telemetry_enqueued":48193,"telemetry_dequeued":48190,"telemetry_queue_wait":{"count":48190,"mean_us":277.496,"max_us":9738.77,"p50_upper_us":256,"p95_upper_us":1024,"p99_upper_us":4096},"command_queue_wait":{"count":0,"mean_us":0,"max_us":0,"p50_upper_us":0,"p95_upper_us":0,"p99_upper_us":0},"telemetry_worker_before_publish":{"count":48189,"mean_us":32.014,"max_us":6293.07,"p50_upper_us":32,"p95_upper_us":128,"p99_upper_us":256},"mqtt_pipeline":{"publish_calls":48204,"publish_accepted":48204,"publish_api_errors":0,"puback_received":34056,"qos0_local_completed":0,"telemetry_accepted":48189,"telemetry_puback_received":34045,"pending_tracked":4092,"pending_peak":4096,"oldest_pending_us":2.15969e+06,"tracking_dropped":10056,"unmatched_callbacks":5508,"tracking_complete":false,"publish_api":{"count":48204,"mean_us":14.7099,"max_us":9172.16,"p50_upper_us":8,"p95_upper_us":64,"p99_upper_us":256},"telemetry_puback":{"count":34045,"mean_us":875240,"max_us":2.16172e+06,"p50_upper_us":1.04858e+06,"p95_upper_us":2.09715e+06,"p99_upper_us":2.09715e+06}}}
SAMPLE 22.82
PROCESS 142
142 (mqmgateway_iot) S 122 122 120 52288 122 4194304 1148 0 16 0 654 761 0 0 20 0 6 0 418 383217664 1812 18446744073709551615 187650102779904 187650102879264 281474041226224 0 0 0 0 4 16386 0 0 0 17 1 0 0 0 0 0 187650102884576 187650102886432 187650102890496 281474041228833 281474041229146 281474041229146 281474041229280 0
VmHWM:	    7248 kB
VmRSS:	    7248 kB
Threads:	6
THREAD 142 (mqmgateway_iot) S 122 122 120 52288 122 4194304 163 0 14 0 3 1 0 0 20 0 6 0 418 383217664 1812 18446744073709551615 187650102779904 187650102879264 281474041226224 0 0 0 0 4 16386 1 0 0 17 1 0 0 0 0 0 187650102884576 187650102886432 187650102890496 281474041228833 281474041229146 281474041229146 281474041229280 0
THREAD 144 (mosquitto loop) S 122 122 120 52288 122 4194368 6 0 0 0 183 316 0 0 20 0 6 0 422 383217664 1844 18446744073709551615 187650102779904 187650102879264 281474041226224 0 0 0 0 4 16386 1 0 0 -1 1 0 0 0 0 0 187650102884576 187650102886432 187650102890496 281474041228833 281474041229146 281474041229146 281474041229280 0
THREAD 145 (mqmgateway_iot) R 122 122 120 52288 122 4194368 90 0 0 0 127 293 0 0 20 0 6 0 422 383217664 1844 18446744073709551615 187650102779904 187650102879264 281474041226224 0 0 0 0 4 16386 1 0 0 -1 1 0 0 0 0 0 187650102884576 187650102886432 187650102890496 281474041228833 281474041229146 281474041229146 281474041229280 0
THREAD 146 (mqmgateway_iot) R 122 122 120 52288 122 4194368 414 0 0 0 178 75 0 0 20 0 6 0 422 383217664 1844 18446744073709551615 187650102779904 187650102879264 281474041226224 0 0 0 0 4 16386 0 0 0 -1 0 0 0 0 0 0 187650102884576 187650102886432 187650102890496 281474041228833 281474041229146 281474041229146 281474041229280 0
THREAD 147 (mqmgateway_iot) R 122 122 120 52288 122 4194368 499 0 0 0 174 71 0 0 20 0 6 0 422 383217664 1844 18446744073709551615 187650102779904 187650102879264 281474041226224 0 0 0 0 4 16386 0 0 0 -1 1 0 0 0 0 0 187650102884576 187650102886432 187650102890496 281474041228833 281474041229146 281474041229146 281474041229280 0
THREAD 148 (mqmgateway_iot) S 122 122 120 52288 122 4194368 8 0 2 0 3 4 0 0 20 0 6 0 422 383217664 1844 18446744073709551615 187650102779904 187650102879264 281474041226224 0 0 0 0 4 16386 1 0 0 -1 0 0 0 0 0 0 187650102884576 187650102886432 187650102890496 281474041228833 281474041229146 281474041229146 281474041229280 0
PROCESS 140
140 (mosquitto) R 122 122 120 52288 122 4194560 264 0 0 0 326 553 0 0 20 0 1 0 316 4313088 619 18446744073709551615 187651044139008 187651044381976 281474540928912 0 0 0 0 4100 18947 0 0 0 17 0 0 0 0 0 0 187651044387072 187651044389032 187651044417536 281474540932874 281474540932958 281474540932958 281474540933092 0
VmHWM:	    2476 kB
VmRSS:	    2476 kB
Threads:	1
THREAD 140 (mosquitto) R 122 122 120 52288 122 4194560 264 0 0 0 328 555 0 0 20 0 1 0 316 4313088 619 18446744073709551615 187651044139008 187651044381976 281474540928912 0 0 0 0 4100 18947 0 0 0 17 0 0 0 0 0 0 187651044387072 187651044389032 187651044417536 281474540932874 281474540932958 281474540932958 281474540933092 0
PROCESS 150
150 (mqmgateway_arm6) R 122 122 120 52288 122 4194304 829 0 2 0 275 779 0 0 20 0 2 0 529 85700608 1995 18446744073709551615 187650168029184 187650168064956 281474180448560 0 0 0 0 6 0 0 0 0 17 1 0 0 0 0 0 187650168068560 187650168070176 187650168074240 281474180451920 281474180452177 281474180452177 281474180452311 0
VmHWM:	    7980 kB
VmRSS:	    7980 kB
Threads:	2
THREAD 150 (mqmgateway_arm6) S 122 122 120 52288 122 4194304 826 0 1 0 76 433 0 0 20 0 2 0 529 85700608 1995 18446744073709551615 187650168029184 187650168064956 281474180448560 0 0 0 0 6 0 1 0 0 17 1 0 0 0 0 0 187650168068560 187650168070176 187650168074240 281474180451920 281474180452177 281474180452177 281474180452311 0
THREAD 154 (mosquitto loop) R 122 122 120 52288 122 4194368 3 0 1 0 193 357 0 0 20 0 2 0 533 85700608 1995 18446744073709551615 187650168029184 187650168064956 281474180448560 0 0 0 0 6 0 0 0 0 -1 1 0 0 0 0 0 187650168068560 187650168070176 187650168074240 281474180451920 281474180452177 281474180452177 281474180452311 0
SYSTEM cpu  1487 0 1919 881 3 0 342 0 0 0
MemFree:          976012 kB
MemAvailable:     946000 kB
SwapFree:              0 kB
METRICS {"enqueued":72499,"dequeued":72499,"current_depth":0,"peak_depth":52,"rejected":0,"processing_latency_ms":0.320116,"published":72520,"publish_failures":0,"command_timeouts":0,"can_errors":0,"telemetry_qos":1,"mqtt_max_inflight":20,"pipeline_metrics_enabled":true,"can_pipeline":{"frames_read":72499,"parsed":72499,"rejected_frames":0,"read_errors":0,"parse":{"count":72499,"mean_us":6.7629,"max_us":6272.85,"p50_upper_us":4,"p95_upper_us":16,"p99_upper_us":128}},"telemetry_enqueued":72499,"telemetry_dequeued":72499,"telemetry_queue_wait":{"count":72499,"mean_us":318.458,"max_us":9738.77,"p50_upper_us":256,"p95_upper_us":2048,"p99_upper_us":4096},"command_queue_wait":{"count":0,"mean_us":0,"max_us":0,"p50_upper_us":0,"p95_upper_us":0,"p99_upper_us":0},"telemetry_worker_before_publish":{"count":72499,"mean_us":30.6813,"max_us":6293.07,"p50_upper_us":32,"p95_upper_us":128,"p99_upper_us":256},"mqtt_pipeline":{"publish_calls":72520,"publish_accepted":72520,"publish_api_errors":0,"puback_received":43050,"qos0_local_completed":0,"telemetry_accepted":72499,"telemetry_puback_received":43035,"pending_tracked":4096,"pending_peak":4096,"oldest_pending_us":3.02236e+06,"tracking_dropped":25374,"unmatched_callbacks":17311,"tracking_complete":false,"publish_api":{"count":72520,"mean_us":14.0012,"max_us":9172.16,"p50_upper_us":8,"p95_upper_us":64,"p99_upper_us":256},"telemetry_puback":{"count":43035,"mean_us":1.21234e+06,"max_us":3.03062e+06,"p50_upper_us":2.09715e+06,"p95_upper_us":3.03062e+06,"p99_upper_us":3.03062e+06}}}
SAMPLE 28.69
PROCESS 142
142 (mqmgateway_iot) S 122 122 120 52288 122 4194304 1469 0 16 0 863 1028 0 0 20 0 6 0 418 383217664 2100 18446744073709551615 187650102779904 187650102879264 281474041226224 0 0 0 0 4 16386 0 0 0 17 0 0 0 0 0 0 187650102884576 187650102886432 187650102890496 281474041228833 281474041229146 281474041229146 281474041229280 0
VmHWM:	    8528 kB
VmRSS:	    8528 kB
Threads:	6
THREAD 142 (mqmgateway_iot) S 122 122 120 52288 122 4194304 163 0 14 0 3 1 0 0 20 0 6 0 418 383217664 2132 18446744073709551615 187650102779904 187650102879264 281474041226224 0 0 0 0 4 16386 1 0 0 17 0 0 0 0 0 0 187650102884576 187650102886432 187650102890496 281474041228833 281474041229146 281474041229146 281474041229280 0
THREAD 144 (mosquitto loop) R 122 122 120 52288 122 4194368 7 0 0 0 242 437 0 0 20 0 6 0 422 383217664 2132 18446744073709551615 187650102779904 187650102879264 281474041226224 0 0 0 0 4 16386 0 0 0 -1 1 0 0 0 0 0 187650102884576 187650102886432 187650102890496 281474041228833 281474041229146 281474041229146 281474041229280 0
THREAD 145 (mqmgateway_iot) R 122 122 120 52288 122 4194368 117 0 0 0 173 385 0 0 20 0 6 0 422 383217664 2132 18446744073709551615 187650102779904 187650102879264 281474041226224 0 0 0 0 4 16386 0 0 0 -1 0 0 0 0 0 0 187650102884576 187650102886432 187650102890496 281474041228833 281474041229146 281474041229146 281474041229280 0
THREAD 146 (mqmgateway_iot) R 122 122 120 52288 122 4194368 608 0 0 0 232 97 0 0 20 0 6 0 422 383217664 2132 18446744073709551615 187650102779904 187650102879264 281474041226224 0 0 0 0 4 16386 0 0 0 -1 0 0 0 0 0 0 187650102884576 187650102886432 187650102890496 281474041228833 281474041229146 281474041229146 281474041229280 0
THREAD 147 (mqmgateway_iot) S 122 122 120 52288 122 4194368 582 0 0 0 225 93 0 0 20 0 6 0 422 383217664 2132 18446744073709551615 187650102779904 187650102879264 281474041226224 0 0 0 0 4 16386 1 0 0 -1 0 0 0 0 0 0 187650102884576 187650102886432 187650102890496 281474041228833 281474041229146 281474041229146 281474041229280 0
THREAD 148 (mqmgateway_iot) S 122 122 120 52288 122 4194368 8 0 2 0 4 5 0 0 20 0 6 0 422 383217664 2132 18446744073709551615 187650102779904 187650102879264 281474041226224 0 0 0 0 4 16386 1 0 0 -1 1 0 0 0 0 0 187650102884576 187650102886432 187650102890496 281474041228833 281474041229146 281474041229146 281474041229280 0
PROCESS 140
140 (mosquitto) R 122 122 120 52288 122 4194560 265 0 0 0 431 740 0 0 20 0 1 0 316 4313088 619 18446744073709551615 187651044139008 187651044381976 281474540928912 0 0 0 18947 4100 18947 0 0 0 17 1 0 0 0 0 0 187651044387072 187651044389032 187651044417536 281474540932874 281474540932958 281474540932958 281474540933092 0
VmHWM:	    2476 kB
VmRSS:	    2476 kB
Threads:	1
THREAD 140 (mosquitto) R 122 122 120 52288 122 4194560 265 0 0 0 432 743 0 0 20 0 1 0 316 4313088 619 18446744073709551615 187651044139008 187651044381976 281474540928912 0 0 0 18947 4100 18947 0 0 0 17 1 0 0 0 0 0 187651044387072 187651044389032 187651044417536 281474540932874 281474540932958 281474540932958 281474540933092 0
PROCESS 150
150 (mqmgateway_arm6) R 122 122 120 52288 122 4194304 829 0 2 0 362 1023 0 0 20 0 2 0 529 85700608 1995 18446744073709551615 187650168029184 187650168064956 281474180448560 0 0 0 0 6 0 0 0 0 17 0 0 0 0 0 0 187650168068560 187650168070176 187650168074240 281474180451920 281474180452177 281474180452177 281474180452311 0
VmHWM:	    7980 kB
VmRSS:	    7980 kB
Threads:	2
THREAD 150 (mqmgateway_arm6) R 122 122 120 52288 122 4194304 826 0 1 0 99 566 0 0 20 0 2 0 529 85700608 1995 18446744073709551615 187650168029184 187650168064956 281474180448560 0 0 0 0 6 0 0 0 0 17 1 0 0 0 0 0 187650168068560 187650168070176 187650168074240 281474180451920 281474180452177 281474180452177 281474180452311 0
THREAD 154 (mosquitto loop) R 122 122 120 52288 122 4194368 3 0 1 0 255 468 0 0 20 0 2 0 533 85700608 1995 18446744073709551615 187650168029184 187650168064956 281474180448560 0 0 0 0 6 0 0 0 0 -1 1 0 0 0 0 0 187650168068560 187650168070176 187650168074240 281474180451920 281474180452177 281474180452177 281474180452311 0
SYSTEM cpu  1901 0 2506 908 3 0 449 0 0 0
MemFree:          975304 kB
MemAvailable:     945300 kB
SwapFree:              0 kB
METRICS {"enqueued":92726,"dequeued":92726,"current_depth":0,"peak_depth":52,"rejected":0,"processing_latency_ms":0.323497,"published":92752,"publish_failures":0,"command_timeouts":0,"can_errors":0,"telemetry_qos":1,"mqtt_max_inflight":20,"pipeline_metrics_enabled":true,"can_pipeline":{"frames_read":92726,"parsed":92726,"rejected_frames":0,"read_errors":0,"parse":{"count":92726,"mean_us":6.63319,"max_us":6272.85,"p50_upper_us":4,"p95_upper_us":16,"p99_upper_us":128}},"telemetry_enqueued":92726,"telemetry_dequeued":92726,"telemetry_queue_wait":{"count":92726,"mean_us":321.808,"max_us":9738.77,"p50_upper_us":256,"p95_upper_us":2048,"p99_upper_us":4096},"command_queue_wait":{"count":0,"mean_us":0,"max_us":0,"p50_upper_us":0,"p95_upper_us":0,"p99_upper_us":0},"telemetry_worker_before_publish":{"count":92726,"mean_us":30.5398,"max_us":6293.07,"p50_upper_us":32,"p95_upper_us":128,"p99_upper_us":256},"mqtt_pipeline":{"publish_calls":92752,"publish_accepted":92752,"publish_api_errors":0,"puback_received":49143,"qos0_local_completed":0,"telemetry_accepted":92726,"telemetry_puback_received":49128,"pending_tracked":4096,"pending_peak":4096,"oldest_pending_us":3.83163e+06,"tracking_dropped":39513,"unmatched_callbacks":28257,"tracking_complete":false,"publish_api":{"count":92752,"mean_us":14.0245,"max_us":9172.16,"p50_upper_us":8,"p95_upper_us":64,"p99_upper_us":256},"telemetry_puback":{"count":49128,"mean_us":1.48452e+06,"max_us":3.83388e+06,"p50_upper_us":2.09715e+06,"p95_upper_us":3.83388e+06,"p99_upper_us":3.83388e+06}}}
SAMPLE 34.44
PROCESS 142
142 (mqmgateway_iot) S 122 122 120 52288 122 4194304 1845 0 16 0 1086 1271 0 0 20 0 6 0 418 383217664 2484 18446744073709551615 187650102779904 187650102879264 281474041226224 0 0 0 0 4 16386 0 0 0 17 0 0 0 0 0 0 187650102884576 187650102886432 187650102890496 281474041228833 281474041229146 281474041229146 281474041229280 0
VmHWM:	    9936 kB
VmRSS:	    9936 kB
Threads:	6
THREAD 142 (mqmgateway_iot) S 122 122 120 52288 122 4194304 163 0 14 0 3 1 0 0 20 0 6 0 418 383217664 2516 18446744073709551615 187650102779904 187650102879264 281474041226224 0 0 0 0 4 16386 1 0 0 17 0 0 0 0 0 0 187650102884576 187650102886432 187650102890496 281474041228833 281474041229146 281474041229146 281474041229280 0
THREAD 144 (mosquitto loop) S 122 122 120 52288 122 4194368 7 0 0 0 295 535 0 0 20 0 6 0 422 383217664 2516 18446744073709551615 187650102779904 187650102879264 281474041226224 0 0 0 0 4 16386 1 0 0 -1 0 0 0 0 0 0 187650102884576 187650102886432 187650102890496 281474041228833 281474041229146 281474041229146 281474041229280 0
THREAD 145 (mqmgateway_iot) R 122 122 120 52288 122 4194368 152 0 0 0 219 487 0 0 20 0 6 0 422 383217664 2516 18446744073709551615 187650102779904 187650102879264 281474041226224 0 0 0 0 4 16386 0 0 0 -1 1 0 0 0 0 0 187650102884576 187650102886432 187650102890496 281474041228833 281474041229146 281474041229146 281474041229280 0
THREAD 146 (mqmgateway_iot) S 122 122 120 52288 122 4194368 779 0 0 0 295 119 0 0 20 0 6 0 422 383217664 2516 18446744073709551615 187650102779904 187650102879264 281474041226224 0 0 0 0 4 16386 1 0 0 -1 0 0 0 0 0 0 187650102884576 187650102886432 187650102890496 281474041228833 281474041229146 281474041229146 281474041229280 0
THREAD 147 (mqmgateway_iot) S 122 122 120 52288 122 4194368 770 0 0 0 285 118 0 0 20 0 6 0 422 383217664 2516 18446744073709551615 187650102779904 187650102879264 281474041226224 0 0 0 0 4 16386 1 0 0 -1 1 0 0 0 0 0 187650102884576 187650102886432 187650102890496 281474041228833 281474041229146 281474041229146 281474041229280 0
THREAD 148 (mqmgateway_iot) S 122 122 120 52288 122 4194368 8 0 2 0 5 5 0 0 20 0 6 0 422 383217664 2548 18446744073709551615 187650102779904 187650102879264 281474041226224 0 0 0 0 4 16386 1 0 0 -1 0 0 0 0 0 0 187650102884576 187650102886432 187650102890496 281474041228833 281474041229146 281474041229146 281474041229280 0
PROCESS 140
140 (mosquitto) R 122 122 120 52288 122 4194560 265 0 0 0 535 910 0 0 20 0 1 0 316 4313088 619 18446744073709551615 187651044139008 187651044381976 281474540928912 0 0 0 0 4100 18947 0 0 0 17 0 0 0 0 0 0 187651044387072 187651044389032 187651044417536 281474540932874 281474540932958 281474540932958 281474540933092 0
VmHWM:	    2476 kB
VmRSS:	    2476 kB
Threads:	1
THREAD 140 (mosquitto) R 122 122 120 52288 122 4194560 265 0 0 0 536 912 0 0 20 0 1 0 316 4313088 619 18446744073709551615 187651044139008 187651044381976 281474540928912 0 0 0 18947 4100 18947 0 0 0 17 0 0 0 0 0 0 187651044387072 187651044389032 187651044417536 281474540932874 281474540932958 281474540932958 281474540933092 0
PROCESS 150
150 (mqmgateway_arm6) S 122 122 120 52288 122 4194304 829 0 2 0 449 1279 0 0 20 0 2 0 529 85700608 1995 18446744073709551615 187650168029184 187650168064956 281474180448560 0 0 0 0 6 0 0 0 0 17 0 0 0 0 0 0 187650168068560 187650168070176 187650168074240 281474180451920 281474180452177 281474180452177 281474180452311 0
VmHWM:	    7980 kB
VmRSS:	    7980 kB
Threads:	2
THREAD 150 (mqmgateway_arm6) S 122 122 120 52288 122 4194304 826 0 1 0 125 707 0 0 20 0 2 0 529 85700608 1995 18446744073709551615 187650168029184 187650168064956 281474180448560 0 0 0 0 6 0 1 0 0 17 0 0 0 0 0 0 187650168068560 187650168070176 187650168074240 281474180451920 281474180452177 281474180452177 281474180452311 0
THREAD 154 (mosquitto loop) R 122 122 120 52288 122 4194368 3 0 1 0 318 584 0 0 20 0 2 0 533 85700608 1995 18446744073709551615 187650168029184 187650168064956 281474180448560 0 0 0 0 6 0 0 0 0 -1 1 0 0 0 0 0 187650168068560 187650168070176 187650168074240 281474180451920 281474180452177 281474180452177 281474180452311 0
SYSTEM cpu  2338 0 3076 934 3 0 561 0 0 0
MemFree:          973492 kB
MemAvailable:     943492 kB
SwapFree:              0 kB
METRICS {"enqueued":117021,"dequeued":117021,"current_depth":0,"peak_depth":52,"rejected":0,"processing_latency_ms":0.307931,"published":117053,"publish_failures":0,"command_timeouts":0,"can_errors":0,"telemetry_qos":1,"mqtt_max_inflight":20,"pipeline_metrics_enabled":true,"can_pipeline":{"frames_read":117023,"parsed":117023,"rejected_frames":0,"read_errors":0,"parse":{"count":117023,"mean_us":6.87149,"max_us":6272.85,"p50_upper_us":4,"p95_upper_us":16,"p99_upper_us":128}},"telemetry_enqueued":117023,"telemetry_dequeued":117022,"telemetry_queue_wait":{"count":117022,"mean_us":306.253,"max_us":9738.77,"p50_upper_us":256,"p95_upper_us":2048,"p99_upper_us":4096},"command_queue_wait":{"count":0,"mean_us":0,"max_us":0,"p50_upper_us":0,"p95_upper_us":0,"p99_upper_us":0},"telemetry_worker_before_publish":{"count":117022,"mean_us":30.6873,"max_us":6293.07,"p50_upper_us":32,"p95_upper_us":128,"p99_upper_us":256},"mqtt_pipeline":{"publish_calls":117054,"publish_accepted":117054,"publish_api_errors":0,"puback_received":54156,"qos0_local_completed":0,"telemetry_accepted":117022,"telemetry_puback_received":54139,"pending_tracked":4096,"pending_peak":4096,"oldest_pending_us":5.13379e+06,"tracking_dropped":58802,"unmatched_callbacks":42335,"tracking_complete":false,"publish_api":{"count":117054,"mean_us":14.3408,"max_us":9172.16,"p50_upper_us":8,"p95_upper_us":64,"p99_upper_us":256},"telemetry_puback":{"count":54139,"mean_us":1.7606e+06,"max_us":5.1292e+06,"p50_upper_us":2.09715e+06,"p95_upper_us":5.1292e+06,"p99_upper_us":5.1292e+06}}}
SAMPLE 40.26
PROCESS 142
142 (mqmgateway_iot) S 122 122 120 52288 122 4194304 2054 0 16 0 1260 1526 0 0 20 0 6 0 418 383217664 2708 18446744073709551615 187650102779904 187650102879264 281474041226224 0 0 0 0 4 16386 0 0 0 17 1 0 0 0 0 0 187650102884576 187650102886432 187650102890496 281474041228833 281474041229146 281474041229146 281474041229280 0
VmHWM:	   10832 kB
VmRSS:	   10832 kB
Threads:	6
THREAD 142 (mqmgateway_iot) S 122 122 120 52288 122 4194304 163 0 14 0 4 1 0 0 20 0 6 0 418 383217664 2708 18446744073709551615 187650102779904 187650102879264 281474041226224 0 0 0 0 4 16386 1 0 0 17 1 0 0 0 0 0 187650102884576 187650102886432 187650102890496 281474041228833 281474041229146 281474041229146 281474041229280 0
THREAD 144 (mosquitto loop) S 122 122 120 52288 122 4194368 8 0 0 0 352 660 0 0 20 0 6 0 422 383217664 2708 18446744073709551615 187650102779904 187650102879264 281474041226224 0 0 0 0 4 16386 1 0 0 -1 0 0 0 0 0 0 187650102884576 187650102886432 187650102890496 281474041228833 281474041229146 281474041229146 281474041229280 0
THREAD 145 (mqmgateway_iot) R 122 122 120 52288 122 4194368 171 0 0 0 263 566 0 0 20 0 6 0 422 383217664 2708 18446744073709551615 187650102779904 187650102879264 281474041226224 0 0 0 0 4 16386 0 0 0 -1 1 0 0 0 0 0 187650102884576 187650102886432 187650102890496 281474041228833 281474041229146 281474041229146 281474041229280 0
THREAD 146 (mqmgateway_iot) R 122 122 120 52288 122 4194368 854 0 0 0 337 137 0 0 20 0 6 0 422 383217664 2708 18446744073709551615 187650102779904 187650102879264 281474041226224 0 0 0 0 4 16386 0 0 0 -1 1 0 0 0 0 0 187650102884576 187650102886432 187650102890496 281474041228833 281474041229146 281474041229146 281474041229280 0
THREAD 147 (mqmgateway_iot) S 122 122 120 52288 122 4194368 851 0 0 0 326 136 0 0 20 0 6 0 422 383217664 2708 18446744073709551615 187650102779904 187650102879264 281474041226224 0 0 0 0 4 16386 1 0 0 -1 0 0 0 0 0 0 187650102884576 187650102886432 187650102890496 281474041228833 281474041229146 281474041229146 281474041229280 0
THREAD 148 (mqmgateway_iot) S 122 122 120 52288 122 4194368 8 0 2 0 5 7 0 0 20 0 6 0 422 383217664 2708 18446744073709551615 187650102779904 187650102879264 281474041226224 0 0 0 0 4 16386 1 0 0 -1 0 0 0 0 0 0 187650102884576 187650102886432 187650102890496 281474041228833 281474041229146 281474041229146 281474041229280 0
PROCESS 140
140 (mosquitto) S 122 122 120 52288 122 4194560 265 0 0 0 638 1101 0 0 20 0 1 0 316 4313088 619 18446744073709551615 187651044139008 187651044381976 281474540928912 0 0 0 18947 4100 18947 1 0 0 17 1 0 0 0 0 0 187651044387072 187651044389032 187651044417536 281474540932874 281474540932958 281474540932958 281474540933092 0
VmHWM:	    2476 kB
VmRSS:	    2476 kB
Threads:	1
THREAD 140 (mosquitto) R 122 122 120 52288 122 4194560 265 0 0 0 640 1104 0 0 20 0 1 0 316 4313088 619 18446744073709551615 187651044139008 187651044381976 281474540928912 0 0 0 18947 4100 18947 0 0 0 17 1 0 0 0 0 0 187651044387072 187651044389032 187651044417536 281474540932874 281474540932958 281474540932958 281474540933092 0
PROCESS 150
150 (mqmgateway_arm6) R 122 122 120 52288 122 4194304 829 0 2 0 557 1522 0 0 20 0 2 0 529 85700608 1995 18446744073709551615 187650168029184 187650168064956 281474180448560 0 0 0 0 6 0 0 0 0 17 1 0 0 0 0 0 187650168068560 187650168070176 187650168074240 281474180451920 281474180452177 281474180452177 281474180452311 0
VmHWM:	    7980 kB
VmRSS:	    7980 kB
Threads:	2
THREAD 150 (mqmgateway_arm6) R 122 122 120 52288 122 4194304 826 0 1 0 144 831 0 0 20 0 2 0 529 85700608 1995 18446744073709551615 187650168029184 187650168064956 281474180448560 0 0 0 0 6 0 0 0 0 17 1 0 0 0 0 0 187650168068560 187650168070176 187650168074240 281474180451920 281474180452177 281474180452177 281474180452311 0
THREAD 154 (mosquitto loop) R 122 122 120 52288 122 4194368 3 0 1 0 396 714 0 0 20 0 2 0 533 85700608 1995 18446744073709551615 187650168029184 187650168064956 281474180448560 0 0 0 0 6 0 0 0 0 -1 0 0 0 0 0 0 187650168068560 187650168070176 187650168074240 281474180451920 281474180452177 281474180452177 281474180452311 0
SYSTEM cpu  2746 0 3656 974 3 0 682 0 0 0
MemFree:          969396 kB
MemAvailable:     939400 kB
SwapFree:              0 kB
METRICS {"enqueued":141341,"dequeued":141339,"current_depth":2,"peak_depth":52,"rejected":0,"processing_latency_ms":0.324226,"published":141379,"publish_failures":0,"command_timeouts":0,"can_errors":0,"telemetry_qos":1,"mqtt_max_inflight":20,"pipeline_metrics_enabled":true,"can_pipeline":{"frames_read":141341,"parsed":141341,"rejected_frames":0,"read_errors":0,"parse":{"count":141341,"mean_us":6.67059,"max_us":6272.85,"p50_upper_us":4,"p95_upper_us":16,"p99_upper_us":128}},"telemetry_enqueued":141341,"telemetry_dequeued":141341,"telemetry_queue_wait":{"count":141341,"mean_us":322.588,"max_us":9738.77,"p50_upper_us":256,"p95_upper_us":2048,"p99_upper_us":4096},"command_queue_wait":{"count":0,"mean_us":0,"max_us":0,"p50_upper_us":0,"p95_upper_us":0,"p99_upper_us":0},"telemetry_worker_before_publish":{"count":141341,"mean_us":29.5083,"max_us":6293.07,"p50_upper_us":32,"p95_upper_us":128,"p99_upper_us":256},"mqtt_pipeline":{"publish_calls":141379,"publish_accepted":141379,"publish_api_errors":0,"puback_received":58446,"qos0_local_completed":0,"telemetry_accepted":141341,"telemetry_puback_received":58428,"pending_tracked":4096,"pending_peak":4096,"oldest_pending_us":5.44875e+06,"tracking_dropped":78837,"unmatched_callbacks":61118,"tracking_complete":false,"publish_api":{"count":141379,"mean_us":13.5187,"max_us":9172.16,"p50_upper_us":8,"p95_upper_us":64,"p99_upper_us":256},"telemetry_puback":{"count":58428,"mean_us":2.03732e+06,"max_us":5.71182e+06,"p50_upper_us":2.09715e+06,"p95_upper_us":5.71182e+06,"p99_upper_us":5.71182e+06}}}
SAMPLE 46.09
PROCESS 142
142 (mqmgateway_iot) S 122 122 120 52288 122 4194304 2056 0 16 0 1448 1770 0 0 20 0 6 0 418 383217664 2708 18446744073709551615 187650102779904 187650102879264 281474041226224 0 0 0 0 4 16386 0 0 0 17 1 0 0 0 0 0 187650102884576 187650102886432 187650102890496 281474041228833 281474041229146 281474041229146 281474041229280 0
VmHWM:	   10832 kB
VmRSS:	   10832 kB
Threads:	6
THREAD 142 (mqmgateway_iot) S 122 122 120 52288 122 4194304 163 0 14 0 4 1 0 0 20 0 6 0 418 383217664 2708 18446744073709551615 187650102779904 187650102879264 281474041226224 0 0 0 0 4 16386 1 0 0 17 1 0 0 0 0 0 187650102884576 187650102886432 187650102890496 281474041228833 281474041229146 281474041229146 281474041229280 0
THREAD 144 (mosquitto loop) S 122 122 120 52288 122 4194368 8 0 0 0 420 774 0 0 20 0 6 0 422 383217664 2708 18446744073709551615 187650102779904 187650102879264 281474041226224 0 0 0 0 4 16386 1 0 0 -1 1 0 0 0 0 0 187650102884576 187650102886432 187650102890496 281474041228833 281474041229146 281474041229146 281474041229280 0
THREAD 145 (mqmgateway_iot) R 122 122 120 52288 122 4194368 173 0 0 0 307 653 0 0 20 0 6 0 422 383217664 2708 18446744073709551615 187650102779904 187650102879264 281474041226224 0 0 0 0 4 16386 0 0 0 -1 1 0 0 0 0 0 187650102884576 187650102886432 187650102890496 281474041228833 281474041229146 281474041229146 281474041229280 0
THREAD 146 (mqmgateway_iot) S 122 122 120 52288 122 4194368 854 0 0 0 382 152 0 0 20 0 6 0 422 383217664 2708 18446744073709551615 187650102779904 187650102879264 281474041226224 0 0 0 0 4 16386 1 0 0 -1 1 0 0 0 0 0 187650102884576 187650102886432 187650102890496 281474041228833 281474041229146 281474041229146 281474041229280 0
THREAD 147 (mqmgateway_iot) S 122 122 120 52288 122 4194368 851 0 0 0 367 152 0 0 20 0 6 0 422 383217664 2708 18446744073709551615 187650102779904 187650102879264 281474041226224 0 0 0 0 4 16386 1 0 0 -1 1 0 0 0 0 0 187650102884576 187650102886432 187650102890496 281474041228833 281474041229146 281474041229146 281474041229280 0
THREAD 148 (mqmgateway_iot) S 122 122 120 52288 122 4194368 8 0 2 0 6 8 0 0 20 0 6 0 422 383217664 2708 18446744073709551615 187650102779904 187650102879264 281474041226224 0 0 0 0 4 16386 1 0 0 -1 0 0 0 0 0 0 187650102884576 187650102886432 187650102890496 281474041228833 281474041229146 281474041229146 281474041229280 0
PROCESS 140
140 (mosquitto) S 122 122 120 52288 122 4194560 265 0 0 0 748 1295 0 0 20 0 1 0 316 4313088 619 18446744073709551615 187651044139008 187651044381976 281474540928912 0 0 0 18947 4100 18947 1 0 0 17 0 0 0 0 0 0 187651044387072 187651044389032 187651044417536 281474540932874 281474540932958 281474540932958 281474540933092 0
VmHWM:	    2476 kB
VmRSS:	    2476 kB
Threads:	1
THREAD 140 (mosquitto) R 122 122 120 52288 122 4194560 265 0 0 0 748 1298 0 0 20 0 1 0 316 4313088 619 18446744073709551615 187651044139008 187651044381976 281474540928912 0 0 0 0 4100 18947 0 0 0 17 0 0 0 0 0 0 187651044387072 187651044389032 187651044417536 281474540932874 281474540932958 281474540932958 281474540933092 0
PROCESS 150
150 (mqmgateway_arm6) R 122 122 120 52288 122 4194304 829 0 2 0 659 1770 0 0 20 0 2 0 529 85700608 1995 18446744073709551615 187650168029184 187650168064956 281474180448560 0 0 0 0 6 0 0 0 0 17 0 0 0 0 0 0 187650168068560 187650168070176 187650168074240 281474180451920 281474180452177 281474180452177 281474180452311 0
VmHWM:	    7980 kB
VmRSS:	    7980 kB
Threads:	2
THREAD 150 (mqmgateway_arm6) R 122 122 120 52288 122 4194304 826 0 1 0 164 948 0 0 20 0 2 0 529 85700608 1995 18446744073709551615 187650168029184 187650168064956 281474180448560 0 0 0 0 6 0 0 0 0 17 0 0 0 0 0 0 187650168068560 187650168070176 187650168074240 281474180451920 281474180452177 281474180452177 281474180452311 0
THREAD 154 (mosquitto loop) R 122 122 120 52288 122 4194368 3 0 1 0 468 853 0 0 20 0 2 0 533 85700608 1995 18446744073709551615 187650168029184 187650168064956 281474180448560 0 0 0 0 6 0 0 0 0 -1 0 0 0 0 0 0 187650168068560 187650168070176 187650168074240 281474180451920 281474180452177 281474180452177 281474180452311 0
SYSTEM cpu  3157 0 4235 1008 3 0 794 0 0 0
MemFree:          969396 kB
MemAvailable:     939400 kB
SwapFree:              0 kB
METRICS {"enqueued":165727,"dequeued":165725,"current_depth":2,"peak_depth":99,"rejected":0,"processing_latency_ms":0.344159,"published":165772,"publish_failures":0,"command_timeouts":0,"can_errors":0,"telemetry_qos":1,"mqtt_max_inflight":20,"pipeline_metrics_enabled":true,"can_pipeline":{"frames_read":165729,"parsed":165729,"rejected_frames":0,"read_errors":0,"parse":{"count":165729,"mean_us":6.52709,"max_us":6272.85,"p50_upper_us":4,"p95_upper_us":16,"p99_upper_us":128}},"telemetry_enqueued":165729,"telemetry_dequeued":165729,"telemetry_queue_wait":{"count":165729,"mean_us":342.574,"max_us":9738.77,"p50_upper_us":256,"p95_upper_us":2048,"p99_upper_us":4096},"command_queue_wait":{"count":0,"mean_us":0,"max_us":0,"p50_upper_us":0,"p95_upper_us":0,"p99_upper_us":0},"telemetry_worker_before_publish":{"count":165729,"mean_us":28.3691,"max_us":6293.07,"p50_upper_us":16,"p95_upper_us":128,"p99_upper_us":256},"mqtt_pipeline":{"publish_calls":165772,"publish_accepted":165772,"publish_api_errors":0,"puback_received":62983,"qos0_local_completed":0,"telemetry_accepted":165728,"telemetry_puback_received":62964,"pending_tracked":4096,"pending_peak":4096,"oldest_pending_us":5.24104e+06,"tracking_dropped":98693,"unmatched_callbacks":81798,"tracking_complete":false,"publish_api":{"count":165772,"mean_us":12.6752,"max_us":9172.16,"p50_upper_us":4,"p95_upper_us":64,"p99_upper_us":256},"telemetry_puback":{"count":62964,"mean_us":2.26881e+06,"max_us":5.71182e+06,"p50_upper_us":2.09715e+06,"p95_upper_us":5.71182e+06,"p99_upper_us":5.71182e+06}}}
SAMPLE 51.83
PROCESS 142
142 (mqmgateway_iot) S 122 122 120 52288 122 4194304 2217 0 16 0 1652 2005 0 0 20 0 6 0 418 383217664 2836 18446744073709551615 187650102779904 187650102879264 281474041226224 0 0 0 0 4 16386 0 0 0 17 0 0 0 0 0 0 187650102884576 187650102886432 187650102890496 281474041228833 281474041229146 281474041229146 281474041229280 0
VmHWM:	   11472 kB
VmRSS:	   11472 kB
Threads:	6
THREAD 142 (mqmgateway_iot) S 122 122 120 52288 122 4194304 163 0 14 0 4 1 0 0 20 0 6 0 418 383217664 2868 18446744073709551615 187650102779904 187650102879264 281474041226224 0 0 0 0 4 16386 1 0 0 17 0 0 0 0 0 0 187650102884576 187650102886432 187650102890496 281474041228833 281474041229146 281474041229146 281474041229280 0
THREAD 144 (mosquitto loop) R 122 122 120 52288 122 4194368 8 0 0 0 477 873 0 0 20 0 6 0 422 383217664 2868 18446744073709551615 187650102779904 187650102879264 281474041226224 0 0 0 0 4 16386 0 0 0 -1 1 0 0 0 0 0 187650102884576 187650102886432 187650102890496 281474041228833 281474041229146 281474041229146 281474041229280 0
THREAD 145 (mqmgateway_iot) R 122 122 120 52288 122 4194368 180 0 0 0 349 739 0 0 20 0 6 0 422 383217664 2868 18446744073709551615 187650102779904 187650102879264 281474041226224 0 0 0 0 4 16386 0 0 0 -1 1 0 0 0 0 0 187650102884576 187650102886432 187650102890496 281474041228833 281474041229146 281474041229146 281474041229280 0
THREAD 146 (mqmgateway_iot) R 122 122 120 52288 122 4194368 932 0 0 0 431 179 0 0 20 0 6 0 422 383217664 2868 18446744073709551615 187650102779904 187650102879264 281474041226224 0 0 0 0 4 16386 0 0 0 -1 0 0 0 0 0 0 187650102884576 187650102886432 187650102890496 281474041228833 281474041229146 281474041229146 281474041229280 0
THREAD 147 (mqmgateway_iot) S 122 122 120 52288 122 4194368 946 0 0 0 419 174 0 0 20 0 6 0 422 383217664 2868 18446744073709551615 187650102779904 187650102879264 281474041226224 0 0 0 0 4 16386 1 0 0 -1 0 0 0 0 0 0 187650102884576 187650102886432 187650102890496 281474041228833 281474041229146 281474041229146 281474041229280 0
THREAD 148 (mqmgateway_iot) S 122 122 120 52288 122 4194368 8 0 2 0 6 9 0 0 20 0 6 0 422 383217664 2868 18446744073709551615 187650102779904 187650102879264 281474041226224 0 0 0 0 4 16386 1 0 0 -1 0 0 0 0 0 0 187650102884576 187650102886432 187650102890496 281474041228833 281474041229146 281474041229146 281474041229280 0
PROCESS 140
140 (mosquitto) R 122 122 120 52288 122 4194560 265 0 0 0 845 1487 0 0 20 0 1 0 316 4313088 619 18446744073709551615 187651044139008 187651044381976 281474540928912 0 0 0 18947 4100 18947 0 0 0 17 0 0 0 0 0 0 187651044387072 187651044389032 187651044417536 281474540932874 281474540932958 281474540932958 281474540933092 0
VmHWM:	    2476 kB
VmRSS:	    2476 kB
Threads:	1
THREAD 140 (mosquitto) R 122 122 120 52288 122 4194560 265 0 0 0 845 1489 0 0 20 0 1 0 316 4313088 619 18446744073709551615 187651044139008 187651044381976 281474540928912 0 0 0 0 4100 18947 0 0 0 17 0 0 0 0 0 0 187651044387072 187651044389032 187651044417536 281474540932874 281474540932958 281474540932958 281474540933092 0
PROCESS 150
150 (mqmgateway_arm6) S 122 122 120 52288 122 4194304 829 0 2 0 751 2009 0 0 20 0 2 0 529 85700608 1995 18446744073709551615 187650168029184 187650168064956 281474180448560 0 0 0 0 6 0 0 0 0 17 0 0 0 0 0 0 187650168068560 187650168070176 187650168074240 281474180451920 281474180452177 281474180452177 281474180452311 0
VmHWM:	    7980 kB
VmRSS:	    7980 kB
Threads:	2
THREAD 150 (mqmgateway_arm6) S 122 122 120 52288 122 4194304 826 0 1 0 189 1079 0 0 20 0 2 0 529 85700608 1995 18446744073709551615 187650168029184 187650168064956 281474180448560 0 0 0 0 6 0 1 0 0 17 0 0 0 0 0 0 187650168068560 187650168070176 187650168074240 281474180451920 281474180452177 281474180452177 281474180452311 0
THREAD 154 (mosquitto loop) R 122 122 120 52288 122 4194368 3 0 1 0 530 966 0 0 20 0 2 0 533 85700608 1995 18446744073709551615 187650168029184 187650168064956 281474180448560 0 0 0 0 6 0 0 0 0 -1 0 0 0 0 0 0 187650168068560 187650168070176 187650168074240 281474180451920 281474180452177 281474180452177 281474180452311 0
SYSTEM cpu  3556 0 4789 1048 3 0 908 0 0 0
MemFree:          969144 kB
MemAvailable:     939160 kB
SwapFree:              0 kB
METRICS {"enqueued":185929,"dequeued":185928,"current_depth":1,"peak_depth":99,"rejected":0,"processing_latency_ms":0.341862,"published":185978,"publish_failures":0,"command_timeouts":0,"can_errors":0,"telemetry_qos":1,"mqtt_max_inflight":20,"pipeline_metrics_enabled":true,"can_pipeline":{"frames_read":185930,"parsed":185930,"rejected_frames":0,"read_errors":0,"parse":{"count":185930,"mean_us":6.55186,"max_us":6272.85,"p50_upper_us":4,"p95_upper_us":16,"p99_upper_us":128}},"telemetry_enqueued":185930,"telemetry_dequeued":185929,"telemetry_queue_wait":{"count":185929,"mean_us":340.25,"max_us":9738.77,"p50_upper_us":256,"p95_upper_us":2048,"p99_upper_us":4096},"command_queue_wait":{"count":0,"mean_us":0,"max_us":0,"p50_upper_us":0,"p95_upper_us":0,"p99_upper_us":0},"telemetry_worker_before_publish":{"count":185929,"mean_us":28.58,"max_us":6293.07,"p50_upper_us":16,"p95_upper_us":128,"p99_upper_us":256},"mqtt_pipeline":{"publish_calls":185978,"publish_accepted":185978,"publish_api_errors":0,"puback_received":66585,"qos0_local_completed":0,"telemetry_accepted":185929,"telemetry_puback_received":66564,"pending_tracked":4096,"pending_peak":4096,"oldest_pending_us":6.24721e+06,"tracking_dropped":115297,"unmatched_callbacks":94386,"tracking_complete":false,"publish_api":{"count":185978,"mean_us":12.8904,"max_us":9172.16,"p50_upper_us":4,"p95_upper_us":64,"p99_upper_us":256},"telemetry_puback":{"count":66564,"mean_us":2.44711e+06,"max_us":6.2355e+06,"p50_upper_us":2.09715e+06,"p95_upper_us":6.2355e+06,"p99_upper_us":6.2355e+06}}}
SAMPLE 57.55
PROCESS 142
142 (mqmgateway_iot) S 122 122 120 52288 122 4194304 2577 0 16 0 1872 2266 0 0 20 0 6 0 418 383217664 3252 18446744073709551615 187650102779904 187650102879264 281474041226224 0 0 0 0 4 16386 0 0 0 17 0 0 0 0 0 0 187650102884576 187650102886432 187650102890496 281474041228833 281474041229146 281474041229146 281474041229280 0
VmHWM:	   13008 kB
VmRSS:	   13008 kB
Threads:	6
THREAD 142 (mqmgateway_iot) S 122 122 120 52288 122 4194304 163 0 14 0 4 1 0 0 20 0 6 0 418 383217664 3252 18446744073709551615 187650102779904 187650102879264 281474041226224 0 0 0 0 4 16386 1 0 0 17 0 0 0 0 0 0 187650102884576 187650102886432 187650102890496 281474041228833 281474041229146 281474041229146 281474041229280 0
THREAD 144 (mosquitto loop) R 122 122 120 52288 122 4194368 10 0 0 0 535 975 0 0 20 0 6 0 422 383217664 3252 18446744073709551615 187650102779904 187650102879264 281474041226224 0 0 0 0 4 16386 0 0 0 -1 1 0 0 0 0 0 187650102884576 187650102886432 187650102890496 281474041228833 281474041229146 281474041229146 281474041229280 0
THREAD 145 (mqmgateway_iot) R 122 122 120 52288 122 4194368 205 0 0 0 391 847 0 0 20 0 6 0 422 383217664 3252 18446744073709551615 187650102779904 187650102879264 281474041226224 0 0 0 0 4 16386 0 0 0 -1 0 0 0 0 0 0 187650102884576 187650102886432 187650102890496 281474041228833 281474041229146 281474041229146 281474041229280 0
THREAD 146 (mqmgateway_iot) S 122 122 120 52288 122 4194368 1117 0 0 0 484 209 0 0 20 0 6 0 422 383217664 3252 18446744073709551615 187650102779904 187650102879264 281474041226224 0 0 0 0 4 16386 1 0 0 -1 0 0 0 0 0 0 187650102884576 187650102886432 187650102890496 281474041228833 281474041229146 281474041229146 281474041229280 0
THREAD 147 (mqmgateway_iot) S 122 122 120 52288 122 4194368 1087 0 0 0 477 201 0 0 20 0 6 0 422 383217664 3252 18446744073709551615 187650102779904 187650102879264 281474041226224 0 0 0 0 4 16386 1 0 0 -1 0 0 0 0 0 0 187650102884576 187650102886432 187650102890496 281474041228833 281474041229146 281474041229146 281474041229280 0
THREAD 148 (mqmgateway_iot) S 122 122 120 52288 122 4194368 8 0 2 0 6 10 0 0 20 0 6 0 422 383217664 3252 18446744073709551615 187650102779904 187650102879264 281474041226224 0 0 0 0 4 16386 1 0 0 -1 1 0 0 0 0 0 187650102884576 187650102886432 187650102890496 281474041228833 281474041229146 281474041229146 281474041229280 0
PROCESS 140
140 (mosquitto) R 122 122 120 52288 122 4194560 265 0 0 0 941 1659 0 0 20 0 1 0 316 4313088 619 18446744073709551615 187651044139008 187651044381976 281474540928912 0 0 0 0 4100 18947 0 0 0 17 1 0 0 0 0 0 187651044387072 187651044389032 187651044417536 281474540932874 281474540932958 281474540932958 281474540933092 0
VmHWM:	    2476 kB
VmRSS:	    2476 kB
Threads:	1
THREAD 140 (mosquitto) R 122 122 120 52288 122 4194560 265 0 0 0 942 1662 0 0 20 0 1 0 316 4313088 619 18446744073709551615 187651044139008 187651044381976 281474540928912 0 0 0 0 4100 18947 0 0 0 17 1 0 0 0 0 0 187651044387072 187651044389032 187651044417536 281474540932874 281474540932958 281474540932958 281474540933092 0
PROCESS 150
150 (mqmgateway_arm6) R 122 122 120 52288 122 4194304 829 0 2 0 835 2264 0 0 20 0 2 0 529 85700608 1995 18446744073709551615 187650168029184 187650168064956 281474180448560 0 0 0 0 6 0 0 0 0 17 1 0 0 0 0 0 187650168068560 187650168070176 187650168074240 281474180451920 281474180452177 281474180452177 281474180452311 0
VmHWM:	    7980 kB
VmRSS:	    7980 kB
Threads:	2
THREAD 150 (mqmgateway_arm6) S 122 122 120 52288 122 4194304 826 0 1 0 209 1233 0 0 20 0 2 0 529 85700608 1995 18446744073709551615 187650168029184 187650168064956 281474180448560 0 0 0 0 6 0 1 0 0 17 1 0 0 0 0 0 187650168068560 187650168070176 187650168074240 281474180451920 281474180452177 281474180452177 281474180452311 0
THREAD 154 (mosquitto loop) R 122 122 120 52288 122 4194368 3 0 1 0 593 1069 0 0 20 0 2 0 533 85700608 1995 18446744073709551615 187650168029184 187650168064956 281474180448560 0 0 0 0 6 0 0 0 0 -1 0 0 0 0 0 0 187650168068560 187650168070176 187650168074240 281474180451920 281474180452177 281474180452177 281474180452311 0
SYSTEM cpu  3985 0 5384 1062 3 0 1028 0 0 0
MemFree:          964796 kB
MemAvailable:     934824 kB
SwapFree:              0 kB
METRICS {"enqueued":210236,"dequeued":210229,"current_depth":7,"peak_depth":99,"rejected":0,"processing_latency_ms":0.330375,"published":210290,"publish_failures":0,"command_timeouts":0,"can_errors":0,"telemetry_qos":1,"mqtt_max_inflight":20,"pipeline_metrics_enabled":true,"can_pipeline":{"frames_read":210236,"parsed":210236,"rejected_frames":0,"read_errors":0,"parse":{"count":210236,"mean_us":6.63021,"max_us":6272.85,"p50_upper_us":4,"p95_upper_us":16,"p99_upper_us":128}},"telemetry_enqueued":210236,"telemetry_dequeued":210236,"telemetry_queue_wait":{"count":210236,"mean_us":328.747,"max_us":9738.77,"p50_upper_us":256,"p95_upper_us":2048,"p99_upper_us":4096},"command_queue_wait":{"count":0,"mean_us":0,"max_us":0,"p50_upper_us":0,"p95_upper_us":0,"p99_upper_us":0},"telemetry_worker_before_publish":{"count":210236,"mean_us":28.9106,"max_us":6293.07,"p50_upper_us":32,"p95_upper_us":128,"p99_upper_us":256},"mqtt_pipeline":{"publish_calls":210290,"publish_accepted":210290,"publish_api_errors":0,"puback_received":70293,"qos0_local_completed":0,"telemetry_accepted":210235,"telemetry_puback_received":70268,"pending_tracked":4095,"pending_peak":4096,"oldest_pending_us":7.41654e+06,"tracking_dropped":135902,"unmatched_callbacks":110285,"tracking_complete":false,"publish_api":{"count":210290,"mean_us":12.9817,"max_us":9172.16,"p50_upper_us":4,"p95_upper_us":64,"p99_upper_us":256},"telemetry_puback":{"count":70268,"mean_us":2.6881e+06,"max_us":7.42505e+06,"p50_upper_us":4.1943e+06,"p95_upper_us":7.42505e+06,"p99_upper_us":7.42505e+06}}}
SAMPLE 63.35
PROCESS 142
142 (mqmgateway_iot) S 122 122 120 52288 122 4194304 2634 0 16 0 2064 2503 0 0 20 0 6 0 418 383217664 3252 18446744073709551615 187650102779904 187650102879264 281474041226224 0 0 0 0 4 16386 0 0 0 17 0 0 0 0 0 0 187650102884576 187650102886432 187650102890496 281474041228833 281474041229146 281474041229146 281474041229280 0
VmHWM:	   13136 kB
VmRSS:	   13136 kB
Threads:	6
THREAD 142 (mqmgateway_iot) S 122 122 120 52288 122 4194304 163 0 14 0 4 2 0 0 20 0 6 0 418 383217664 3284 18446744073709551615 187650102779904 187650102879264 281474041226224 0 0 0 0 4 16386 1 0 0 17 0 0 0 0 0 0 187650102884576 187650102886432 187650102890496 281474041228833 281474041229146 281474041229146 281474041229280 0
THREAD 144 (mosquitto loop) S 122 122 120 52288 122 4194368 10 0 0 0 603 1082 0 0 20 0 6 0 422 383217664 3284 18446744073709551615 187650102779904 187650102879264 281474041226224 0 0 0 0 4 16386 1 0 0 -1 1 0 0 0 0 0 187650102884576 187650102886432 187650102890496 281474041228833 281474041229146 281474041229146 281474041229280 0
THREAD 145 (mqmgateway_iot) S 122 122 120 52288 122 4194368 217 0 0 0 432 941 0 0 20 0 6 0 422 383217664 3284 18446744073709551615 187650102779904 187650102879264 281474041226224 0 0 0 0 4 16386 1 0 0 -1 0 0 0 0 0 0 187650102884576 187650102886432 187650102890496 281474041228833 281474041229146 281474041229146 281474041229280 0
THREAD 146 (mqmgateway_iot) S 122 122 120 52288 122 4194368 1134 0 0 0 530 224 0 0 20 0 6 0 422 383217664 3284 18446744073709551615 187650102779904 187650102879264 281474041226224 0 0 0 0 4 16386 1 0 0 -1 0 0 0 0 0 0 187650102884576 187650102886432 187650102890496 281474041228833 281474041229146 281474041229146 281474041229280 0
THREAD 147 (mqmgateway_iot) S 122 122 120 52288 122 4194368 1115 0 0 0 524 216 0 0 20 0 6 0 422 383217664 3284 18446744073709551615 187650102779904 187650102879264 281474041226224 0 0 0 0 4 16386 1 0 0 -1 0 0 0 0 0 0 187650102884576 187650102886432 187650102890496 281474041228833 281474041229146 281474041229146 281474041229280 0
THREAD 148 (mqmgateway_iot) S 122 122 120 52288 122 4194368 8 0 2 0 7 11 0 0 20 0 6 0 422 383217664 3284 18446744073709551615 187650102779904 187650102879264 281474041226224 0 0 0 0 4 16386 1 0 0 -1 1 0 0 0 0 0 187650102884576 187650102886432 187650102890496 281474041228833 281474041229146 281474041229146 281474041229280 0
PROCESS 140
140 (mosquitto) R 122 122 120 52288 122 4194560 265 0 0 0 1052 1846 0 0 20 0 1 0 316 4313088 619 18446744073709551615 187651044139008 187651044381976 281474540928912 0 0 0 18947 4100 18947 0 0 0 17 1 0 0 0 0 0 187651044387072 187651044389032 187651044417536 281474540932874 281474540932958 281474540932958 281474540933092 0
VmHWM:	    2476 kB
VmRSS:	    2476 kB
Threads:	1
THREAD 140 (mosquitto) R 122 122 120 52288 122 4194560 265 0 0 0 1054 1848 0 0 20 0 1 0 316 4313088 619 18446744073709551615 187651044139008 187651044381976 281474540928912 0 0 0 0 4100 18947 0 0 0 17 1 0 0 0 0 0 187651044387072 187651044389032 187651044417536 281474540932874 281474540932958 281474540932958 281474540933092 0
PROCESS 150
150 (mqmgateway_arm6) R 122 122 120 52288 122 4194304 829 0 2 0 933 2508 0 0 20 0 2 0 529 85700608 1995 18446744073709551615 187650168029184 187650168064956 281474180448560 0 0 0 0 6 0 0 0 0 17 0 0 0 0 0 0 187650168068560 187650168070176 187650168074240 281474180451920 281474180452177 281474180452177 281474180452311 0
VmHWM:	    7980 kB
VmRSS:	    7980 kB
Threads:	2
THREAD 150 (mqmgateway_arm6) S 122 122 120 52288 122 4194304 826 0 1 0 232 1353 0 0 20 0 2 0 529 85700608 1995 18446744073709551615 187650168029184 187650168064956 281474180448560 0 0 0 0 6 0 1 0 0 17 0 0 0 0 0 0 187650168068560 187650168070176 187650168074240 281474180451920 281474180452177 281474180452177 281474180452311 0
THREAD 154 (mosquitto loop) R 122 122 120 52288 122 4194368 3 0 1 0 659 1200 0 0 20 0 2 0 533 85700608 1995 18446744073709551615 187650168029184 187650168064956 281474180448560 0 0 0 0 6 0 0 0 0 -1 1 0 0 0 0 0 187650168068560 187650168070176 187650168074240 281474180451920 281474180452177 281474180452177 281474180452311 0
SYSTEM cpu  4408 0 5952 1108 3 0 1142 0 0 0
MemFree:          964544 kB
MemAvailable:     934576 kB
SwapFree:              0 kB
METRICS {"enqueued":234508,"dequeued":234502,"current_depth":6,"peak_depth":99,"rejected":0,"processing_latency_ms":0.339309,"published":234563,"publish_failures":0,"command_timeouts":0,"can_errors":0,"telemetry_qos":1,"mqtt_max_inflight":20,"pipeline_metrics_enabled":true,"can_pipeline":{"frames_read":234508,"parsed":234508,"rejected_frames":0,"read_errors":0,"parse":{"count":234508,"mean_us":6.5846,"max_us":6272.85,"p50_upper_us":4,"p95_upper_us":16,"p99_upper_us":128}},"telemetry_enqueued":234508,"telemetry_dequeued":234502,"telemetry_queue_wait":{"count":234502,"mean_us":337.713,"max_us":9738.77,"p50_upper_us":256,"p95_upper_us":2048,"p99_upper_us":4096},"command_queue_wait":{"count":0,"mean_us":0,"max_us":0,"p50_upper_us":0,"p95_upper_us":0,"p99_upper_us":0},"telemetry_worker_before_publish":{"count":234502,"mean_us":28.2462,"max_us":6293.07,"p50_upper_us":16,"p95_upper_us":128,"p99_upper_us":256},"mqtt_pipeline":{"publish_calls":234563,"publish_accepted":234563,"publish_api_errors":0,"puback_received":73022,"qos0_local_completed":0,"telemetry_accepted":234502,"telemetry_puback_received":72996,"pending_tracked":4096,"pending_peak":4096,"oldest_pending_us":7.55136e+06,"tracking_dropped":157445,"unmatched_callbacks":131314,"tracking_complete":false,"publish_api":{"count":234563,"mean_us":12.5508,"max_us":9172.16,"p50_upper_us":4,"p95_upper_us":64,"p99_upper_us":256},"telemetry_puback":{"count":72996,"mean_us":2.86254e+06,"max_us":7.5527e+06,"p50_upper_us":4.1943e+06,"p95_upper_us":7.5527e+06,"p99_upper_us":7.5527e+06}}}
SAMPLE 69.14
PROCESS 142
142 (mqmgateway_iot) S 122 122 120 52288 122 4194304 2739 0 16 0 2197 2691 0 0 20 0 6 0 418 383217664 3380 18446744073709551615 187650102779904 187650102879264 281474041226224 0 0 0 0 4 16386 0 0 0 17 1 0 0 0 0 0 187650102884576 187650102886432 187650102890496 281474041228833 281474041229146 281474041229146 281474041229280 0
VmHWM:	   13520 kB
VmRSS:	   13520 kB
Threads:	6
THREAD 142 (mqmgateway_iot) S 122 122 120 52288 122 4194304 163 0 14 0 4 2 0 0 20 0 6 0 418 383217664 3380 18446744073709551615 187650102779904 187650102879264 281474041226224 0 0 0 0 4 16386 1 0 0 17 1 0 0 0 0 0 187650102884576 187650102886432 187650102890496 281474041228833 281474041229146 281474041229146 281474041229280 0
THREAD 144 (mosquitto loop) S 122 122 120 52288 122 4194368 10 0 0 0 683 1224 0 0 20 0 6 0 422 383217664 3380 18446744073709551615 187650102779904 187650102879264 281474041226224 0 0 0 0 4 16386 1 0 0 -1 0 0 0 0 0 0 187650102884576 187650102886432 187650102890496 281474041228833 281474041229146 281474041229146 281474041229280 0
THREAD 145 (mqmgateway_iot) S 122 122 120 52288 122 4194368 221 0 0 0 444 967 0 0 20 0 6 0 422 383217664 3380 18446744073709551615 187650102779904 187650102879264 281474041226224 0 0 0 0 4 16386 1 0 0 -1 0 0 0 0 0 0 187650102884576 187650102886432 187650102890496 281474041228833 281474041229146 281474041229146 281474041229280 0
THREAD 146 (mqmgateway_iot) S 122 122 120 52288 122 4194368 1211 0 0 0 547 231 0 0 20 0 6 0 422 383217664 3380 18446744073709551615 187650102779904 187650102879264 281474041226224 0 0 0 0 4 16386 1 0 0 -1 0 0 0 0 0 0 187650102884576 187650102886432 187650102890496 281474041228833 281474041229146 281474041229146 281474041229280 0
THREAD 147 (mqmgateway_iot) S 122 122 120 52288 122 4194368 1126 0 0 0 541 222 0 0 20 0 6 0 422 383217664 3380 18446744073709551615 187650102779904 187650102879264 281474041226224 0 0 0 0 4 16386 1 0 0 -1 0 0 0 0 0 0 187650102884576 187650102886432 187650102890496 281474041228833 281474041229146 281474041229146 281474041229280 0
THREAD 148 (mqmgateway_iot) S 122 122 120 52288 122 4194368 8 0 2 0 8 12 0 0 20 0 6 0 422 383217664 3380 18446744073709551615 187650102779904 187650102879264 281474041226224 0 0 0 0 4 16386 1 0 0 -1 0 0 0 0 0 0 187650102884576 187650102886432 187650102890496 281474041228833 281474041229146 281474041229146 281474041229280 0
PROCESS 140
140 (mosquitto) R 122 122 120 52288 122 4194560 265 0 0 0 1194 2126 0 0 20 0 1 0 316 4313088 619 18446744073709551615 187651044139008 187651044381976 281474540928912 0 0 0 0 4100 18947 0 0 0 17 1 0 0 0 0 0 187651044387072 187651044389032 187651044417536 281474540932874 281474540932958 281474540932958 281474540933092 0
VmHWM:	    2476 kB
VmRSS:	    2476 kB
Threads:	1
THREAD 140 (mosquitto) R 122 122 120 52288 122 4194560 265 0 0 0 1195 2128 0 0 20 0 1 0 316 4313088 619 18446744073709551615 187651044139008 187651044381976 281474540928912 0 0 0 0 4100 18947 0 0 0 17 1 0 0 0 0 0 187651044387072 187651044389032 187651044417536 281474540932874 281474540932958 281474540932958 281474540933092 0
PROCESS 150
150 (mqmgateway_arm6) S 122 122 120 52288 122 4194304 829 0 2 0 1010 2693 0 0 20 0 2 0 529 85700608 1995 18446744073709551615 187650168029184 187650168064956 281474180448560 0 0 0 0 6 0 0 0 0 17 1 0 0 0 0 0 187650168068560 187650168070176 187650168074240 281474180451920 281474180452177 281474180452177 281474180452311 0
VmHWM:	    7980 kB
VmRSS:	    7980 kB
Threads:	2
THREAD 150 (mqmgateway_arm6) S 122 122 120 52288 122 4194304 826 0 1 0 241 1387 0 0 20 0 2 0 529 85700608 1995 18446744073709551615 187650168029184 187650168064956 281474180448560 0 0 0 0 6 0 1 0 0 17 1 0 0 0 0 0 187650168068560 187650168070176 187650168074240 281474180451920 281474180452177 281474180452177 281474180452311 0
THREAD 154 (mosquitto loop) R 122 122 120 52288 122 4194368 3 0 1 0 727 1350 0 0 20 0 2 0 533 85700608 1995 18446744073709551615 187650168029184 187650168064956 281474180448560 0 0 0 0 6 0 0 0 0 -1 0 0 0 0 0 0 187650168068560 187650168070176 187650168074240 281474180451920 281474180452177 281474180452177 281474180452311 0
SYSTEM cpu  4750 0 6465 1200 3 0 1254 0 0 0
MemFree:          963896 kB
MemAvailable:     933932 kB
SwapFree:              0 kB
METRICS {"enqueued":240000,"dequeued":240000,"current_depth":0,"peak_depth":99,"rejected":0,"processing_latency_ms":0.338772,"published":240066,"publish_failures":0,"command_timeouts":0,"can_errors":0,"telemetry_qos":1,"mqtt_max_inflight":20,"pipeline_metrics_enabled":true,"can_pipeline":{"frames_read":240000,"parsed":240000,"rejected_frames":0,"read_errors":0,"parse":{"count":240000,"mean_us":6.57502,"max_us":6272.85,"p50_upper_us":4,"p95_upper_us":16,"p99_upper_us":128}},"telemetry_enqueued":240000,"telemetry_dequeued":240000,"telemetry_queue_wait":{"count":240000,"mean_us":337.178,"max_us":9738.77,"p50_upper_us":256,"p95_upper_us":2048,"p99_upper_us":4096},"command_queue_wait":{"count":0,"mean_us":0,"max_us":0,"p50_upper_us":0,"p95_upper_us":0,"p99_upper_us":0},"telemetry_worker_before_publish":{"count":240000,"mean_us":28.2574,"max_us":6293.07,"p50_upper_us":16,"p95_upper_us":128,"p99_upper_us":256},"mqtt_pipeline":{"publish_calls":240066,"publish_accepted":240066,"publish_api_errors":0,"puback_received":76961,"qos0_local_completed":0,"telemetry_accepted":240000,"telemetry_puback_received":76932,"pending_tracked":1295,"pending_peak":4096,"oldest_pending_us":5.33099e+06,"tracking_dropped":161810,"unmatched_callbacks":156493,"tracking_complete":false,"publish_api":{"count":240066,"mean_us":12.6049,"max_us":9172.16,"p50_upper_us":4,"p95_upper_us":64,"p99_upper_us":256},"telemetry_puback":{"count":76932,"mean_us":3.06167e+06,"max_us":7.89254e+06,"p50_upper_us":4.1943e+06,"p95_upper_us":7.89254e+06,"p99_upper_us":7.89254e+06}}}
