PIDS gateway=142 broker=140 probe=150
CLK_TCK=100 (Linux USER_HZ fallback=100 if getconf unavailable)
SAMPLE 5.37
PROCESS 142
142 (mqmgateway_iot) S 122 122 120 52288 122 4194304 180 0 16 0 4 3 0 0 20 0 6 0 424 181891072 760 18446744073709551615 187650276851712 187650276951072 281474373808688 0 0 0 0 4 16386 0 0 0 17 1 0 0 0 0 0 187650276956384 187650276958240 187650276962304 281474373811746 281474373812058 281474373812058 281474373812192 0
VmHWM:	    3040 kB
VmRSS:	    3040 kB
Threads:	6
THREAD 142 (mqmgateway_iot) S 122 122 120 52288 122 4194304 165 0 14 0 2 1 0 0 20 0 6 0 424 383217664 760 18446744073709551615 187650276851712 187650276951072 281474373808688 0 0 0 0 4 16386 1 0 0 17 0 0 0 0 0 0 187650276956384 187650276958240 187650276962304 281474373811746 281474373812058 281474373812058 281474373812192 0
THREAD 144 (mosquitto loop) R 122 122 120 52288 122 4194368 5 0 0 0 1 0 0 0 20 0 6 0 428 383217664 792 18446744073709551615 187650276851712 187650276951072 281474373808688 0 0 0 0 4 16386 0 0 0 -1 0 0 0 0 0 0 187650276956384 187650276958240 187650276962304 281474373811746 281474373812058 281474373812058 281474373812192 0
THREAD 145 (mqmgateway_iot) R 122 122 120 52288 122 4194368 6 0 0 0 1 0 0 0 20 0 6 0 428 383217664 792 18446744073709551615 187650276851712 187650276951072 281474373808688 0 0 0 0 4 16386 0 0 0 -1 1 0 0 0 0 0 187650276956384 187650276958240 187650276962304 281474373811746 281474373812058 281474373812058 281474373812192 0
THREAD 146 (mqmgateway_iot) S 122 122 120 52288 122 4194368 11 0 0 0 0 1 0 0 20 0 6 0 428 383217664 792 18446744073709551615 187650276851712 187650276951072 281474373808688 0 0 0 0 4 16386 1 0 0 -1 1 0 0 0 0 0 187650276956384 187650276958240 187650276962304 281474373811746 281474373812058 281474373812058 281474373812192 0
THREAD 147 (mqmgateway_iot) S 122 122 120 52288 122 4194368 11 0 0 0 0 0 0 0 20 0 6 0 428 383217664 792 18446744073709551615 187650276851712 187650276951072 281474373808688 0 0 0 0 4 16386 1 0 0 -1 1 0 0 0 0 0 187650276956384 187650276958240 187650276962304 281474373811746 281474373812058 281474373812058 281474373812192 0
THREAD 148 (mqmgateway_iot) S 122 122 120 52288 122 4194368 8 0 2 0 1 1 0 0 20 0 6 0 428 383217664 792 18446744073709551615 187650276851712 187650276951072 281474373808688 0 0 0 0 4 16386 1 0 0 -1 1 0 0 0 0 0 187650276956384 187650276958240 187650276962304 281474373811746 281474373812058 281474373812058 281474373812192 0
PROCESS 140
140 (mosquitto) S 122 122 120 52288 122 4194560 127 0 0 0 4 5 0 0 20 0 1 0 321 3772416 478 18446744073709551615 187650634973184 187650635216152 281474833978848 0 0 0 18947 4100 18947 1 0 0 17 0 0 0 0 0 0 187650635221248 187650635223208 187650635251712 281474833981194 281474833981278 281474833981278 281474833981412 0
VmHWM:	    1912 kB
VmRSS:	    1912 kB
Threads:	1
THREAD 140 (mosquitto) R 122 122 120 52288 122 4194560 132 0 0 0 4 6 0 0 20 0 1 0 321 3772416 478 18446744073709551615 187650634973184 187650635216152 281474833978848 0 0 0 18947 4100 18947 0 0 0 17 0 0 0 0 0 0 187650635221248 187650635223208 187650635251712 281474833981194 281474833981278 281474833981278 281474833981412 0
PROCESS 150
150 (mqmgateway_arm6) R 122 122 120 52288 122 4194304 319 0 2 0 5 9 0 0 20 0 2 0 534 85700608 1990 18446744073709551615 187650746679296 187650746715068 281474680448976 0 0 0 0 6 0 0 0 0 17 0 0 0 0 0 0 187650746718672 187650746720288 187650746724352 281474680450640 281474680450897 281474680450897 281474680451031 0
VmHWM:	    7960 kB
VmRSS:	    7960 kB
Threads:	2
THREAD 150 (mqmgateway_arm6) R 122 122 120 52288 122 4194304 317 0 1 0 3 7 0 0 20 0 2 0 534 85700608 1990 18446744073709551615 187650746679296 187650746715068 281474680448976 0 0 0 0 6 0 0 0 0 17 0 0 0 0 0 0 187650746718672 187650746720288 187650746724352 281474680450640 281474680450897 281474680450897 281474680451031 0
THREAD 154 (mosquitto loop) S 122 122 120 52288 122 4194368 2 0 1 0 1 4 0 0 20 0 2 0 537 85700608 1990 18446744073709551615 187650746679296 187650746715068 281474680448976 0 0 0 0 6 0 1 0 0 -1 0 0 0 0 0 0 187650746718672 187650746720288 187650746724352 281474680450640 281474680450897 281474680450897 281474680451031 0
SYSTEM cpu  170 0 116 810 3 0 5 0 0 0
MemFree:          984112 kB
MemAvailable:     954048 kB
SwapFree:              0 kB
METRICS {"enqueued":0,"dequeued":0,"current_depth":0,"peak_depth":0,"rejected":0,"processing_latency_ms":0,"published":3,"publish_failures":0,"command_timeouts":0,"can_errors":0,"telemetry_qos":1,"mqtt_max_inflight":20,"pipeline_metrics_enabled":true,"can_pipeline":{"frames_read":0,"parsed":0,"rejected_frames":0,"read_errors":0,"parse":{"count":0,"mean_us":0,"max_us":0,"p50_upper_us":0,"p95_upper_us":0,"p99_upper_us":0}},"telemetry_enqueued":0,"telemetry_dequeued":0,"telemetry_queue_wait":{"count":0,"mean_us":0,"max_us":0,"p50_upper_us":0,"p95_upper_us":0,"p99_upper_us":0},"command_queue_wait":{"count":0,"mean_us":0,"max_us":0,"p50_upper_us":0,"p95_upper_us":0,"p99_upper_us":0},"telemetry_worker_before_publish":{"count":0,"mean_us":0,"max_us":0,"p50_upper_us":0,"p95_upper_us":0,"p99_upper_us":0},"mqtt_pipeline":{"publish_calls":3,"publish_accepted":3,"publish_api_errors":0,"puback_received":2,"qos0_local_completed":0,"telemetry_accepted":0,"telemetry_puback_received":0,"pending_tracked":1,"pending_peak":2,"oldest_pending_us":2134.78,"tracking_dropped":0,"unmatched_callbacks":0,"tracking_complete":true,"publish_api":{"count":3,"mean_us":285.792,"max_us":441.44,"p50_upper_us":441.44,"p95_upper_us":441.44,"p99_upper_us":441.44},"telemetry_puback":{"count":0,"mean_us":0,"max_us":0,"p50_upper_us":0,"p95_upper_us":0,"p99_upper_us":0}}}
SAMPLE 10.85
PROCESS 142
142 (mqmgateway_iot) S 122 122 120 52288 122 4194304 532 0 16 0 243 236 0 0 20 0 6 0 424 383217664 1144 18446744073709551615 187650276851712 187650276951072 281474373808688 0 0 0 0 4 16386 0 0 0 17 0 0 0 0 0 0 187650276956384 187650276958240 187650276962304 281474373811746 281474373812058 281474373812058 281474373812192 0
VmHWM:	    4576 kB
VmRSS:	    4576 kB
Threads:	6
THREAD 142 (mqmgateway_iot) S 122 122 120 52288 122 4194304 165 0 14 0 2 1 0 0 20 0 6 0 424 383217664 1144 18446744073709551615 187650276851712 187650276951072 281474373808688 0 0 0 0 4 16386 1 0 0 17 0 0 0 0 0 0 187650276956384 187650276958240 187650276962304 281474373811746 281474373812058 281474373812058 281474373812192 0
THREAD 144 (mosquitto loop) R 122 122 120 52288 122 4194368 5 0 0 0 57 93 0 0 20 0 6 0 428 383217664 1144 18446744073709551615 187650276851712 187650276951072 281474373808688 0 0 0 0 4 16386 0 0 0 -1 0 0 0 0 0 0 187650276956384 187650276958240 187650276962304 281474373811746 281474373812058 281474373812058 281474373812192 0
THREAD 145 (mqmgateway_iot) S 122 122 120 52288 122 4194368 35 0 0 0 50 104 0 0 20 0 6 0 428 383217664 1144 18446744073709551615 187650276851712 187650276951072 281474373808688 0 0 0 0 4 16386 1 0 0 -1 1 0 0 0 0 0 187650276956384 187650276958240 187650276962304 281474373811746 281474373812058 281474373812058 281474373812192 0
THREAD 146 (mqmgateway_iot) R 122 122 120 52288 122 4194368 163 0 0 0 61 27 0 0 20 0 6 0 428 383217664 1144 18446744073709551615 187650276851712 187650276951072 281474373808688 0 0 0 0 4 16386 0 0 0 -1 0 0 0 0 0 0 187650276956384 187650276958240 187650276962304 281474373811746 281474373812058 281474373812058 281474373812192 0
THREAD 147 (mqmgateway_iot) S 122 122 120 52288 122 4194368 163 0 0 0 65 22 0 0 20 0 6 0 428 383217664 1144 18446744073709551615 187650276851712 187650276951072 281474373808688 0 0 0 0 4 16386 1 0 0 -1 1 0 0 0 0 0 187650276956384 187650276958240 187650276962304 281474373811746 281474373812058 281474373812058 281474373812192 0
THREAD 148 (mqmgateway_iot) S 122 122 120 52288 122 4194368 8 0 2 0 1 2 0 0 20 0 6 0 428 383217664 1144 18446744073709551615 187650276851712 187650276951072 281474373808688 0 0 0 0 4 16386 1 0 0 -1 1 0 0 0 0 0 187650276956384 187650276958240 187650276962304 281474373811746 281474373812058 281474373812058 281474373812192 0
PROCESS 140
140 (mosquitto) R 122 122 120 52288 122 4194560 148 0 0 0 87 176 0 0 20 0 1 0 321 3772416 478 18446744073709551615 187650634973184 187650635216152 281474833978848 0 0 0 0 4100 18947 0 0 0 17 0 0 0 0 0 0 187650635221248 187650635223208 187650635251712 281474833981194 281474833981278 281474833981278 281474833981412 0
VmHWM:	    1912 kB
VmRSS:	    1912 kB
Threads:	1
THREAD 140 (mosquitto) R 122 122 120 52288 122 4194560 148 0 0 0 88 177 0 0 20 0 1 0 321 3772416 478 18446744073709551615 187650634973184 187650635216152 281474833978848 0 0 0 0 4100 18947 0 0 0 17 0 0 0 0 0 0 187650635221248 187650635223208 187650635251712 281474833981194 281474833981278 281474833981278 281474833981412 0
PROCESS 150
150 (mqmgateway_arm6) R 122 122 120 52288 122 4194304 319 0 2 0 86 258 0 0 20 0 2 0 534 85700608 1990 18446744073709551615 187650746679296 187650746715068 281474680448976 0 0 0 0 6 0 0 0 0 17 1 0 0 0 0 0 187650746718672 187650746720288 187650746724352 281474680450640 281474680450897 281474680450897 281474680451031 0
VmHWM:	    7960 kB
VmRSS:	    7960 kB
Threads:	2
THREAD 150 (mqmgateway_arm6) R 122 122 120 52288 122 4194304 317 0 1 0 28 151 0 0 20 0 2 0 534 85700608 1990 18446744073709551615 187650746679296 187650746715068 281474680448976 0 0 0 0 6 0 0 0 0 17 1 0 0 0 0 0 187650746718672 187650746720288 187650746724352 281474680450640 281474680450897 281474680450897 281474680451031 0
THREAD 154 (mosquitto loop) R 122 122 120 52288 122 4194368 2 0 1 0 59 111 0 0 20 0 2 0 537 85700608 1990 18446744073709551615 187650746679296 187650746715068 281474680448976 0 0 0 0 6 0 0 0 0 -1 0 0 0 0 0 0 187650746718672 187650746720288 187650746724352 281474680450640 281474680450897 281474680450897 281474680451031 0
SYSTEM cpu  606 0 698 825 3 0 108 0 0 0
MemFree:          982632 kB
MemAvailable:     952608 kB
SwapFree:              0 kB
METRICS {"enqueued":23938,"dequeued":23938,"current_depth":0,"peak_depth":44,"rejected":0,"processing_latency_ms":0.235403,"published":23947,"publish_failures":0,"command_timeouts":0,"can_errors":0,"telemetry_qos":1,"mqtt_max_inflight":20,"pipeline_metrics_enabled":true,"can_pipeline":{"frames_read":23938,"parsed":23938,"rejected_frames":0,"read_errors":0,"parse":{"count":23938,"mean_us":8.00866,"max_us":4544.58,"p50_upper_us":8,"p95_upper_us":16,"p99_upper_us":256}},"telemetry_enqueued":23938,"telemetry_dequeued":23938,"telemetry_queue_wait":{"count":23938,"mean_us":233.644,"max_us":6577.12,"p50_upper_us":128,"p95_upper_us":1024,"p99_upper_us":4096},"command_queue_wait":{"count":0,"mean_us":0,"max_us":0,"p50_upper_us":0,"p95_upper_us":0,"p99_upper_us":0},"telemetry_worker_before_publish":{"count":23938,"mean_us":32.7755,"max_us":9718.8,"p50_upper_us":32,"p95_upper_us":128,"p99_upper_us":256},"mqtt_pipeline":{"publish_calls":23947,"publish_accepted":23947,"publish_api_errors":0,"puback_received":20112,"qos0_local_completed":0,"telemetry_accepted":23938,"telemetry_puback_received":20104,"pending_tracked":3835,"pending_peak":3848,"oldest_pending_us":961410,"tracking_dropped":0,"unmatched_callbacks":0,"tracking_complete":true,"publish_api":{"count":23947,"mean_us":14.7888,"max_us":3238.38,"p50_upper_us":8,"p95_upper_us":64,"p99_upper_us":256},"telemetry_puback":{"count":20104,"mean_us":581059,"max_us":962557,"p50_upper_us":962557,"p95_upper_us":962557,"p99_upper_us":962557}}}
SAMPLE 16.59
PROCESS 142
142 (mqmgateway_iot) S 122 122 120 52288 122 4194304 775 0 16 0 516 469 0 0 20 0 6 0 424 383217664 1368 18446744073709551615 187650276851712 187650276951072 281474373808688 0 0 0 0 4 16386 0 0 0 17 0 0 0 0 0 0 187650276956384 187650276958240 187650276962304 281474373811746 281474373812058 281474373812058 281474373812192 0
VmHWM:	    5472 kB
VmRSS:	    5472 kB
Threads:	6
THREAD 142 (mqmgateway_iot) S 122 122 120 52288 122 4194304 165 0 14 0 2 2 0 0 20 0 6 0 424 383217664 1368 18446744073709551615 187650276851712 187650276951072 281474373808688 0 0 0 0 4 16386 1 0 0 17 0 0 0 0 0 0 187650276956384 187650276958240 187650276962304 281474373811746 281474373812058 281474373812058 281474373812192 0
THREAD 144 (mosquitto loop) S 122 122 120 52288 122 4194368 5 0 0 0 119 185 0 0 20 0 6 0 428 383217664 1368 18446744073709551615 187650276851712 187650276951072 281474373808688 0 0 0 0 4 16386 1 0 0 -1 0 0 0 0 0 0 187650276956384 187650276958240 187650276962304 281474373811746 281474373812058 281474373812058 281474373812192 0
THREAD 145 (mqmgateway_iot) S 122 122 120 52288 122 4194368 56 0 0 0 106 213 0 0 20 0 6 0 428 383217664 1368 18446744073709551615 187650276851712 187650276951072 281474373808688 0 0 0 0 4 16386 1 0 0 -1 1 0 0 0 0 0 187650276956384 187650276958240 187650276962304 281474373811746 281474373812058 281474373812058 281474373812192 0
THREAD 146 (mqmgateway_iot) S 122 122 120 52288 122 4194368 278 0 0 0 128 53 0 0 20 0 6 0 428 383217664 1368 18446744073709551615 187650276851712 187650276951072 281474373808688 0 0 0 0 4 16386 1 0 0 -1 1 0 0 0 0 0 187650276956384 187650276958240 187650276962304 281474373811746 281474373812058 281474373812058 281474373812192 0
THREAD 147 (mqmgateway_iot) S 122 122 120 52288 122 4194368 274 0 0 0 140 41 0 0 20 0 6 0 428 383217664 1368 18446744073709551615 187650276851712 187650276951072 281474373808688 0 0 0 0 4 16386 1 0 0 -1 0 0 0 0 0 0 187650276956384 187650276958240 187650276962304 281474373811746 281474373812058 281474373812058 281474373812192 0
THREAD 148 (mqmgateway_iot) S 122 122 120 52288 122 4194368 8 0 2 0 1 3 0 0 20 0 6 0 428 383217664 1368 18446744073709551615 187650276851712 187650276951072 281474373808688 0 0 0 0 4 16386 1 0 0 -1 0 0 0 0 0 0 187650276956384 187650276958240 187650276962304 281474373811746 281474373812058 281474373812058 281474373812192 0
PROCESS 140
140 (mosquitto) S 122 122 120 52288 122 4194560 151 0 0 0 184 332 0 0 20 0 1 0 321 3772416 510 18446744073709551615 187650634973184 187650635216152 281474833978848 0 0 0 18947 4100 18947 1 0 0 17 0 0 0 0 0 0 187650635221248 187650635223208 187650635251712 281474833981194 281474833981278 281474833981278 281474833981412 0
VmHWM:	    2040 kB
VmRSS:	    2040 kB
Threads:	1
THREAD 140 (mosquitto) R 122 122 120 52288 122 4194560 151 0 0 0 186 334 0 0 20 0 1 0 321 3772416 510 18446744073709551615 187650634973184 187650635216152 281474833978848 0 0 0 0 4100 18947 0 0 0 17 0 0 0 0 0 0 187650635221248 187650635223208 187650635251712 281474833981194 281474833981278 281474833981278 281474833981412 0
PROCESS 150
150 (mqmgateway_arm6) R 122 122 120 52288 122 4194304 319 0 2 0 171 510 0 0 20 0 2 0 534 85700608 1990 18446744073709551615 187650746679296 187650746715068 281474680448976 0 0 0 0 6 0 0 0 0 17 1 0 0 0 0 0 187650746718672 187650746720288 187650746724352 281474680450640 281474680450897 281474680450897 281474680451031 0
VmHWM:	    7960 kB
VmRSS:	    7960 kB
Threads:	2
THREAD 150 (mqmgateway_arm6) R 122 122 120 52288 122 4194304 317 0 1 0 55 299 0 0 20 0 2 0 534 85700608 1990 18446744073709551615 187650746679296 187650746715068 281474680448976 0 0 0 0 6 0 0 0 0 17 1 0 0 0 0 0 187650746718672 187650746720288 187650746724352 281474680450640 281474680450897 281474680450897 281474680451031 0
THREAD 154 (mosquitto loop) R 122 122 120 52288 122 4194368 2 0 1 0 121 210 0 0 20 0 2 0 537 85700608 1990 18446744073709551615 187650746679296 187650746715068 281474680448976 0 0 0 0 6 0 0 0 0 -1 0 0 0 0 0 0 187650746718672 187650746720288 187650746724352 281474680450640 281474680450897 281474680450897 281474680451031 0
SYSTEM cpu  1087 0 1269 835 3 0 199 0 0 0
MemFree:          980344 kB
MemAvailable:     950336 kB
SwapFree:              0 kB
METRICS {"enqueued":44160,"dequeued":44160,"current_depth":0,"peak_depth":44,"rejected":0,"processing_latency_ms":0.203146,"published":44176,"publish_failures":0,"command_timeouts":0,"can_errors":0,"telemetry_qos":1,"mqtt_max_inflight":20,"pipeline_metrics_enabled":true,"can_pipeline":{"frames_read":44162,"parsed":44162,"rejected_frames":0,"read_errors":0,"parse":{"count":44162,"mean_us":8.37112,"max_us":4544.58,"p50_upper_us":8,"p95_upper_us":16,"p99_upper_us":256}},"telemetry_enqueued":44162,"telemetry_dequeued":44162,"telemetry_queue_wait":{"count":44162,"mean_us":201.346,"max_us":6577.12,"p50_upper_us":128,"p95_upper_us":1024,"p99_upper_us":2048},"command_queue_wait":{"count":0,"mean_us":0,"max_us":0,"p50_upper_us":0,"p95_upper_us":0,"p99_upper_us":0},"telemetry_worker_before_publish":{"count":44162,"mean_us":33.6328,"max_us":9718.8,"p50_upper_us":32,"p95_upper_us":128,"p99_upper_us":256},"mqtt_pipeline":{"publish_calls":44176,"publish_accepted":44176,"publish_api_errors":0,"puback_received":34787,"qos0_local_completed":0,"telemetry_accepted":44162,"telemetry_puback_received":34776,"pending_tracked":4096,"pending_peak":4096,"oldest_pending_us":1.63906e+06,"tracking_dropped":5293,"unmatched_callbacks":2825,"tracking_complete":false,"publish_api":{"count":44176,"mean_us":14.6703,"max_us":3238.38,"p50_upper_us":8,"p95_upper_us":64,"p99_upper_us":256},"telemetry_puback":{"count":34776,"mean_us":883540,"max_us":1.6412e+06,"p50_upper_us":1.04858e+06,"p95_upper_us":1.6412e+06,"p99_upper_us":1.6412e+06}}}
SAMPLE 22.32
PROCESS 142
142 (mqmgateway_iot) S 122 122 120 52288 122 4194304 1080 0 16 0 797 710 0 0 20 0 6 0 424 383217664 1656 18446744073709551615 187650276851712 187650276951072 281474373808688 0 0 0 0 4 16386 0 0 0 17 0 0 0 0 0 0 187650276956384 187650276958240 187650276962304 281474373811746 281474373812058 281474373812058 281474373812192 0
VmHWM:	    6624 kB
VmRSS:	    6624 kB
Threads:	6
THREAD 142 (mqmgateway_iot) S 122 122 120 52288 122 4194304 165 0 14 0 2 2 0 0 20 0 6 0 424 383217664 1656 18446744073709551615 187650276851712 187650276951072 281474373808688 0 0 0 0 4 16386 1 0 0 17 0 0 0 0 0 0 187650276956384 187650276958240 187650276962304 281474373811746 281474373812058 281474373812058 281474373812192 0
THREAD 144 (mosquitto loop) S 122 122 120 52288 122 4194368 6 0 0 0 186 271 0 0 20 0 6 0 428 383217664 1688 18446744073709551615 187650276851712 187650276951072 281474373808688 0 0 0 0 4 16386 1 0 0 -1 0 0 0 0 0 0 187650276956384 187650276958240 187650276962304 281474373811746 281474373812058 281474373812058 281474373812192 0
THREAD 145 (mqmgateway_iot) S 122 122 120 52288 122 4194368 85 0 0 0 162 328 0 0 20 0 6 0 428 383217664 1688 18446744073709551615 187650276851712 187650276951072 281474373808688 0 0 0 0 4 16386 1 0 0 -1 1 0 0 0 0 0 187650276956384 187650276958240 187650276962304 281474373811746 281474373812058 281474373812058 281474373812192 0
THREAD 146 (mqmgateway_iot) S 122 122 120 52288 122 4194368 421 0 0 0 200 82 0 0 20 0 6 0 428 383217664 1688 18446744073709551615 187650276851712 187650276951072 281474373808688 0 0 0 0 4 16386 1 0 0 -1 0 0 0 0 0 0 187650276956384 187650276958240 187650276962304 281474373811746 281474373812058 281474373812058 281474373812192 0
THREAD 147 (mqmgateway_iot) R 122 122 120 52288 122 4194368 415 0 0 0 209 70 0 0 20 0 6 0 428 383217664 1688 18446744073709551615 187650276851712 187650276951072 281474373808688 0 0 0 0 4 16386 0 0 0 -1 1 0 0 0 0 0 187650276956384 187650276958240 187650276962304 281474373811746 281474373812058 281474373812058 281474373812192 0
THREAD 148 (mqmgateway_iot) S 122 122 120 52288 122 4194368 8 0 2 0 1 5 0 0 20 0 6 0 428 383217664 1688 18446744073709551615 187650276851712 187650276951072 281474373808688 0 0 0 0 4 16386 1 0 0 -1 1 0 0 0 0 0 187650276956384 187650276958240 187650276962304 281474373811746 281474373812058 281474373812058 281474373812192 0
PROCESS 140
140 (mosquitto) R 122 122 120 52288 122 4194560 151 0 0 0 277 487 0 0 20 0 1 0 321 3772416 510 18446744073709551615 187650634973184 187650635216152 281474833978848 0 0 0 0 4100 18947 0 0 0 17 0 0 0 0 0 0 187650635221248 187650635223208 187650635251712 281474833981194 281474833981278 281474833981278 281474833981412 0
VmHWM:	    2040 kB
VmRSS:	    2040 kB
Threads:	1
THREAD 140 (mosquitto) R 122 122 120 52288 122 4194560 151 0 0 0 278 489 0 0 20 0 1 0 321 3772416 510 18446744073709551615 187650634973184 187650635216152 281474833978848 0 0 0 0 4100 18947 0 0 0 17 0 0 0 0 0 0 187650635221248 187650635223208 187650635251712 281474833981194 281474833981278 281474833981278 281474833981412 0
PROCESS 150
150 (mqmgateway_arm6) R 122 122 120 52288 122 4194304 319 0 2 0 261 756 0 0 20 0 2 0 534 85700608 1990 18446744073709551615 187650746679296 187650746715068 281474680448976 0 0 0 0 6 0 0 0 0 17 1 0 0 0 0 0 187650746718672 187650746720288 187650746724352 281474680450640 281474680450897 281474680450897 281474680451031 0
VmHWM:	    7960 kB
VmRSS:	    7960 kB
Threads:	2
THREAD 150 (mqmgateway_arm6) R 122 122 120 52288 122 4194304 317 0 1 0 87 445 0 0 20 0 2 0 534 85700608 1990 18446744073709551615 187650746679296 187650746715068 281474680448976 0 0 0 0 6 0 0 0 0 17 1 0 0 0 0 0 187650746718672 187650746720288 187650746724352 281474680450640 281474680450897 281474680450897 281474680451031 0
THREAD 154 (mosquitto loop) R 122 122 120 52288 122 4194368 2 0 1 0 181 309 0 0 20 0 2 0 537 85700608 1990 18446744073709551615 187650746679296 187650746715068 281474680448976 0 0 0 0 6 0 0 0 0 -1 0 0 0 0 0 0 187650746718672 187650746720288 187650746724352 281474680450640 281474680450897 281474680450897 281474680451031 0
SYSTEM cpu  1578 0 1844 842 3 0 284 0 0 0
MemFree:          978048 kB
MemAvailable:     948048 kB
SwapFree:              0 kB
METRICS {"enqueued":68488,"dequeued":68488,"current_depth":0,"peak_depth":44,"rejected":0,"processing_latency_ms":0.199233,"published":68508,"publish_failures":0,"command_timeouts":0,"can_errors":0,"telemetry_qos":1,"mqtt_max_inflight":20,"pipeline_metrics_enabled":true,"can_pipeline":{"frames_read":68488,"parsed":68488,"rejected_frames":0,"read_errors":0,"parse":{"count":68488,"mean_us":8.46485,"max_us":4853.58,"p50_upper_us":8,"p95_upper_us":16,"p99_upper_us":256}},"telemetry_enqueued":68487,"telemetry_dequeued":68488,"telemetry_queue_wait":{"count":68488,"mean_us":197.386,"max_us":6577.12,"p50_upper_us":128,"p95_upper_us":1024,"p99_upper_us":2048},"command_queue_wait":{"count":0,"mean_us":0,"max_us":0,"p50_upper_us":0,"p95_upper_us":0,"p99_upper_us":0},"telemetry_worker_before_publish":{"count":68488,"mean_us":34.2103,"max_us":9718.8,"p50_upper_us":32,"p95_upper_us":128,"p99_upper_us":256},"mqtt_pipeline":{"publish_calls":68508,"publish_accepted":68508,"publish_api_errors":0,"puback_received":45496,"qos0_local_completed":0,"telemetry_accepted":68488,"telemetry_puback_received":45481,"pending_tracked":4096,"pending_peak":4096,"oldest_pending_us":2.66617e+06,"tracking_dropped":18916,"unmatched_callbacks":12335,"tracking_complete":false,"publish_api":{"count":68508,"mean_us":15.1482,"max_us":3421.6,"p50_upper_us":8,"p95_upper_us":64,"p99_upper_us":256},"telemetry_puback":{"count":45481,"mean_us":1.16897e+06,"max_us":2.67586e+06,"p50_upper_us":2.09715e+06,"p95_upper_us":2.67586e+06,"p99_upper_us":2.67586e+06}}}
SAMPLE 28.15
PROCESS 142
142 (mqmgateway_iot) S 122 122 120 52288 122 4194304 1238 0 16 0 996 942 0 0 20 0 6 0 424 383217664 1816 18446744073709551615 187650276851712 187650276951072 281474373808688 0 0 0 0 4 16386 0 0 0 17 1 0 0 0 0 0 187650276956384 187650276958240 187650276962304 281474373811746 281474373812058 281474373812058 281474373812192 0
VmHWM:	    7264 kB
VmRSS:	    7264 kB
Threads:	6
THREAD 142 (mqmgateway_iot) S 122 122 120 52288 122 4194304 165 0 14 0 2 2 0 0 20 0 6 0 424 383217664 1816 18446744073709551615 187650276851712 187650276951072 281474373808688 0 0 0 0 4 16386 1 0 0 17 1 0 0 0 0 0 187650276956384 187650276958240 187650276962304 281474373811746 281474373812058 281474373812058 281474373812192 0
THREAD 144 (mosquitto loop) S 122 122 120 52288 122 4194368 6 0 0 0 248 388 0 0 20 0 6 0 428 383217664 1816 18446744073709551615 187650276851712 187650276951072 281474373808688 0 0 0 0 4 16386 1 0 0 -1 0 0 0 0 0 0 187650276956384 187650276958240 187650276962304 281474373811746 281474373812058 281474373812058 281474373812192 0
THREAD 145 (mqmgateway_iot) R 122 122 120 52288 122 4194368 98 0 0 0 203 404 0 0 20 0 6 0 428 383217664 1816 18446744073709551615 187650276851712 187650276951072 281474373808688 0 0 0 0 4 16386 0 0 0 -1 1 0 0 0 0 0 187650276956384 187650276958240 187650276962304 281474373811746 281474373812058 281474373812058 281474373812192 0
THREAD 146 (mqmgateway_iot) R 122 122 120 52288 122 4194368 492 0 0 0 245 97 0 0 20 0 6 0 428 383217664 1816 18446744073709551615 187650276851712 187650276951072 281474373808688 0 0 0 0 4 16386 0 0 0 -1 1 0 0 0 0 0 187650276956384 187650276958240 187650276962304 281474373811746 281474373812058 281474373812058 281474373812192 0
THREAD 147 (mqmgateway_iot) S 122 122 120 52288 122 4194368 469 0 0 0 257 86 0 0 20 0 6 0 428 383217664 1816 18446744073709551615 187650276851712 187650276951072 281474373808688 0 0 0 0 4 16386 1 0 0 -1 1 0 0 0 0 0 187650276956384 187650276958240 187650276962304 281474373811746 281474373812058 281474373812058 281474373812192 0
THREAD 148 (mqmgateway_iot) S 122 122 120 52288 122 4194368 8 0 2 0 2 6 0 0 20 0 6 0 428 383217664 1816 18446744073709551615 187650276851712 187650276951072 281474373808688 0 0 0 0 4 16386 1 0 0 -1 1 0 0 0 0 0 187650276956384 187650276958240 187650276962304 281474373811746 281474373812058 281474373812058 281474373812192 0
PROCESS 140
140 (mosquitto) S 122 122 120 52288 122 4194560 264 0 0 0 381 684 0 0 20 0 1 0 321 4313088 574 18446744073709551615 187650634973184 187650635216152 281474833978848 0 0 0 18947 4100 18947 1 0 0 17 0 0 0 0 0 0 187650635221248 187650635223208 187650635251712 281474833981194 281474833981278 281474833981278 281474833981412 0
VmHWM:	    2296 kB
VmRSS:	    2296 kB
Threads:	1
THREAD 140 (mosquitto) R 122 122 120 52288 122 4194560 264 0 0 0 383 686 0 0 20 0 1 0 321 4313088 574 18446744073709551615 187650634973184 187650635216152 281474833978848 0 0 0 0 4100 18947 0 0 0 17 0 0 0 0 0 0 187650635221248 187650635223208 187650635251712 281474833981194 281474833981278 281474833981278 281474833981412 0
PROCESS 150
150 (mqmgateway_arm6) R 122 122 120 52288 122 4194304 319 0 2 0 361 1010 0 0 20 0 2 0 534 85700608 1990 18446744073709551615 187650746679296 187650746715068 281474680448976 0 0 0 0 6 0 0 0 0 17 0 0 0 0 0 0 187650746718672 187650746720288 187650746724352 281474680450640 281474680450897 281474680450897 281474680451031 0
VmHWM:	    7960 kB
VmRSS:	    7960 kB
Threads:	2
THREAD 150 (mqmgateway_arm6) R 122 122 120 52288 122 4194304 317 0 1 0 115 573 0 0 20 0 2 0 534 85700608 1990 18446744073709551615 187650746679296 187650746715068 281474680448976 0 0 0 0 6 0 0 0 0 17 0 0 0 0 0 0 187650746718672 187650746720288 187650746724352 281474680450640 281474680450897 281474680450897 281474680451031 0
THREAD 154 (mosquitto loop) R 122 122 120 52288 122 4194368 2 0 1 0 249 440 0 0 20 0 2 0 537 85700608 1990 18446744073709551615 187650746679296 187650746715068 281474680448976 0 0 0 0 6 0 0 0 0 -1 1 0 0 0 0 0 187650746718672 187650746720288 187650746724352 281474680450640 281474680450897 281474680450897 281474680451031 0
SYSTEM cpu  1995 0 2418 877 3 0 403 0 0 0
MemFree:          976788 kB
MemAvailable:     946792 kB
SwapFree:              0 kB
METRICS {"enqueued":92802,"dequeued":92786,"current_depth":16,"peak_depth":44,"rejected":0,"processing_latency_ms":0.260133,"published":92827,"publish_failures":0,"command_timeouts":0,"can_errors":0,"telemetry_qos":1,"mqtt_max_inflight":20,"pipeline_metrics_enabled":true,"can_pipeline":{"frames_read":92802,"parsed":92802,"rejected_frames":0,"read_errors":0,"parse":{"count":92802,"mean_us":7.60248,"max_us":4853.58,"p50_upper_us":8,"p95_upper_us":16,"p99_upper_us":128}},"telemetry_enqueued":92802,"telemetry_dequeued":92802,"telemetry_queue_wait":{"count":92802,"mean_us":258.418,"max_us":8261.36,"p50_upper_us":256,"p95_upper_us":1024,"p99_upper_us":4096},"command_queue_wait":{"count":0,"mean_us":0,"max_us":0,"p50_upper_us":0,"p95_upper_us":0,"p99_upper_us":0},"telemetry_worker_before_publish":{"count":92802,"mean_us":31.9433,"max_us":9718.8,"p50_upper_us":32,"p95_upper_us":128,"p99_upper_us":256},"mqtt_pipeline":{"publish_calls":92827,"publish_accepted":92827,"publish_api_errors":0,"puback_received":53741,"qos0_local_completed":0,"telemetry_accepted":92801,"telemetry_puback_received":53724,"pending_tracked":4096,"pending_peak":4096,"oldest_pending_us":3.13807e+06,"tracking_dropped":34990,"unmatched_callbacks":26521,"tracking_complete":false,"publish_api":{"count":92827,"mean_us":14.548,"max_us":4696.16,"p50_upper_us":8,"p95_upper_us":64,"p99_upper_us":256},"telemetry_puback":{"count":53724,"mean_us":1.43826e+06,"max_us":3.14143e+06,"p50_upper_us":2.09715e+06,"p95_upper_us":3.14143e+06,"p99_upper_us":3.14143e+06}}}
SAMPLE 33.96
PROCESS 142
142 (mqmgateway_iot) S 122 122 120 52288 122 4194304 1458 0 16 0 1243 1200 0 0 20 0 6 0 424 383217664 2040 18446744073709551615 187650276851712 187650276951072 281474373808688 0 0 0 0 4 16386 0 0 0 17 1 0 0 0 0 0 187650276956384 187650276958240 187650276962304 281474373811746 281474373812058 281474373812058 281474373812192 0
VmHWM:	    8160 kB
VmRSS:	    8160 kB
Threads:	6
THREAD 142 (mqmgateway_iot) S 122 122 120 52288 122 4194304 165 0 14 0 2 3 0 0 20 0 6 0 424 383217664 2040 18446744073709551615 187650276851712 187650276951072 281474373808688 0 0 0 0 4 16386 1 0 0 17 1 0 0 0 0 0 187650276956384 187650276958240 187650276962304 281474373811746 281474373812058 281474373812058 281474373812192 0
THREAD 144 (mosquitto loop) S 122 122 120 52288 122 4194368 6 0 0 0 309 483 0 0 20 0 6 0 428 383217664 2040 18446744073709551615 187650276851712 187650276951072 281474373808688 0 0 0 0 4 16386 1 0 0 -1 0 0 0 0 0 0 187650276956384 187650276958240 187650276962304 281474373811746 281474373812058 281474373812058 281474373812192 0
THREAD 145 (mqmgateway_iot) R 122 122 120 52288 122 4194368 119 0 0 0 252 522 0 0 20 0 6 0 428 383217664 2072 18446744073709551615 187650276851712 187650276951072 281474373808688 0 0 0 0 4 16386 0 0 0 -1 1 0 0 0 0 0 187650276956384 187650276958240 187650276962304 281474373811746 281474373812058 281474373812058 281474373812192 0
THREAD 146 (mqmgateway_iot) S 122 122 120 52288 122 4194368 589 0 0 0 305 130 0 0 20 0 6 0 428 383217664 2072 18446744073709551615 187650276851712 187650276951072 281474373808688 0 0 0 0 4 16386 1 0 0 -1 0 0 0 0 0 0 187650276956384 187650276958240 187650276962304 281474373811746 281474373812058 281474373812058 281474373812192 0
THREAD 147 (mqmgateway_iot) S 122 122 120 52288 122 4194368 592 0 0 0 328 108 0 0 20 0 6 0 428 383217664 2072 18446744073709551615 187650276851712 187650276951072 281474373808688 0 0 0 0 4 16386 1 0 0 -1 0 0 0 0 0 0 187650276956384 187650276958240 187650276962304 281474373811746 281474373812058 281474373812058 281474373812192 0
THREAD 148 (mqmgateway_iot) S 122 122 120 52288 122 4194368 8 0 2 0 3 7 0 0 20 0 6 0 428 383217664 2072 18446744073709551615 187650276851712 187650276951072 281474373808688 0 0 0 0 4 16386 1 0 0 -1 0 0 0 0 0 0 187650276956384 187650276958240 187650276962304 281474373811746 281474373812058 281474373812058 281474373812192 0
PROCESS 140
140 (mosquitto) R 122 122 120 52288 122 4194560 264 0 0 0 481 835 0 0 20 0 1 0 321 4313088 574 18446744073709551615 187650634973184 187650635216152 281474833978848 0 0 0 18947 4100 18947 0 0 0 17 0 0 0 0 0 0 187650635221248 187650635223208 187650635251712 281474833981194 281474833981278 281474833981278 281474833981412 0
VmHWM:	    2296 kB
VmRSS:	    2296 kB
Threads:	1
THREAD 140 (mosquitto) R 122 122 120 52288 122 4194560 264 0 0 0 482 836 0 0 20 0 1 0 321 4313088 574 18446744073709551615 187650634973184 187650635216152 281474833978848 0 0 0 0 4100 18947 0 0 0 17 0 0 0 0 0 0 187650635221248 187650635223208 187650635251712 281474833981194 281474833981278 281474833981278 281474833981412 0
PROCESS 150
150 (mqmgateway_arm6) R 122 122 120 52288 122 4194304 319 0 2 0 441 1265 0 0 20 0 2 0 534 85700608 1990 18446744073709551615 187650746679296 187650746715068 281474680448976 0 0 0 0 6 0 0 0 0 17 1 0 0 0 0 0 187650746718672 187650746720288 187650746724352 281474680450640 281474680450897 281474680450897 281474680451031 0
VmHWM:	    7960 kB
VmRSS:	    7960 kB
Threads:	2
THREAD 150 (mqmgateway_arm6) R 122 122 120 52288 122 4194304 317 0 1 0 142 723 0 0 20 0 2 0 534 85700608 1990 18446744073709551615 187650746679296 187650746715068 281474680448976 0 0 0 0 6 0 0 0 0 17 1 0 0 0 0 0 187650746718672 187650746720288 187650746724352 281474680450640 281474680450897 281474680450897 281474680451031 0
THREAD 154 (mosquitto loop) S 122 122 120 52288 122 4194368 2 0 1 0 306 540 0 0 20 0 2 0 537 85700608 1990 18446744073709551615 187650746679296 187650746715068 281474680448976 0 0 0 0 6 0 1 0 0 -1 1 0 0 0 0 0 187650746718672 187650746720288 187650746724352 281474680450640 281474680450897 281474680450897 281474680451031 0
SYSTEM cpu  2446 0 3008 889 3 0 488 0 0 0
MemFree:          975828 kB
MemAvailable:     945840 kB
SwapFree:              0 kB
METRICS {"enqueued":113057,"dequeued":113057,"current_depth":0,"peak_depth":44,"rejected":0,"processing_latency_ms":0.244025,"published":113090,"publish_failures":0,"command_timeouts":0,"can_errors":0,"telemetry_qos":1,"mqtt_max_inflight":20,"pipeline_metrics_enabled":true,"can_pipeline":{"frames_read":113059,"parsed":113059,"rejected_frames":0,"read_errors":0,"parse":{"count":113059,"mean_us":7.78929,"max_us":4853.58,"p50_upper_us":8,"p95_upper_us":16,"p99_upper_us":256}},"telemetry_enqueued":113058,"telemetry_dequeued":113059,"telemetry_queue_wait":{"count":113059,"mean_us":242.319,"max_us":8261.36,"p50_upper_us":256,"p95_upper_us":1024,"p99_upper_us":4096},"command_queue_wait":{"count":0,"mean_us":0,"max_us":0,"p50_upper_us":0,"p95_upper_us":0,"p99_upper_us":0},"telemetry_worker_before_publish":{"count":113059,"mean_us":32.1969,"max_us":9718.8,"p50_upper_us":32,"p95_upper_us":128,"p99_upper_us":256},"mqtt_pipeline":{"publish_calls":113090,"publish_accepted":113090,"publish_api_errors":0,"puback_received":59060,"qos0_local_completed":0,"telemetry_accepted":113059,"telemetry_puback_received":59041,"pending_tracked":4096,"pending_peak":4096,"oldest_pending_us":3.7914e+06,"tracking_dropped":49934,"unmatched_callbacks":38859,"tracking_complete":false,"publish_api":{"count":113090,"mean_us":14.5845,"max_us":4696.16,"p50_upper_us":8,"p95_upper_us":64,"p99_upper_us":256},"telemetry_puback":{"count":59041,"mean_us":1.62329e+06,"max_us":3.7947e+06,"p50_upper_us":2.09715e+06,"p95_upper_us":3.7947e+06,"p99_upper_us":3.7947e+06}}}
SAMPLE 39.66
PROCESS 142
142 (mqmgateway_iot) S 122 122 120 52288 122 4194304 1687 0 16 0 1438 1422 0 0 20 0 6 0 424 383217664 2264 18446744073709551615 187650276851712 187650276951072 281474373808688 0 0 0 0 4 16386 0 0 0 17 0 0 0 0 0 0 187650276956384 187650276958240 187650276962304 281474373811746 281474373812058 281474373812058 281474373812192 0
VmHWM:	    9056 kB
VmRSS:	    9056 kB
Threads:	6
THREAD 142 (mqmgateway_iot) S 122 122 120 52288 122 4194304 165 0 14 0 2 3 0 0 20 0 6 0 424 383217664 2264 18446744073709551615 187650276851712 187650276951072 281474373808688 0 0 0 0 4 16386 1 0 0 17 0 0 0 0 0 0 187650276956384 187650276958240 187650276962304 281474373811746 281474373812058 281474373812058 281474373812192 0
THREAD 144 (mosquitto loop) R 122 122 120 52288 122 4194368 6 0 0 0 371 580 0 0 20 0 6 0 428 383217664 2264 18446744073709551615 187650276851712 187650276951072 281474373808688 0 0 0 0 4 16386 0 0 0 -1 0 0 0 0 0 0 187650276956384 187650276958240 187650276962304 281474373811746 281474373812058 281474373812058 281474373812192 0
THREAD 145 (mqmgateway_iot) S 122 122 120 52288 122 4194368 137 0 0 0 290 599 0 0 20 0 6 0 428 383217664 2264 18446744073709551615 187650276851712 187650276951072 281474373808688 0 0 0 0 4 16386 1 0 0 -1 0 0 0 0 0 0 187650276956384 187650276958240 187650276962304 281474373811746 281474373812058 281474373812058 281474373812192 0
THREAD 146 (mqmgateway_iot) S 122 122 120 52288 122 4194368 677 0 0 0 351 154 0 0 20 0 6 0 428 383217664 2264 18446744073709551615 187650276851712 187650276951072 281474373808688 0 0 0 0 4 16386 1 0 0 -1 0 0 0 0 0 0 187650276956384 187650276958240 187650276962304 281474373811746 281474373812058 281474373812058 281474373812192 0
THREAD 147 (mqmgateway_iot) S 122 122 120 52288 122 4194368 697 0 0 0 375 130 0 0 20 0 6 0 428 383217664 2264 18446744073709551615 187650276851712 187650276951072 281474373808688 0 0 0 0 4 16386 1 0 0 -1 1 0 0 0 0 0 187650276956384 187650276958240 187650276962304 281474373811746 281474373812058 281474373812058 281474373812192 0
THREAD 148 (mqmgateway_iot) S 122 122 120 52288 122 4194368 8 0 2 0 4 8 0 0 20 0 6 0 428 383217664 2264 18446744073709551615 187650276851712 187650276951072 281474373808688 0 0 0 0 4 16386 1 0 0 -1 0 0 0 0 0 0 187650276956384 187650276958240 187650276962304 281474373811746 281474373812058 281474373812058 281474373812192 0
PROCESS 140
140 (mosquitto) R 122 122 120 52288 122 4194560 264 0 0 0 592 1015 0 0 20 0 1 0 321 4313088 574 18446744073709551615 187650634973184 187650635216152 281474833978848 0 0 0 0 4100 18947 0 0 0 17 0 0 0 0 0 0 187650635221248 187650635223208 187650635251712 281474833981194 281474833981278 281474833981278 281474833981412 0
VmHWM:	    2296 kB
VmRSS:	    2296 kB
Threads:	1
THREAD 140 (mosquitto) R 122 122 120 52288 122 4194560 264 0 0 0 594 1017 0 0 20 0 1 0 321 4313088 574 18446744073709551615 187650634973184 187650635216152 281474833978848 0 0 0 0 4100 18947 0 0 0 17 0 0 0 0 0 0 187650635221248 187650635223208 187650635251712 281474833981194 281474833981278 281474833981278 281474833981412 0
PROCESS 150
150 (mqmgateway_arm6) R 122 122 120 52288 122 4194304 319 0 2 0 531 1523 0 0 20 0 2 0 534 85700608 1990 18446744073709551615 187650746679296 187650746715068 281474680448976 0 0 0 0 6 0 0 0 0 17 0 0 0 0 0 0 187650746718672 187650746720288 187650746724352 281474680450640 281474680450897 281474680450897 281474680451031 0
VmHWM:	    7960 kB
VmRSS:	    7960 kB
Threads:	2
THREAD 150 (mqmgateway_arm6) R 122 122 120 52288 122 4194304 317 0 1 0 168 858 0 0 20 0 2 0 534 85700608 1990 18446744073709551615 187650746679296 187650746715068 281474680448976 0 0 0 0 6 0 0 0 0 17 0 0 0 0 0 0 187650746718672 187650746720288 187650746724352 281474680450640 281474680450897 281474680450897 281474680451031 0
THREAD 154 (mosquitto loop) S 122 122 120 52288 122 4194368 2 0 1 0 364 666 0 0 20 0 2 0 537 85700608 1990 18446744073709551615 187650746679296 187650746715068 281474680448976 0 0 0 0 6 0 1 0 0 -1 1 0 0 0 0 0 187650746718672 187650746720288 187650746724352 281474680450640 281474680450897 281474680450897 281474680451031 0
SYSTEM cpu  2848 0 3561 932 3 0 600 0 0 0
MemFree:          971180 kB
MemAvailable:     941196 kB
SwapFree:              0 kB
METRICS {"enqueued":137341,"dequeued":137341,"current_depth":0,"peak_depth":53,"rejected":0,"processing_latency_ms":0.260428,"published":137378,"publish_failures":0,"command_timeouts":0,"can_errors":0,"telemetry_qos":1,"mqtt_max_inflight":20,"pipeline_metrics_enabled":true,"can_pipeline":{"frames_read":137341,"parsed":137341,"rejected_frames":0,"read_errors":0,"parse":{"count":137341,"mean_us":7.45226,"max_us":4853.58,"p50_upper_us":4,"p95_upper_us":16,"p99_upper_us":128}},"telemetry_enqueued":137340,"telemetry_dequeued":137341,"telemetry_queue_wait":{"count":137341,"mean_us":258.721,"max_us":8261.36,"p50_upper_us":256,"p95_upper_us":1024,"p99_upper_us":4096},"command_queue_wait":{"count":0,"mean_us":0,"max_us":0,"p50_upper_us":0,"p95_upper_us":0,"p99_upper_us":0},"telemetry_worker_before_publish":{"count":137341,"mean_us":31.7606,"max_us":9718.8,"p50_upper_us":32,"p95_upper_us":128,"p99_upper_us":256},"mqtt_pipeline":{"publish_calls":137378,"publish_accepted":137378,"publish_api_errors":0,"puback_received":65115,"qos0_local_completed":0,"telemetry_accepted":137341,"telemetry_puback_received":65094,"pending_tracked":4096,"pending_peak":4096,"oldest_pending_us":4.48723e+06,"tracking_dropped":68167,"unmatched_callbacks":54303,"tracking_complete":false,"publish_api":{"count":137378,"mean_us":14.0673,"max_us":4696.16,"p50_upper_us":8,"p95_upper_us":64,"p99_upper_us":256},"telemetry_puback":{"count":65094,"mean_us":1.86201e+06,"max_us":4.48548e+06,"p50_upper_us":2.09715e+06,"p95_upper_us":4.1943e+06,"p99_upper_us":4.48548e+06}}}
SAMPLE 45.35
PROCESS 142
142 (mqmgateway_iot) S 122 122 120 52288 122 4194304 1893 0 16 0 1644 1665 0 0 20 0 6 0 424 383217664 2488 18446744073709551615 187650276851712 187650276951072 281474373808688 0 0 0 0 4 16386 0 0 0 17 0 0 0 0 0 0 187650276956384 187650276958240 187650276962304 281474373811746 281474373812058 281474373812058 281474373812192 0
VmHWM:	    9952 kB
VmRSS:	    9952 kB
Threads:	6
THREAD 142 (mqmgateway_iot) S 122 122 120 52288 122 4194304 165 0 14 0 2 3 0 0 20 0 6 0 424 383217664 2488 18446744073709551615 187650276851712 187650276951072 281474373808688 0 0 0 0 4 16386 1 0 0 17 0 0 0 0 0 0 187650276956384 187650276958240 187650276962304 281474373811746 281474373812058 281474373812058 281474373812192 0
THREAD 144 (mosquitto loop) S 122 122 120 52288 122 4194368 6 0 0 0 433 682 0 0 20 0 6 0 428 383217664 2488 18446744073709551615 187650276851712 187650276951072 281474373808688 0 0 0 0 4 16386 1 0 0 -1 0 0 0 0 0 0 187650276956384 187650276958240 187650276962304 281474373811746 281474373812058 281474373812058 281474373812192 0
THREAD 145 (mqmgateway_iot) S 122 122 120 52288 122 4194368 153 0 0 0 333 691 0 0 20 0 6 0 428 383217664 2488 18446744073709551615 187650276851712 187650276951072 281474373808688 0 0 0 0 4 16386 1 0 0 -1 1 0 0 0 0 0 187650276956384 187650276958240 187650276962304 281474373811746 281474373812058 281474373812058 281474373812192 0
THREAD 146 (mqmgateway_iot) R 122 122 120 52288 122 4194368 797 0 0 0 402 177 0 0 20 0 6 0 428 383217664 2488 18446744073709551615 187650276851712 187650276951072 281474373808688 0 0 0 0 4 16386 0 0 0 -1 0 0 0 0 0 0 187650276956384 187650276958240 187650276962304 281474373811746 281474373812058 281474373812058 281474373812192 0
THREAD 147 (mqmgateway_iot) R 122 122 120 52288 122 4194368 764 0 0 0 424 153 0 0 20 0 6 0 428 383217664 2488 18446744073709551615 187650276851712 187650276951072 281474373808688 0 0 0 0 4 16386 0 0 0 -1 0 0 0 0 0 0 187650276956384 187650276958240 187650276962304 281474373811746 281474373812058 281474373812058 281474373812192 0
THREAD 148 (mqmgateway_iot) S 122 122 120 52288 122 4194368 8 0 2 0 4 10 0 0 20 0 6 0 428 383217664 2488 18446744073709551615 187650276851712 187650276951072 281474373808688 0 0 0 0 4 16386 1 0 0 -1 1 0 0 0 0 0 187650276956384 187650276958240 187650276962304 281474373811746 281474373812058 281474373812058 281474373812192 0
PROCESS 140
140 (mosquitto) R 122 122 120 52288 122 4194560 264 0 0 0 691 1202 0 0 20 0 1 0 321 4313088 574 18446744073709551615 187650634973184 187650635216152 281474833978848 0 0 0 0 4100 18947 0 0 0 17 0 0 0 0 0 0 187650635221248 187650635223208 187650635251712 281474833981194 281474833981278 281474833981278 281474833981412 0
VmHWM:	    2296 kB
VmRSS:	    2296 kB
Threads:	1
THREAD 140 (mosquitto) R 122 122 120 52288 122 4194560 264 0 0 0 693 1205 0 0 20 0 1 0 321 4313088 574 18446744073709551615 187650634973184 187650635216152 281474833978848 0 0 0 0 4100 18947 0 0 0 17 0 0 0 0 0 0 187650635221248 187650635223208 187650635251712 281474833981194 281474833981278 281474833981278 281474833981412 0
PROCESS 150
150 (mqmgateway_arm6) S 122 122 120 52288 122 4194304 319 0 2 0 626 1766 0 0 20 0 2 0 534 85700608 1990 18446744073709551615 187650746679296 187650746715068 281474680448976 0 0 0 0 6 0 0 0 0 17 1 0 0 0 0 0 187650746718672 187650746720288 187650746724352 281474680450640 281474680450897 281474680450897 281474680451031 0
VmHWM:	    7960 kB
VmRSS:	    7960 kB
Threads:	2
THREAD 150 (mqmgateway_arm6) R 122 122 120 52288 122 4194304 317 0 1 0 190 987 0 0 20 0 2 0 534 85700608 1990 18446744073709551615 187650746679296 187650746715068 281474680448976 0 0 0 0 6 0 0 0 0 17 1 0 0 0 0 0 187650746718672 187650746720288 187650746724352 281474680450640 281474680450897 281474680450897 281474680451031 0
THREAD 154 (mosquitto loop) R 122 122 120 52288 122 4194368 2 0 1 0 435 786 0 0 20 0 2 0 537 85700608 1990 18446744073709551615 187650746679296 187650746715068 281474680448976 0 0 0 0 6 0 0 0 0 -1 0 0 0 0 0 0 187650746718672 187650746720288 187650746724352 281474680450640 281474680450897 281474680450897 281474680451031 0
SYSTEM cpu  3281 0 4152 961 3 0 715 0 0 0
MemFree:          970752 kB
MemAvailable:     940776 kB
SwapFree:              0 kB
METRICS {"enqueued":161652,"dequeued":161645,"current_depth":7,"peak_depth":53,"rejected":0,"processing_latency_ms":0.279169,"published":161694,"publish_failures":0,"command_timeouts":0,"can_errors":0,"telemetry_qos":1,"mqtt_max_inflight":20,"pipeline_metrics_enabled":true,"can_pipeline":{"frames_read":161652,"parsed":161652,"rejected_frames":0,"read_errors":0,"parse":{"count":161652,"mean_us":7.3862,"max_us":5390.7,"p50_upper_us":4,"p95_upper_us":16,"p99_upper_us":128}},"telemetry_enqueued":161652,"telemetry_dequeued":161652,"telemetry_queue_wait":{"count":161652,"mean_us":277.503,"max_us":8261.36,"p50_upper_us":256,"p95_upper_us":1024,"p99_upper_us":4096},"command_queue_wait":{"count":0,"mean_us":0,"max_us":0,"p50_upper_us":0,"p95_upper_us":0,"p99_upper_us":0},"telemetry_worker_before_publish":{"count":161652,"mean_us":31.1932,"max_us":9718.8,"p50_upper_us":32,"p95_upper_us":128,"p99_upper_us":256},"mqtt_pipeline":{"publish_calls":161694,"publish_accepted":161694,"publish_api_errors":0,"puback_received":69922,"qos0_local_completed":0,"telemetry_accepted":161651,"telemetry_puback_received":69900,"pending_tracked":4096,"pending_peak":4096,"oldest_pending_us":5.12079e+06,"tracking_dropped":87676,"unmatched_callbacks":71283,"tracking_complete":false,"publish_api":{"count":161694,"mean_us":13.6337,"max_us":5486.38,"p50_upper_us":8,"p95_upper_us":64,"p99_upper_us":256},"telemetry_puback":{"count":69900,"mean_us":2.07761e+06,"max_us":5.21144e+06,"p50_upper_us":2.09715e+06,"p95_upper_us":5.21144e+06,"p99_upper_us":5.21144e+06}}}
SAMPLE 51.26
PROCESS 142
142 (mqmgateway_iot) S 122 122 120 52288 122 4194304 2189 0 16 0 1901 1922 0 0 20 0 6 0 424 383217664 2776 18446744073709551615 187650276851712 187650276951072 281474373808688 0 0 0 0 4 16386 0 0 0 17 0 0 0 0 0 0 187650276956384 187650276958240 187650276962304 281474373811746 281474373812058 281474373812058 281474373812192 0
VmHWM:	   11104 kB
VmRSS:	   11104 kB
Threads:	6
THREAD 142 (mqmgateway_iot) S 122 122 120 52288 122 4194304 165 0 14 0 2 3 0 0 20 0 6 0 424 383217664 2776 18446744073709551615 187650276851712 187650276951072 281474373808688 0 0 0 0 4 16386 1 0 0 17 0 0 0 0 0 0 187650276956384 187650276958240 187650276962304 281474373811746 281474373812058 281474373812058 281474373812192 0
THREAD 144 (mosquitto loop) R 122 122 120 52288 122 4194368 6 0 0 0 491 778 0 0 20 0 6 0 428 383217664 2776 18446744073709551615 187650276851712 187650276951072 281474373808688 0 0 0 0 4 16386 0 0 0 -1 0 0 0 0 0 0 187650276956384 187650276958240 187650276962304 281474373811746 281474373812058 281474373812058 281474373812192 0
THREAD 145 (mqmgateway_iot) R 122 122 120 52288 122 4194368 173 0 0 0 383 808 0 0 20 0 6 0 428 383217664 2776 18446744073709551615 187650276851712 187650276951072 281474373808688 0 0 0 0 4 16386 0 0 0 -1 0 0 0 0 0 0 187650276956384 187650276958240 187650276962304 281474373811746 281474373812058 281474373812058 281474373812192 0
THREAD 146 (mqmgateway_iot) S 122 122 120 52288 122 4194368 935 0 0 0 475 200 0 0 20 0 6 0 428 383217664 2776 18446744073709551615 187650276851712 187650276951072 281474373808688 0 0 0 0 4 16386 1 0 0 -1 0 0 0 0 0 0 187650276956384 187650276958240 187650276962304 281474373811746 281474373812058 281474373812058 281474373812192 0
THREAD 147 (mqmgateway_iot) S 122 122 120 52288 122 4194368 913 0 0 0 488 183 0 0 20 0 6 0 428 383217664 2776 18446744073709551615 187650276851712 187650276951072 281474373808688 0 0 0 0 4 16386 1 0 0 -1 1 0 0 0 0 0 187650276956384 187650276958240 187650276962304 281474373811746 281474373812058 281474373812058 281474373812192 0
THREAD 148 (mqmgateway_iot) S 122 122 120 52288 122 4194368 8 0 2 0 5 11 0 0 20 0 6 0 428 383217664 2776 18446744073709551615 187650276851712 187650276951072 281474373808688 0 0 0 0 4 16386 1 0 0 -1 1 0 0 0 0 0 187650276956384 187650276958240 187650276962304 281474373811746 281474373812058 281474373812058 281474373812192 0
PROCESS 140
140 (mosquitto) R 122 122 120 52288 122 4194560 264 0 0 0 780 1373 0 0 20 0 1 0 321 4313088 574 18446744073709551615 187650634973184 187650635216152 281474833978848 0 0 0 0 4100 18947 0 0 0 17 1 0 0 0 0 0 187650635221248 187650635223208 187650635251712 281474833981194 281474833981278 281474833981278 281474833981412 0
VmHWM:	    2296 kB
VmRSS:	    2296 kB
Threads:	1
THREAD 140 (mosquitto) R 122 122 120 52288 122 4194560 264 0 0 0 781 1376 0 0 20 0 1 0 321 4313088 574 18446744073709551615 187650634973184 187650635216152 281474833978848 0 0 0 0 4100 18947 0 0 0 17 1 0 0 0 0 0 187650635221248 187650635223208 187650635251712 281474833981194 281474833981278 281474833981278 281474833981412 0
PROCESS 150
150 (mqmgateway_arm6) R 122 122 120 52288 122 4194304 319 0 2 0 710 2018 0 0 20 0 2 0 534 85700608 1990 18446744073709551615 187650746679296 187650746715068 281474680448976 0 0 0 0 6 0 0 0 0 17 1 0 0 0 0 0 187650746718672 187650746720288 187650746724352 281474680450640 281474680450897 281474680450897 281474680451031 0
VmHWM:	    7960 kB
VmRSS:	    7960 kB
Threads:	2
THREAD 150 (mqmgateway_arm6) R 122 122 120 52288 122 4194304 317 0 1 0 218 1134 0 0 20 0 2 0 534 85700608 1990 18446744073709551615 187650746679296 187650746715068 281474680448976 0 0 0 0 6 0 0 0 0 17 1 0 0 0 0 0 187650746718672 187650746720288 187650746724352 281474680450640 281474680450897 281474680450897 281474680451031 0
THREAD 154 (mosquitto loop) R 122 122 120 52288 122 4194368 2 0 1 0 494 887 0 0 20 0 2 0 537 85700608 1990 18446744073709551615 187650746679296 187650746715068 281474680448976 0 0 0 0 6 0 0 0 0 -1 1 0 0 0 0 0 187650746718672 187650746720288 187650746724352 281474680450640 281474680450897 281474680450897 281474680451031 0
SYSTEM cpu  3720 0 4744 973 3 0 817 0 0 0
MemFree:          969696 kB
MemAvailable:     939732 kB
SwapFree:              0 kB
METRICS {"enqueued":185937,"dequeued":185937,"current_depth":0,"peak_depth":53,"rejected":0,"processing_latency_ms":0.273005,"published":185986,"publish_failures":0,"command_timeouts":0,"can_errors":0,"telemetry_qos":1,"mqtt_max_inflight":20,"pipeline_metrics_enabled":true,"can_pipeline":{"frames_read":185937,"parsed":185937,"rejected_frames":0,"read_errors":0,"parse":{"count":185937,"mean_us":7.48526,"max_us":5390.7,"p50_upper_us":4,"p95_upper_us":16,"p99_upper_us":128}},"telemetry_enqueued":185937,"telemetry_dequeued":185937,"telemetry_queue_wait":{"count":185937,"mean_us":271.294,"max_us":8261.36,"p50_upper_us":256,"p95_upper_us":1024,"p99_upper_us":4096},"command_queue_wait":{"count":0,"mean_us":0,"max_us":0,"p50_upper_us":0,"p95_upper_us":0,"p99_upper_us":0},"telemetry_worker_before_publish":{"count":185937,"mean_us":31.5352,"max_us":9718.8,"p50_upper_us":32,"p95_upper_us":128,"p99_upper_us":256},"mqtt_pipeline":{"publish_calls":185986,"publish_accepted":185986,"publish_api_errors":0,"puback_received":73957,"qos0_local_completed":0,"telemetry_accepted":185937,"telemetry_puback_received":73934,"pending_tracked":4096,"pending_peak":4096,"oldest_pending_us":6.17162e+06,"tracking_dropped":107933,"unmatched_callbacks":87113,"tracking_complete":false,"publish_api":{"count":185986,"mean_us":13.8856,"max_us":5486.38,"p50_upper_us":8,"p95_upper_us":64,"p99_upper_us":256},"telemetry_puback":{"count":73934,"mean_us":2.28113e+06,"max_us":6.21973e+06,"p50_upper_us":2.09715e+06,"p95_upper_us":6.21973e+06,"p99_upper_us":6.21973e+06}}}
SAMPLE 56.95
PROCESS 142
142 (mqmgateway_iot) S 122 122 120 52288 122 4194304 2355 0 16 0 2099 2144 0 0 20 0 6 0 424 383217664 2936 18446744073709551615 187650276851712 187650276951072 281474373808688 0 0 0 0 4 16386 0 0 0 17 0 0 0 0 0 0 187650276956384 187650276958240 187650276962304 281474373811746 281474373812058 281474373812058 281474373812192 0
VmHWM:	   11744 kB
VmRSS:	   11744 kB
Threads:	6
THREAD 142 (mqmgateway_iot) S 122 122 120 52288 122 4194304 165 0 14 0 2 4 0 0 20 0 6 0 424 383217664 2936 18446744073709551615 187650276851712 187650276951072 281474373808688 0 0 0 0 4 16386 1 0 0 17 0 0 0 0 0 0 187650276956384 187650276958240 187650276962304 281474373811746 281474373812058 281474373812058 281474373812192 0
THREAD 144 (mosquitto loop) R 122 122 120 52288 122 4194368 6 0 0 0 551 887 0 0 20 0 6 0 428 383217664 2936 18446744073709551615 187650276851712 187650276951072 281474373808688 0 0 0 0 4 16386 0 0 0 -1 0 0 0 0 0 0 187650276956384 187650276958240 187650276962304 281474373811746 281474373812058 281474373812058 281474373812192 0
THREAD 145 (mqmgateway_iot) R 122 122 120 52288 122 4194368 194 0 0 0 430 884 0 0 20 0 6 0 428 383217664 2936 18446744073709551615 187650276851712 187650276951072 281474373808688 0 0 0 0 4 16386 0 0 0 -1 0 0 0 0 0 0 187650276956384 187650276958240 187650276962304 281474373811746 281474373812058 281474373812058 281474373812192 0
THREAD 146 (mqmgateway_iot) S 122 122 120 52288 122 4194368 992 0 0 0 521 217 0 0 20 0 6 0 428 383217664 2936 18446744073709551615 187650276851712 187650276951072 281474373808688 0 0 0 0 4 16386 1 0 0 -1 0 0 0 0 0 0 187650276956384 187650276958240 187650276962304 281474373811746 281474373812058 281474373812058 281474373812192 0
THREAD 147 (mqmgateway_iot) R 122 122 120 52288 122 4194368 990 0 0 0 537 197 0 0 20 0 6 0 428 383217664 2936 18446744073709551615 187650276851712 187650276951072 281474373808688 0 0 0 0 4 16386 0 0 0 -1 0 0 0 0 0 0 187650276956384 187650276958240 187650276962304 281474373811746 281474373812058 281474373812058 281474373812192 0
THREAD 148 (mqmgateway_iot) S 122 122 120 52288 122 4194368 8 0 2 0 5 12 0 0 20 0 6 0 428 383217664 2936 18446744073709551615 187650276851712 187650276951072 281474373808688 0 0 0 0 4 16386 1 0 0 -1 0 0 0 0 0 0 187650276956384 187650276958240 187650276962304 281474373811746 281474373812058 281474373812058 281474373812192 0
PROCESS 140
140 (mosquitto) R 122 122 120 52288 122 4194560 264 0 0 0 889 1563 0 0 20 0 1 0 321 4313088 574 18446744073709551615 187650634973184 187650635216152 281474833978848 0 0 0 18947 4100 18947 0 0 0 17 1 0 0 0 0 0 187650635221248 187650635223208 187650635251712 281474833981194 281474833981278 281474833981278 281474833981412 0
VmHWM:	    2296 kB
VmRSS:	    2296 kB
Threads:	1
THREAD 140 (mosquitto) R 122 122 120 52288 122 4194560 264 0 0 0 890 1565 0 0 20 0 1 0 321 4313088 574 18446744073709551615 187650634973184 187650635216152 281474833978848 0 0 0 0 4100 18947 0 0 0 17 1 0 0 0 0 0 187650635221248 187650635223208 187650635251712 281474833981194 281474833981278 281474833981278 281474833981412 0
PROCESS 150
150 (mqmgateway_arm6) S 122 122 120 52288 122 4194304 319 0 2 0 812 2259 0 0 20 0 2 0 534 85700608 1990 18446744073709551615 187650746679296 187650746715068 281474680448976 0 0 0 0 6 0 0 0 0 17 0 0 0 0 0 0 187650746718672 187650746720288 187650746724352 281474680450640 281474680450897 281474680450897 281474680451031 0
VmHWM:	    7960 kB
VmRSS:	    7960 kB
Threads:	2
THREAD 150 (mqmgateway_arm6) R 122 122 120 52288 122 4194304 317 0 1 0 240 1255 0 0 20 0 2 0 534 85700608 1990 18446744073709551615 187650746679296 187650746715068 281474680448976 0 0 0 0 6 0 0 0 0 17 0 0 0 0 0 0 187650746718672 187650746720288 187650746724352 281474680450640 281474680450897 281474680450897 281474680451031 0
THREAD 154 (mosquitto loop) S 122 122 120 52288 122 4194368 2 0 1 0 568 1012 0 0 20 0 2 0 537 85700608 1990 18446744073709551615 187650746679296 187650746715068 281474680448976 0 0 0 0 6 0 1 0 0 -1 1 0 0 0 0 0 187650746718672 187650746720288 187650746724352 281474680450640 281474680450897 281474680450897 281474680451031 0
SYSTEM cpu  4153 0 5298 1005 3 0 933 0 0 0
MemFree:          968736 kB
MemAvailable:     938780 kB
SwapFree:              0 kB
METRICS {"enqueued":206176,"dequeued":206164,"current_depth":12,"peak_depth":53,"rejected":0,"processing_latency_ms":0.286716,"published":206217,"publish_failures":0,"command_timeouts":0,"can_errors":0,"telemetry_qos":1,"mqtt_max_inflight":20,"pipeline_metrics_enabled":true,"can_pipeline":{"frames_read":206177,"parsed":206177,"rejected_frames":0,"read_errors":0,"parse":{"count":206177,"mean_us":7.35151,"max_us":5390.7,"p50_upper_us":4,"p95_upper_us":16,"p99_upper_us":128}},"telemetry_enqueued":206177,"telemetry_dequeued":206164,"telemetry_queue_wait":{"count":206164,"mean_us":285.032,"max_us":8261.36,"p50_upper_us":256,"p95_upper_us":2048,"p99_upper_us":4096},"command_queue_wait":{"count":0,"mean_us":0,"max_us":0,"p50_upper_us":0,"p95_upper_us":0,"p99_upper_us":0},"telemetry_worker_before_publish":{"count":206163,"mean_us":30.6518,"max_us":9718.8,"p50_upper_us":32,"p95_upper_us":128,"p99_upper_us":256},"mqtt_pipeline":{"publish_calls":206217,"publish_accepted":206217,"publish_api_errors":0,"puback_received":77260,"qos0_local_completed":0,"telemetry_accepted":206163,"telemetry_puback_received":77236,"pending_tracked":4076,"pending_peak":4096,"oldest_pending_us":6.12376e+06,"tracking_dropped":124881,"unmatched_callbacks":104469,"tracking_complete":false,"publish_api":{"count":206217,"mean_us":13.3293,"max_us":5486.38,"p50_upper_us":8,"p95_upper_us":64,"p99_upper_us":256},"telemetry_puback":{"count":77236,"mean_us":2.45625e+06,"max_us":6.66668e+06,"p50_upper_us":2.09715e+06,"p95_upper_us":6.66668e+06,"p99_upper_us":6.66668e+06}}}
SAMPLE 62.66
PROCESS 142
142 (mqmgateway_iot) S 122 122 120 52288 122 4194304 2525 0 16 0 2297 2408 0 0 20 0 6 0 424 383217664 3096 18446744073709551615 187650276851712 187650276951072 281474373808688 0 0 0 0 4 16386 0 0 0 17 0 0 0 0 0 0 187650276956384 187650276958240 187650276962304 281474373811746 281474373812058 281474373812058 281474373812192 0
VmHWM:	   12384 kB
VmRSS:	   12384 kB
Threads:	6
THREAD 142 (mqmgateway_iot) S 122 122 120 52288 122 4194304 165 0 14 0 3 4 0 0 20 0 6 0 424 383217664 3096 18446744073709551615 187650276851712 187650276951072 281474373808688 0 0 0 0 4 16386 1 0 0 17 0 0 0 0 0 0 187650276956384 187650276958240 187650276962304 281474373811746 281474373812058 281474373812058 281474373812192 0
THREAD 144 (mosquitto loop) R 122 122 120 52288 122 4194368 6 0 0 0 615 1020 0 0 20 0 6 0 428 383217664 3096 18446744073709551615 187650276851712 187650276951072 281474373808688 0 0 0 0 4 16386 0 0 0 -1 0 0 0 0 0 0 187650276956384 187650276958240 187650276962304 281474373811746 281474373812058 281474373812058 281474373812192 0
THREAD 145 (mqmgateway_iot) R 122 122 120 52288 122 4194368 201 0 0 0 477 967 0 0 20 0 6 0 428 383217664 3096 18446744073709551615 187650276851712 187650276951072 281474373808688 0 0 0 0 4 16386 0 0 0 -1 0 0 0 0 0 0 187650276956384 187650276958240 187650276962304 281474373811746 281474373812058 281474373812058 281474373812192 0
THREAD 146 (mqmgateway_iot) R 122 122 120 52288 122 4194368 1073 0 0 0 570 235 0 0 20 0 6 0 428 383217664 3096 18446744073709551615 187650276851712 187650276951072 281474373808688 0 0 0 0 4 16386 0 0 0 -1 1 0 0 0 0 0 187650276956384 187650276958240 187650276962304 281474373811746 281474373812058 281474373812058 281474373812192 0
THREAD 147 (mqmgateway_iot) R 122 122 120 52288 122 4194368 1077 0 0 0 582 220 0 0 20 0 6 0 428 383217664 3096 18446744073709551615 187650276851712 187650276951072 281474373808688 0 0 0 0 4 16386 0 0 0 -1 1 0 0 0 0 0 187650276956384 187650276958240 187650276962304 281474373811746 281474373812058 281474373812058 281474373812192 0
THREAD 148 (mqmgateway_iot) S 122 122 120 52288 122 4194368 8 0 2 0 6 13 0 0 20 0 6 0 428 383217664 3128 18446744073709551615 187650276851712 187650276951072 281474373808688 0 0 0 0 4 16386 1 0 0 -1 0 0 0 0 0 0 187650276956384 187650276958240 187650276962304 281474373811746 281474373812058 281474373812058 281474373812192 0
PROCESS 140
140 (mosquitto) R 122 122 120 52288 122 4194560 264 0 0 0 998 1742 0 0 20 0 1 0 321 4313088 574 18446744073709551615 187650634973184 187650635216152 281474833978848 0 0 0 0 4100 18947 0 0 0 17 1 0 0 0 0 0 187650635221248 187650635223208 187650635251712 281474833981194 281474833981278 281474833981278 281474833981412 0
VmHWM:	    2296 kB
VmRSS:	    2296 kB
Threads:	1
THREAD 140 (mosquitto) R 122 122 120 52288 122 4194560 264 0 0 0 999 1746 0 0 20 0 1 0 321 4313088 574 18446744073709551615 187650634973184 187650635216152 281474833978848 0 0 0 0 4100 18947 0 0 0 17 1 0 0 0 0 0 187650635221248 187650635223208 187650635251712 281474833981194 281474833981278 281474833981278 281474833981412 0
PROCESS 150
150 (mqmgateway_arm6) R 122 122 120 52288 122 4194304 319 0 2 0 891 2511 0 0 20 0 2 0 534 85700608 1990 18446744073709551615 187650746679296 187650746715068 281474680448976 0 0 0 0 6 0 0 0 0 17 0 0 0 0 0 0 187650746718672 187650746720288 187650746724352 281474680450640 281474680450897 281474680450897 281474680451031 0
VmHWM:	    7960 kB
VmRSS:	    7960 kB
Threads:	2
THREAD 150 (mqmgateway_arm6) R 122 122 120 52288 122 4194304 317 0 1 0 269 1389 0 0 20 0 2 0 534 85700608 1990 18446744073709551615 187650746679296 187650746715068 281474680448976 0 0 0 0 6 0 0 0 0 17 0 0 0 0 0 0 187650746718672 187650746720288 187650746724352 281474680450640 281474680450897 281474680450897 281474680451031 0
THREAD 154 (mosquitto loop) R 122 122 120 52288 122 4194368 2 0 1 0 619 1129 0 0 20 0 2 0 537 85700608 1990 18446744073709551615 187650746679296 187650746715068 281474680448976 0 0 0 0 6 0 0 0 0 -1 1 0 0 0 0 0 187650746718672 187650746720288 187650746724352 281474680450640 281474680450897 281474680450897 281474680451031 0
SYSTEM cpu  4562 0 5876 1030 3 0 1056 0 0 0
MemFree:          968436 kB
MemAvailable:     938484 kB
SwapFree:              0 kB
METRICS {"enqueued":230422,"dequeued":230422,"current_depth":0,"peak_depth":53,"rejected":0,"processing_latency_ms":0.290058,"published":230483,"publish_failures":0,"command_timeouts":0,"can_errors":0,"telemetry_qos":1,"mqtt_max_inflight":20,"pipeline_metrics_enabled":true,"can_pipeline":{"frames_read":230424,"parsed":230424,"rejected_frames":0,"read_errors":0,"parse":{"count":230424,"mean_us":7.11608,"max_us":5390.7,"p50_upper_us":4,"p95_upper_us":16,"p99_upper_us":128}},"telemetry_enqueued":230423,"telemetry_dequeued":230423,"telemetry_queue_wait":{"count":230423,"mean_us":288.331,"max_us":8261.36,"p50_upper_us":256,"p95_upper_us":2048,"p99_upper_us":4096},"command_queue_wait":{"count":0,"mean_us":0,"max_us":0,"p50_upper_us":0,"p95_upper_us":0,"p99_upper_us":0},"telemetry_worker_before_publish":{"count":230423,"mean_us":30.5213,"max_us":9718.8,"p50_upper_us":32,"p95_upper_us":128,"p99_upper_us":256},"mqtt_pipeline":{"publish_calls":230483,"publish_accepted":230483,"publish_api_errors":0,"puback_received":80001,"qos0_local_completed":0,"telemetry_accepted":230423,"telemetry_puback_received":79977,"pending_tracked":4096,"pending_peak":4096,"oldest_pending_us":7.19953e+06,"tracking_dropped":146386,"unmatched_callbacks":121655,"tracking_complete":false,"publish_api":{"count":230483,"mean_us":13.3843,"max_us":5486.38,"p50_upper_us":8,"p95_upper_us":64,"p99_upper_us":256},"telemetry_puback":{"count":79977,"mean_us":2.60457e+06,"max_us":7.20599e+06,"p50_upper_us":2.09715e+06,"p95_upper_us":7.20599e+06,"p99_upper_us":7.20599e+06}}}
SAMPLE 68.44
PROCESS 142
142 (mqmgateway_iot) S 122 122 120 52288 122 4194304 2562 0 16 0 2445 2590 0 0 20 0 6 0 424 383217664 3128 18446744073709551615 187650276851712 187650276951072 281474373808688 0 0 0 0 4 16386 0 0 0 17 0 0 0 0 0 0 187650276956384 187650276958240 187650276962304 281474373811746 281474373812058 281474373812058 281474373812192 0
VmHWM:	   12512 kB
VmRSS:	   12512 kB
Threads:	6
THREAD 142 (mqmgateway_iot) S 122 122 120 52288 122 4194304 165 0 14 0 3 4 0 0 20 0 6 0 424 383217664 3128 18446744073709551615 187650276851712 187650276951072 281474373808688 0 0 0 0 4 16386 1 0 0 17 0 0 0 0 0 0 187650276956384 187650276958240 187650276962304 281474373811746 281474373812058 281474373812058 281474373812192 0
THREAD 144 (mosquitto loop) R 122 122 120 52288 122 4194368 6 0 0 0 704 1151 0 0 20 0 6 0 428 383217664 3128 18446744073709551615 187650276851712 187650276951072 281474373808688 0 0 0 0 4 16386 0 0 0 -1 0 0 0 0 0 0 187650276956384 187650276958240 187650276962304 281474373811746 281474373812058 281474373812058 281474373812192 0
THREAD 145 (mqmgateway_iot) S 122 122 120 52288 122 4194368 202 0 0 0 493 1000 0 0 20 0 6 0 428 383217664 3128 18446744073709551615 187650276851712 187650276951072 281474373808688 0 0 0 0 4 16386 1 0 0 -1 0 0 0 0 0 0 187650276956384 187650276958240 187650276962304 281474373811746 281474373812058 281474373812058 281474373812192 0
THREAD 146 (mqmgateway_iot) S 122 122 120 52288 122 4194368 1100 0 0 0 588 243 0 0 20 0 6 0 428 383217664 3128 18446744073709551615 187650276851712 187650276951072 281474373808688 0 0 0 0 4 16386 1 0 0 -1 0 0 0 0 0 0 187650276956384 187650276958240 187650276962304 281474373811746 281474373812058 281474373812058 281474373812192 0
THREAD 147 (mqmgateway_iot) S 122 122 120 52288 122 4194368 1081 0 0 0 600 227 0 0 20 0 6 0 428 383217664 3128 18446744073709551615 187650276851712 187650276951072 281474373808688 0 0 0 0 4 16386 1 0 0 -1 0 0 0 0 0 0 187650276956384 187650276958240 187650276962304 281474373811746 281474373812058 281474373812058 281474373812192 0
THREAD 148 (mqmgateway_iot) S 122 122 120 52288 122 4194368 8 0 2 0 7 13 0 0 20 0 6 0 428 383217664 3128 18446744073709551615 187650276851712 187650276951072 281474373808688 0 0 0 0 4 16386 1 0 0 -1 0 0 0 0 0 0 187650276956384 187650276958240 187650276962304 281474373811746 281474373812058 281474373812058 281474373812192 0
PROCESS 140
140 (mosquitto) R 122 122 120 52288 122 4194560 264 0 0 0 1145 1989 0 0 20 0 1 0 321 4313088 574 18446744073709551615 187650634973184 187650635216152 281474833978848 0 0 0 0 4100 18947 0 0 0 17 1 0 0 0 0 0 187650635221248 187650635223208 187650635251712 281474833981194 281474833981278 281474833981278 281474833981412 0
VmHWM:	    2296 kB
VmRSS:	    2296 kB
Threads:	1
THREAD 140 (mosquitto) R 122 122 120 52288 122 4194560 264 0 0 0 1146 1992 0 0 20 0 1 0 321 4313088 574 18446744073709551615 187650634973184 187650635216152 281474833978848 0 0 0 0 4100 18947 0 0 0 17 1 0 0 0 0 0 187650635221248 187650635223208 187650635251712 281474833981194 281474833981278 281474833981278 281474833981412 0
PROCESS 150
150 (mqmgateway_arm6) S 122 122 120 52288 122 4194304 319 0 2 0 997 2690 0 0 20 0 2 0 534 85700608 1990 18446744073709551615 187650746679296 187650746715068 281474680448976 0 0 0 0 6 0 0 0 0 17 0 0 0 0 0 0 187650746718672 187650746720288 187650746724352 281474680450640 281474680450897 281474680450897 281474680451031 0
VmHWM:	    7960 kB
VmRSS:	    7960 kB
Threads:	2
THREAD 150 (mqmgateway_arm6) S 122 122 120 52288 122 4194304 317 0 1 0 279 1431 0 0 20 0 2 0 534 85700608 1990 18446744073709551615 187650746679296 187650746715068 281474680448976 0 0 0 0 6 0 1 0 0 17 0 0 0 0 0 0 187650746718672 187650746720288 187650746724352 281474680450640 281474680450897 281474680450897 281474680451031 0
THREAD 154 (mosquitto loop) S 122 122 120 52288 122 4194368 2 0 1 0 706 1273 0 0 20 0 2 0 537 85700608 1990 18446744073709551615 187650746679296 187650746715068 281474680448976 0 0 0 0 6 0 1 0 0 -1 0 0 0 0 0 0 187650746718672 187650746720288 187650746724352 281474680450640 281474680450897 281474680450897 281474680451031 0
SYSTEM cpu  4958 0 6374 1114 3 0 1166 0 0 0
MemFree:          964340 kB
MemAvailable:     934396 kB
SwapFree:              0 kB
METRICS {"enqueued":239994,"dequeued":239994,"current_depth":0,"peak_depth":53,"rejected":0,"processing_latency_ms":0.295792,"published":240059,"publish_failures":0,"command_timeouts":0,"can_errors":0,"telemetry_qos":1,"mqtt_max_inflight":20,"pipeline_metrics_enabled":true,"can_pipeline":{"frames_read":239994,"parsed":239994,"rejected_frames":0,"read_errors":0,"parse":{"count":239994,"mean_us":7.02278,"max_us":5390.7,"p50_upper_us":4,"p95_upper_us":16,"p99_upper_us":128}},"telemetry_enqueued":239994,"telemetry_dequeued":239994,"telemetry_queue_wait":{"count":239994,"mean_us":294.083,"max_us":8261.36,"p50_upper_us":256,"p95_upper_us":2048,"p99_upper_us":4096},"command_queue_wait":{"count":0,"mean_us":0,"max_us":0,"p50_upper_us":0,"p95_upper_us":0,"p99_upper_us":0},"telemetry_worker_before_publish":{"count":239994,"mean_us":30.1491,"max_us":9718.8,"p50_upper_us":32,"p95_upper_us":128,"p99_upper_us":256},"mqtt_pipeline":{"publish_calls":240059,"publish_accepted":240059,"publish_api_errors":0,"puback_received":84283,"qos0_local_completed":0,"telemetry_accepted":239994,"telemetry_puback_received":84256,"pending_tracked":1992,"pending_peak":4096,"oldest_pending_us":4.87449e+06,"tracking_dropped":153784,"unmatched_callbacks":146946,"tracking_complete":false,"publish_api":{"count":240059,"mean_us":13.3064,"max_us":5486.38,"p50_upper_us":8,"p95_upper_us":64,"p99_upper_us":256},"telemetry_puback":{"count":84256,"mean_us":2.79853e+06,"max_us":7.32602e+06,"p50_upper_us":4.1943e+06,"p95_upper_us":7.32602e+06,"p99_upper_us":7.32602e+06}}}
