PIDS gateway=143 broker=141 probe=151
CLK_TCK=100 (Linux USER_HZ fallback=100 if getconf unavailable)
SAMPLE 5.35
PROCESS 143
143 (mqmgateway_iot) S 122 122 120 52288 122 4194304 177 0 16 0 4 2 0 0 20 0 6 0 422 181891072 830 18446744073709551615 187650086047744 187650086147104 281474298889488 0 0 0 0 4 16386 0 0 0 17 0 0 0 0 0 0 187650086152416 187650086154272 187650086158336 281474298891809 281474298892122 281474298892122 281474298892256 0
VmHWM:	    3320 kB
VmRSS:	    3320 kB
Threads:	6
THREAD 143 (mqmgateway_iot) S 122 122 120 52288 122 4194304 162 0 14 0 1 1 0 0 20 0 6 0 422 383217664 830 18446744073709551615 187650086047744 187650086147104 281474298889488 0 0 0 0 4 16386 1 0 0 17 1 0 0 0 0 0 187650086152416 187650086154272 187650086158336 281474298891809 281474298892122 281474298892122 281474298892256 0
THREAD 145 (mosquitto loop) S 122 122 120 52288 122 4194368 5 0 0 0 1 1 0 0 20 0 6 0 426 383217664 830 18446744073709551615 187650086047744 187650086147104 281474298889488 0 0 0 0 4 16386 1 0 0 -1 0 0 0 0 0 0 187650086152416 187650086154272 187650086158336 281474298891809 281474298892122 281474298892122 281474298892256 0
THREAD 146 (mqmgateway_iot) S 122 122 120 52288 122 4194368 5 0 0 0 0 0 0 0 20 0 6 0 426 383217664 830 18446744073709551615 187650086047744 187650086147104 281474298889488 0 0 0 0 4 16386 1 0 0 -1 0 0 0 0 0 0 187650086152416 187650086154272 187650086158336 281474298891809 281474298892122 281474298892122 281474298892256 0
THREAD 147 (mqmgateway_iot) R 122 122 120 52288 122 4194368 10 0 0 0 0 0 0 0 20 0 6 0 426 383217664 830 18446744073709551615 187650086047744 187650086147104 281474298889488 0 0 0 0 4 16386 0 0 0 -1 0 0 0 0 0 0 187650086152416 187650086154272 187650086158336 281474298891809 281474298892122 281474298892122 281474298892256 0
THREAD 148 (mqmgateway_iot) S 122 122 120 52288 122 4194368 13 0 0 0 0 0 0 0 20 0 6 0 426 383217664 830 18446744073709551615 187650086047744 187650086147104 281474298889488 0 0 0 0 4 16386 1 0 0 -1 0 0 0 0 0 0 187650086152416 187650086154272 187650086158336 281474298891809 281474298892122 281474298892122 281474298892256 0
THREAD 149 (mqmgateway_iot) S 122 122 120 52288 122 4194368 8 0 2 0 1 1 0 0 20 0 6 0 426 383217664 830 18446744073709551615 187650086047744 187650086147104 281474298889488 0 0 0 0 4 16386 1 0 0 -1 0 0 0 0 0 0 187650086152416 187650086154272 187650086158336 281474298891809 281474298892122 281474298892122 281474298892256 0
PROCESS 141
141 (mosquitto) R 122 122 120 52288 122 4194560 127 0 0 0 6 6 0 0 20 0 1 0 320 3772416 488 18446744073709551615 187650216820736 187650217063704 281474646074080 0 0 0 0 4100 18947 0 0 0 17 1 0 0 0 0 0 187650217068800 187650217070760 187650217099264 281474646077194 281474646077278 281474646077278 281474646077412 0
VmHWM:	    1952 kB
VmRSS:	    1952 kB
Threads:	1
THREAD 141 (mosquitto) R 122 122 120 52288 122 4194560 130 0 0 0 8 8 0 0 20 0 1 0 320 3772416 488 18446744073709551615 187650216820736 187650217063704 281474646074080 0 0 0 0 4100 18947 0 0 0 17 1 0 0 0 0 0 187650217068800 187650217070760 187650217099264 281474646077194 281474646077278 281474646077278 281474646077412 0
PROCESS 151
151 (mqmgateway_arm6) S 122 122 120 52288 122 4194304 316 0 2 0 10 15 0 0 20 0 2 0 532 85700608 1950 18446744073709551615 187650258550784 187650258586556 281474521810384 0 0 0 0 6 0 0 0 0 17 1 0 0 0 0 0 187650258590160 187650258591776 187650258595840 281474521812561 281474521812817 281474521812817 281474521812951 0
VmHWM:	    7800 kB
VmRSS:	    7800 kB
Threads:	2
THREAD 151 (mqmgateway_arm6) R 122 122 120 52288 122 4194304 313 0 1 0 5 12 0 0 20 0 2 0 532 85700608 1950 18446744073709551615 187650258550784 187650258586556 281474521810384 0 0 0 0 6 0 1 0 0 17 1 0 0 0 0 0 187650258590160 187650258591776 187650258595840 281474521812561 281474521812817 281474521812817 281474521812951 0
THREAD 155 (mosquitto loop) R 122 122 120 52288 122 4194368 3 0 1 0 5 9 0 0 20 0 2 0 535 85700608 1950 18446744073709551615 187650258550784 187650258586556 281474521810384 0 0 0 0 6 0 0 0 0 -1 0 0 0 0 0 0 187650258590160 187650258591776 187650258595840 281474521812561 281474521812817 281474521812817 281474521812951 0
SYSTEM cpu  187 0 132 822 1 0 12 0 0 0
MemFree:          983864 kB
MemAvailable:     953816 kB
SwapFree:              0 kB
METRICS {"enqueued":0,"dequeued":0,"current_depth":0,"peak_depth":0,"rejected":0,"processing_latency_ms":0,"published":3,"publish_failures":0,"command_timeouts":0,"can_errors":0,"telemetry_qos":1,"mqtt_max_inflight":20,"pipeline_metrics_enabled":true,"can_pipeline":{"frames_read":0,"parsed":0,"rejected_frames":0,"read_errors":0,"parse":{"count":0,"mean_us":0,"max_us":0,"p50_upper_us":0,"p95_upper_us":0,"p99_upper_us":0}},"telemetry_enqueued":0,"telemetry_dequeued":0,"telemetry_queue_wait":{"count":0,"mean_us":0,"max_us":0,"p50_upper_us":0,"p95_upper_us":0,"p99_upper_us":0},"command_queue_wait":{"count":0,"mean_us":0,"max_us":0,"p50_upper_us":0,"p95_upper_us":0,"p99_upper_us":0},"telemetry_worker_before_publish":{"count":0,"mean_us":0,"max_us":0,"p50_upper_us":0,"p95_upper_us":0,"p99_upper_us":0},"mqtt_pipeline":{"publish_calls":3,"publish_accepted":3,"publish_api_errors":0,"puback_received":2,"qos0_local_completed":0,"telemetry_accepted":0,"telemetry_puback_received":0,"pending_tracked":1,"pending_peak":2,"oldest_pending_us":1023.22,"tracking_dropped":0,"unmatched_callbacks":0,"tracking_complete":true,"publish_api":{"count":3,"mean_us":351.195,"max_us":602.288,"p50_upper_us":512,"p95_upper_us":602.288,"p99_upper_us":602.288},"telemetry_puback":{"count":0,"mean_us":0,"max_us":0,"p50_upper_us":0,"p95_upper_us":0,"p99_upper_us":0}}}
SAMPLE 11.11
PROCESS 143
143 (mqmgateway_iot) S 122 122 120 52288 122 4194304 572 0 16 0 254 266 0 0 20 0 6 0 422 383217664 1214 18446744073709551615 187650086047744 187650086147104 281474298889488 0 0 0 0 4 16386 0 0 0 17 1 0 0 0 0 0 187650086152416 187650086154272 187650086158336 281474298891809 281474298892122 281474298892122 281474298892256 0
VmHWM:	    4856 kB
VmRSS:	    4856 kB
Threads:	6
THREAD 143 (mqmgateway_iot) S 122 122 120 52288 122 4194304 162 0 14 0 1 1 0 0 20 0 6 0 422 383217664 1214 18446744073709551615 187650086047744 187650086147104 281474298889488 0 0 0 0 4 16386 1 0 0 17 1 0 0 0 0 0 187650086152416 187650086154272 187650086158336 281474298891809 281474298892122 281474298892122 281474298892256 0
THREAD 145 (mosquitto loop) S 122 122 120 52288 122 4194368 5 0 0 0 66 92 0 0 20 0 6 0 426 383217664 1214 18446744073709551615 187650086047744 187650086147104 281474298889488 0 0 0 0 4 16386 1 0 0 -1 1 0 0 0 0 0 187650086152416 187650086154272 187650086158336 281474298891809 281474298892122 281474298892122 281474298892256 0
THREAD 146 (mqmgateway_iot) R 122 122 120 52288 122 4194368 38 0 0 0 52 114 0 0 20 0 6 0 426 383217664 1214 18446744073709551615 187650086047744 187650086147104 281474298889488 0 0 0 0 4 16386 0 0 0 -1 0 0 0 0 0 0 187650086152416 187650086154272 187650086158336 281474298891809 281474298892122 281474298892122 281474298892256 0
THREAD 147 (mqmgateway_iot) R 122 122 120 52288 122 4194368 196 0 0 0 69 31 0 0 20 0 6 0 426 383217664 1214 18446744073709551615 187650086047744 187650086147104 281474298889488 0 0 0 0 4 16386 0 0 0 -1 0 0 0 0 0 0 187650086152416 187650086154272 187650086158336 281474298891809 281474298892122 281474298892122 281474298892256 0
THREAD 148 (mqmgateway_iot) S 122 122 120 52288 122 4194368 184 0 0 0 68 32 0 0 20 0 6 0 426 383217664 1214 18446744073709551615 187650086047744 187650086147104 281474298889488 0 0 0 0 4 16386 1 0 0 -1 0 0 0 0 0 0 187650086152416 187650086154272 187650086158336 281474298891809 281474298892122 281474298892122 281474298892256 0
THREAD 149 (mqmgateway_iot) S 122 122 120 52288 122 4194368 8 0 2 0 1 2 0 0 20 0 6 0 426 383217664 1246 18446744073709551615 187650086047744 187650086147104 281474298889488 0 0 0 0 4 16386 1 0 0 -1 1 0 0 0 0 0 187650086152416 187650086154272 187650086158336 281474298891809 281474298892122 281474298892122 281474298892256 0
PROCESS 141
141 (mosquitto) R 122 122 120 52288 122 4194560 140 0 0 0 105 166 0 0 20 0 1 0 320 3772416 488 18446744073709551615 187650216820736 187650217063704 281474646074080 0 0 0 0 4100 18947 0 0 0 17 1 0 0 0 0 0 187650217068800 187650217070760 187650217099264 281474646077194 281474646077278 281474646077278 281474646077412 0
VmHWM:	    1952 kB
VmRSS:	    1952 kB
Threads:	1
THREAD 141 (mosquitto) R 122 122 120 52288 122 4194560 140 0 0 0 106 168 0 0 20 0 1 0 320 3772416 488 18446744073709551615 187650216820736 187650217063704 281474646074080 0 0 0 18947 4100 18947 0 0 0 17 1 0 0 0 0 0 187650217068800 187650217070760 187650217099264 281474646077194 281474646077278 281474646077278 281474646077412 0
PROCESS 151
151 (mqmgateway_arm6) S 122 122 120 52288 122 4194304 316 0 2 0 92 271 0 0 20 0 2 0 532 85700608 1950 18446744073709551615 187650258550784 187650258586556 281474521810384 0 0 0 0 6 0 0 0 0 17 0 0 0 0 0 0 187650258590160 187650258591776 187650258595840 281474521812561 281474521812817 281474521812817 281474521812951 0
VmHWM:	    7800 kB
VmRSS:	    7800 kB
Threads:	2
THREAD 151 (mqmgateway_arm6) R 122 122 120 52288 122 4194304 313 0 1 0 28 165 0 0 20 0 2 0 532 85700608 1950 18446744073709551615 187650258550784 187650258586556 281474521810384 0 0 0 0 6 0 0 0 0 17 0 0 0 0 0 0 187650258590160 187650258591776 187650258595840 281474521812561 281474521812817 281474521812817 281474521812951 0
THREAD 155 (mosquitto loop) R 122 122 120 52288 122 4194368 3 0 1 0 65 110 0 0 20 0 2 0 535 85700608 1950 18446744073709551615 187650258550784 187650258586556 281474521810384 0 0 0 0 6 0 0 0 0 -1 1 0 0 0 0 0 187650258590160 187650258591776 187650258595840 281474521812561 281474521812817 281474521812817 281474521812951 0
SYSTEM cpu  666 0 717 831 1 0 108 0 0 0
MemFree:          981800 kB
MemAvailable:     951772 kB
SwapFree:              0 kB
METRICS {"enqueued":23958,"dequeued":23958,"current_depth":0,"peak_depth":67,"rejected":0,"processing_latency_ms":0.21869,"published":23967,"publish_failures":0,"command_timeouts":0,"can_errors":0,"telemetry_qos":1,"mqtt_max_inflight":20,"pipeline_metrics_enabled":true,"can_pipeline":{"frames_read":23959,"parsed":23959,"rejected_frames":0,"read_errors":0,"parse":{"count":23959,"mean_us":7.49002,"max_us":749.52,"p50_upper_us":8,"p95_upper_us":16,"p99_upper_us":256}},"telemetry_enqueued":23959,"telemetry_dequeued":23959,"telemetry_queue_wait":{"count":23959,"mean_us":216.56,"max_us":6442.61,"p50_upper_us":256,"p95_upper_us":1024,"p99_upper_us":2048},"command_queue_wait":{"count":0,"mean_us":0,"max_us":0,"p50_upper_us":0,"p95_upper_us":0,"p99_upper_us":0},"telemetry_worker_before_publish":{"count":23959,"mean_us":34.5098,"max_us":6982.86,"p50_upper_us":32,"p95_upper_us":128,"p99_upper_us":256},"mqtt_pipeline":{"publish_calls":23970,"publish_accepted":23970,"publish_api_errors":0,"puback_received":19621,"qos0_local_completed":0,"telemetry_accepted":23961,"telemetry_puback_received":19614,"pending_tracked":4075,"pending_peak":4096,"oldest_pending_us":1.08677e+06,"tracking_dropped":274,"unmatched_callbacks":0,"tracking_complete":false,"publish_api":{"count":23970,"mean_us":16.946,"max_us":3730.94,"p50_upper_us":8,"p95_upper_us":64,"p99_upper_us":256},"telemetry_puback":{"count":19614,"mean_us":574585,"max_us":1.09171e+06,"p50_upper_us":1.04858e+06,"p95_upper_us":1.04858e+06,"p99_upper_us":1.09171e+06}}}
SAMPLE 17.00
PROCESS 143
143 (mqmgateway_iot) S 122 122 120 52288 122 4194304 753 0 16 0 479 522 0 0 20 0 6 0 422 383217664 1374 18446744073709551615 187650086047744 187650086147104 281474298889488 0 0 0 0 4 16386 0 0 0 17 1 0 0 0 0 0 187650086152416 187650086154272 187650086158336 281474298891809 281474298892122 281474298892122 281474298892256 0
VmHWM:	    5496 kB
VmRSS:	    5496 kB
Threads:	6
THREAD 143 (mqmgateway_iot) S 122 122 120 52288 122 4194304 162 0 14 0 2 2 0 0 20 0 6 0 422 383217664 1374 18446744073709551615 187650086047744 187650086147104 281474298889488 0 0 0 0 4 16386 1 0 0 17 1 0 0 0 0 0 187650086152416 187650086154272 187650086158336 281474298891809 281474298892122 281474298892122 281474298892256 0
THREAD 145 (mosquitto loop) R 122 122 120 52288 122 4194368 5 0 0 0 137 193 0 0 20 0 6 0 426 383217664 1406 18446744073709551615 187650086047744 187650086147104 281474298889488 0 0 0 0 4 16386 0 0 0 -1 1 0 0 0 0 0 187650086152416 187650086154272 187650086158336 281474298891809 281474298892122 281474298892122 281474298892256 0
THREAD 146 (mqmgateway_iot) S 122 122 120 52288 122 4194368 53 0 0 0 93 212 0 0 20 0 6 0 426 383217664 1406 18446744073709551615 187650086047744 187650086147104 281474298889488 0 0 0 0 4 16386 1 0 0 -1 0 0 0 0 0 0 187650086152416 187650086154272 187650086158336 281474298891809 281474298892122 281474298892122 281474298892256 0
THREAD 147 (mqmgateway_iot) S 122 122 120 52288 122 4194368 277 0 0 0 126 59 0 0 20 0 6 0 426 383217664 1406 18446744073709551615 187650086047744 187650086147104 281474298889488 0 0 0 0 4 16386 1 0 0 -1 1 0 0 0 0 0 187650086152416 187650086154272 187650086158336 281474298891809 281474298892122 281474298892122 281474298892256 0
THREAD 148 (mqmgateway_iot) R 122 122 120 52288 122 4194368 268 0 0 0 120 61 0 0 20 0 6 0 426 383217664 1406 18446744073709551615 187650086047744 187650086147104 281474298889488 0 0 0 0 4 16386 0 0 0 -1 0 0 0 0 0 0 187650086152416 187650086154272 187650086158336 281474298891809 281474298892122 281474298892122 281474298892256 0
THREAD 149 (mqmgateway_iot) S 122 122 120 52288 122 4194368 8 0 2 0 2 3 0 0 20 0 6 0 426 383217664 1406 18446744073709551615 187650086047744 187650086147104 281474298889488 0 0 0 0 4 16386 1 0 0 -1 1 0 0 0 0 0 187650086152416 187650086154272 187650086158336 281474298891809 281474298892122 281474298892122 281474298892256 0
PROCESS 141
141 (mosquitto) R 122 122 120 52288 122 4194560 167 0 0 0 202 355 0 0 20 0 1 0 320 3907584 488 18446744073709551615 187650216820736 187650217063704 281474646074080 0 0 0 18947 4100 18947 0 0 0 17 1 0 0 0 0 0 187650217068800 187650217070760 187650217099264 281474646077194 281474646077278 281474646077278 281474646077412 0
VmHWM:	    1952 kB
VmRSS:	    1952 kB
Threads:	1
THREAD 141 (mosquitto) R 122 122 120 52288 122 4194560 167 0 0 0 204 356 0 0 20 0 1 0 320 3907584 488 18446744073709551615 187650216820736 187650217063704 281474646074080 0 0 0 0 4100 18947 0 0 0 17 1 0 0 0 0 0 187650217068800 187650217070760 187650217099264 281474646077194 281474646077278 281474646077278 281474646077412 0
PROCESS 151
151 (mqmgateway_arm6) R 122 122 120 52288 122 4194304 316 0 2 0 194 510 0 0 20 0 2 0 532 85700608 1950 18446744073709551615 187650258550784 187650258586556 281474521810384 0 0 0 0 6 0 0 0 0 17 0 0 0 0 0 0 187650258590160 187650258591776 187650258595840 281474521812561 281474521812817 281474521812817 281474521812951 0
VmHWM:	    7800 kB
VmRSS:	    7800 kB
Threads:	2
THREAD 151 (mqmgateway_arm6) R 122 122 120 52288 122 4194304 313 0 1 0 55 300 0 0 20 0 2 0 532 85700608 1950 18446744073709551615 187650258550784 187650258586556 281474521810384 0 0 0 0 6 0 0 0 0 17 0 0 0 0 0 0 187650258590160 187650258591776 187650258595840 281474521812561 281474521812817 281474521812817 281474521812951 0
THREAD 155 (mosquitto loop) S 122 122 120 52288 122 4194368 3 0 1 0 134 220 0 0 20 0 2 0 535 85700608 1950 18446744073709551615 187650258550784 187650258586556 281474521810384 0 0 0 0 6 0 1 0 0 -1 1 0 0 0 0 0 187650258590160 187650258591776 187650258595840 281474521812561 281474521812817 281474521812817 281474521812951 0
SYSTEM cpu  1114 0 1299 856 1 0 209 0 0 0
MemFree:          981596 kB
MemAvailable:     951572 kB
SwapFree:              0 kB
METRICS {"enqueued":48215,"dequeued":48215,"current_depth":0,"peak_depth":67,"rejected":0,"processing_latency_ms":0.268237,"published":48230,"publish_failures":0,"command_timeouts":0,"can_errors":0,"telemetry_qos":1,"mqtt_max_inflight":20,"pipeline_metrics_enabled":true,"can_pipeline":{"frames_read":48215,"parsed":48215,"rejected_frames":0,"read_errors":0,"parse":{"count":48215,"mean_us":6.64949,"max_us":795.088,"p50_upper_us":4,"p95_upper_us":16,"p99_upper_us":128}},"telemetry_enqueued":48215,"telemetry_dequeued":48215,"telemetry_queue_wait":{"count":48215,"mean_us":266.298,"max_us":7485.47,"p50_upper_us":256,"p95_upper_us":1024,"p99_upper_us":2048},"command_queue_wait":{"count":0,"mean_us":0,"max_us":0,"p50_upper_us":0,"p95_upper_us":0,"p99_upper_us":0},"telemetry_worker_before_publish":{"count":48215,"mean_us":32.9452,"max_us":6982.86,"p50_upper_us":32,"p95_upper_us":128,"p99_upper_us":256},"mqtt_pipeline":{"publish_calls":48230,"publish_accepted":48230,"publish_api_errors":0,"puback_received":38213,"qos0_local_completed":0,"telemetry_accepted":48215,"telemetry_puback_received":38201,"pending_tracked":4095,"pending_peak":4096,"oldest_pending_us":1.70428e+06,"tracking_dropped":5922,"unmatched_callbacks":3205,"tracking_complete":false,"publish_api":{"count":48230,"mean_us":16.2936,"max_us":6421.6,"p50_upper_us":8,"p95_upper_us":64,"p99_upper_us":256},"telemetry_puback":{"count":38201,"mean_us":906366,"max_us":1.70316e+06,"p50_upper_us":1.04858e+06,"p95_upper_us":1.70316e+06,"p99_upper_us":1.70316e+06}}}
SAMPLE 22.85
PROCESS 143
143 (mqmgateway_iot) S 122 122 120 52288 122 4194304 1142 0 16 0 712 791 0 0 20 0 6 0 422 383217664 1758 18446744073709551615 187650086047744 187650086147104 281474298889488 0 0 0 0 4 16386 0 0 0 17 1 0 0 0 0 0 187650086152416 187650086154272 187650086158336 281474298891809 281474298892122 281474298892122 281474298892256 0
VmHWM:	    7160 kB
VmRSS:	    7160 kB
Threads:	6
THREAD 143 (mqmgateway_iot) S 122 122 120 52288 122 4194304 162 0 14 0 2 2 0 0 20 0 6 0 422 383217664 1790 18446744073709551615 187650086047744 187650086147104 281474298889488 0 0 0 0 4 16386 1 0 0 17 1 0 0 0 0 0 187650086152416 187650086154272 187650086158336 281474298891809 281474298892122 281474298892122 281474298892256 0
THREAD 145 (mosquitto loop) S 122 122 120 52288 122 4194368 6 0 0 0 199 297 0 0 20 0 6 0 426 383217664 1790 18446744073709551615 187650086047744 187650086147104 281474298889488 0 0 0 0 4 16386 1 0 0 -1 0 0 0 0 0 0 187650086152416 187650086154272 187650086158336 281474298891809 281474298892122 281474298892122 281474298892256 0
THREAD 146 (mqmgateway_iot) R 122 122 120 52288 122 4194368 90 0 0 0 139 321 0 0 20 0 6 0 426 383217664 1790 18446744073709551615 187650086047744 187650086147104 281474298889488 0 0 0 0 4 16386 0 0 0 -1 1 0 0 0 0 0 187650086152416 187650086154272 187650086158336 281474298891809 281474298892122 281474298892122 281474298892256 0
THREAD 147 (mqmgateway_iot) S 122 122 120 52288 122 4194368 456 0 0 0 188 87 0 0 20 0 6 0 426 383217664 1822 18446744073709551615 187650086047744 187650086147104 281474298889488 0 0 0 0 4 16386 1 0 0 -1 1 0 0 0 0 0 187650086152416 187650086154272 187650086158336 281474298891809 281474298892122 281474298892122 281474298892256 0
THREAD 148 (mqmgateway_iot) S 122 122 120 52288 122 4194368 460 0 0 0 185 89 0 0 20 0 6 0 426 383217664 1822 18446744073709551615 187650086047744 187650086147104 281474298889488 0 0 0 0 4 16386 1 0 0 -1 0 0 0 0 0 0 187650086152416 187650086154272 187650086158336 281474298891809 281474298892122 281474298892122 281474298892256 0
THREAD 149 (mqmgateway_iot) S 122 122 120 52288 122 4194368 8 0 2 0 2 5 0 0 20 0 6 0 426 383217664 1822 18446744073709551615 187650086047744 187650086147104 281474298889488 0 0 0 0 4 16386 1 0 0 -1 1 0 0 0 0 0 187650086152416 187650086154272 187650086158336 281474298891809 281474298892122 281474298892122 281474298892256 0
PROCESS 141
141 (mosquitto) R 122 122 120 52288 122 4194560 189 0 0 0 300 531 0 0 20 0 1 0 320 4042752 520 18446744073709551615 187650216820736 187650217063704 281474646074080 0 0 0 0 4100 18947 0 0 0 17 0 0 0 0 0 0 187650217068800 187650217070760 187650217099264 281474646077194 281474646077278 281474646077278 281474646077412 0
VmHWM:	    2080 kB
VmRSS:	    2080 kB
Threads:	1
THREAD 141 (mosquitto) R 122 122 120 52288 122 4194560 189 0 0 0 301 534 0 0 20 0 1 0 320 4042752 520 18446744073709551615 187650216820736 187650217063704 281474646074080 0 0 0 18947 4100 18947 0 0 0 17 0 0 0 0 0 0 187650217068800 187650217070760 187650217099264 281474646077194 281474646077278 281474646077278 281474646077412 0
PROCESS 151
151 (mqmgateway_arm6) R 122 122 120 52288 122 4194304 316 0 2 0 287 754 0 0 20 0 2 0 532 85700608 1950 18446744073709551615 187650258550784 187650258586556 281474521810384 0 0 0 0 6 0 0 0 0 17 1 0 0 0 0 0 187650258590160 187650258591776 187650258595840 281474521812561 281474521812817 281474521812817 281474521812951 0
VmHWM:	    7800 kB
VmRSS:	    7800 kB
Threads:	2
THREAD 151 (mqmgateway_arm6) S 122 122 120 52288 122 4194304 313 0 1 0 81 446 0 0 20 0 2 0 532 85700608 1950 18446744073709551615 187650258550784 187650258586556 281474521810384 0 0 0 0 6 0 1 0 0 17 1 0 0 0 0 0 187650258590160 187650258591776 187650258595840 281474521812561 281474521812817 281474521812817 281474521812951 0
THREAD 155 (mosquitto loop) S 122 122 120 52288 122 4194368 3 0 1 0 196 324 0 0 20 0 2 0 535 85700608 1950 18446744073709551615 187650258550784 187650258586556 281474521810384 0 0 0 0 6 0 1 0 0 -1 1 0 0 0 0 0 187650258590160 187650258591776 187650258595840 281474521812561 281474521812817 281474521812817 281474521812951 0
SYSTEM cpu  1568 0 1907 873 1 0 312 0 0 0
MemFree:          979608 kB
MemAvailable:     949588 kB
SwapFree:              0 kB
METRICS {"enqueued":72475,"dequeued":72475,"current_depth":0,"peak_depth":67,"rejected":0,"processing_latency_ms":0.270925,"published":72496,"publish_failures":0,"command_timeouts":0,"can_errors":0,"telemetry_qos":1,"mqtt_max_inflight":20,"pipeline_metrics_enabled":true,"can_pipeline":{"frames_read":72475,"parsed":72475,"rejected_frames":0,"read_errors":0,"parse":{"count":72475,"mean_us":6.90318,"max_us":5219.28,"p50_upper_us":4,"p95_upper_us":16,"p99_upper_us":128}},"telemetry_enqueued":72474,"telemetry_dequeued":72475,"telemetry_queue_wait":{"count":72475,"mean_us":269.044,"max_us":7485.47,"p50_upper_us":256,"p95_upper_us":1024,"p99_upper_us":4096},"command_queue_wait":{"count":0,"mean_us":0,"max_us":0,"p50_upper_us":0,"p95_upper_us":0,"p99_upper_us":0},"telemetry_worker_before_publish":{"count":72475,"mean_us":32.8442,"max_us":6982.86,"p50_upper_us":32,"p95_upper_us":128,"p99_upper_us":256},"mqtt_pipeline":{"publish_calls":72496,"publish_accepted":72496,"publish_api_errors":0,"puback_received":47491,"qos0_local_completed":0,"telemetry_accepted":72475,"telemetry_puback_received":47477,"pending_tracked":4096,"pending_peak":4096,"oldest_pending_us":3.14946e+06,"tracking_dropped":20909,"unmatched_callbacks":12406,"tracking_complete":false,"publish_api":{"count":72496,"mean_us":16.621,"max_us":6421.6,"p50_upper_us":8,"p95_upper_us":64,"p99_upper_us":256},"telemetry_puback":{"count":47477,"mean_us":1.17439e+06,"max_us":3.1491e+06,"p50_upper_us":2.09715e+06,"p95_upper_us":3.1491e+06,"p99_upper_us":3.1491e+06}}}
SAMPLE 28.83
PROCESS 143
143 (mqmgateway_iot) S 122 122 120 52288 122 4194304 1523 0 16 0 970 1070 0 0 20 0 6 0 422 383217664 2174 18446744073709551615 187650086047744 187650086147104 281474298889488 0 0 0 0 4 16386 0 0 0 17 1 0 0 0 0 0 187650086152416 187650086154272 187650086158336 281474298891809 281474298892122 281474298892122 281474298892256 0
VmHWM:	    8696 kB
VmRSS:	    8696 kB
Threads:	6
THREAD 143 (mqmgateway_iot) S 122 122 120 52288 122 4194304 162 0 14 0 2 2 0 0 20 0 6 0 422 383217664 2174 18446744073709551615 187650086047744 187650086147104 281474298889488 0 0 0 0 4 16386 1 0 0 17 1 0 0 0 0 0 187650086152416 187650086154272 187650086158336 281474298891809 281474298892122 281474298892122 281474298892256 0
THREAD 145 (mosquitto loop) S 122 122 120 52288 122 4194368 7 0 0 0 266 387 0 0 20 0 6 0 426 383217664 2174 18446744073709551615 187650086047744 187650086147104 281474298889488 0 0 0 0 4 16386 1 0 0 -1 0 0 0 0 0 0 187650086152416 187650086154272 187650086158336 281474298891809 281474298892122 281474298892122 281474298892256 0
THREAD 146 (mqmgateway_iot) R 122 122 120 52288 122 4194368 125 0 0 0 187 449 0 0 20 0 6 0 426 383217664 2174 18446744073709551615 187650086047744 187650086147104 281474298889488 0 0 0 0 4 16386 0 0 0 -1 1 0 0 0 0 0 187650086152416 187650086154272 187650086158336 281474298891809 281474298892122 281474298892122 281474298892256 0
THREAD 147 (mqmgateway_iot) S 122 122 120 52288 122 4194368 617 0 0 0 257 120 0 0 20 0 6 0 426 383217664 2174 18446744073709551615 187650086047744 187650086147104 281474298889488 0 0 0 0 4 16386 1 0 0 -1 1 0 0 0 0 0 187650086152416 187650086154272 187650086158336 281474298891809 281474298892122 281474298892122 281474298892256 0
THREAD 148 (mqmgateway_iot) R 122 122 120 52288 122 4194368 619 0 0 0 255 117 0 0 20 0 6 0 426 383217664 2174 18446744073709551615 187650086047744 187650086147104 281474298889488 0 0 0 0 4 16386 0 0 0 -1 1 0 0 0 0 0 187650086152416 187650086154272 187650086158336 281474298891809 281474298892122 281474298892122 281474298892256 0
THREAD 149 (mqmgateway_iot) S 122 122 120 52288 122 4194368 8 0 2 0 2 5 0 0 20 0 6 0 426 383217664 2174 18446744073709551615 187650086047744 187650086147104 281474298889488 0 0 0 0 4 16386 1 0 0 -1 1 0 0 0 0 0 187650086152416 187650086154272 187650086158336 281474298891809 281474298892122 281474298892122 281474298892256 0
PROCESS 141
141 (mosquitto) R 122 122 120 52288 122 4194560 189 0 0 0 395 690 0 0 20 0 1 0 320 4042752 520 18446744073709551615 187650216820736 187650217063704 281474646074080 0 0 0 18947 4100 18947 0 0 0 17 0 0 0 0 0 0 187650217068800 187650217070760 187650217099264 281474646077194 281474646077278 281474646077278 281474646077412 0
VmHWM:	    2080 kB
VmRSS:	    2080 kB
Threads:	1
THREAD 141 (mosquitto) R 122 122 120 52288 122 4194560 189 0 0 0 396 692 0 0 20 0 1 0 320 4042752 520 18446744073709551615 187650216820736 187650217063704 281474646074080 0 0 0 18947 4100 18947 0 0 0 17 0 0 0 0 0 0 187650217068800 187650217070760 187650217099264 281474646077194 281474646077278 281474646077278 281474646077412 0
PROCESS 151
151 (mqmgateway_arm6) S 122 122 120 52288 122 4194304 316 0 2 0 366 1017 0 0 20 0 2 0 532 85700608 1950 18446744073709551615 187650258550784 187650258586556 281474521810384 0 0 0 0 6 0 0 0 0 17 1 0 0 0 0 0 187650258590160 187650258591776 187650258595840 281474521812561 281474521812817 281474521812817 281474521812951 0
VmHWM:	    7800 kB
VmRSS:	    7800 kB
Threads:	2
THREAD 151 (mqmgateway_arm6) R 122 122 120 52288 122 4194304 313 0 1 0 105 605 0 0 20 0 2 0 532 85700608 1950 18446744073709551615 187650258550784 187650258586556 281474521810384 0 0 0 0 6 0 0 0 0 17 1 0 0 0 0 0 187650258590160 187650258591776 187650258595840 281474521812561 281474521812817 281474521812817 281474521812951 0
THREAD 155 (mosquitto loop) S 122 122 120 52288 122 4194368 3 0 1 0 252 424 0 0 20 0 2 0 535 85700608 1950 18446744073709551615 187650258550784 187650258586556 281474521810384 0 0 0 0 6 0 1 0 0 -1 0 0 0 0 0 0 187650258590160 187650258591776 187650258595840 281474521812561 281474521812817 281474521812817 281474521812951 0
SYSTEM cpu  2024 0 2503 884 1 0 415 0 0 0
MemFree:          970880 kB
MemAvailable:     940872 kB
SwapFree:              0 kB
METRICS {"enqueued":96736,"dequeued":96723,"current_depth":13,"peak_depth":67,"rejected":0,"processing_latency_ms":0.247946,"published":96762,"publish_failures":0,"command_timeouts":0,"can_errors":0,"telemetry_qos":1,"mqtt_max_inflight":20,"pipeline_metrics_enabled":true,"can_pipeline":{"frames_read":96736,"parsed":96736,"rejected_frames":0,"read_errors":0,"parse":{"count":96736,"mean_us":7.10758,"max_us":5219.28,"p50_upper_us":8,"p95_upper_us":16,"p99_upper_us":128}},"telemetry_enqueued":96736,"telemetry_dequeued":96736,"telemetry_queue_wait":{"count":96736,"mean_us":246.032,"max_us":7485.47,"p50_upper_us":256,"p95_upper_us":1024,"p99_upper_us":2048},"command_queue_wait":{"count":0,"mean_us":0,"max_us":0,"p50_upper_us":0,"p95_upper_us":0,"p99_upper_us":0},"telemetry_worker_before_publish":{"count":96736,"mean_us":33.2537,"max_us":6982.86,"p50_upper_us":32,"p95_upper_us":128,"p99_upper_us":256},"mqtt_pipeline":{"publish_calls":96762,"publish_accepted":96762,"publish_api_errors":0,"puback_received":53821,"qos0_local_completed":0,"telemetry_accepted":96735,"telemetry_puback_received":53804,"pending_tracked":4096,"pending_peak":4096,"oldest_pending_us":4.21794e+06,"tracking_dropped":38845,"unmatched_callbacks":26059,"tracking_complete":false,"publish_api":{"count":96762,"mean_us":16.5994,"max_us":6421.6,"p50_upper_us":8,"p95_upper_us":64,"p99_upper_us":256},"telemetry_puback":{"count":53804,"mean_us":1.46943e+06,"max_us":4.21911e+06,"p50_upper_us":2.09715e+06,"p95_upper_us":4.1943e+06,"p99_upper_us":4.1943e+06}}}
SAMPLE 34.64
PROCESS 143
143 (mqmgateway_iot) S 122 122 120 52288 122 4194304 1923 0 16 0 1184 1339 0 0 20 0 6 0 422 383217664 2558 18446744073709551615 187650086047744 187650086147104 281474298889488 0 0 0 0 4 16386 0 0 0 17 1 0 0 0 0 0 187650086152416 187650086154272 187650086158336 281474298891809 281474298892122 281474298892122 281474298892256 0
VmHWM:	   10232 kB
VmRSS:	   10232 kB
Threads:	6
THREAD 143 (mqmgateway_iot) S 122 122 120 52288 122 4194304 162 0 14 0 2 2 0 0 20 0 6 0 422 383217664 2590 18446744073709551615 187650086047744 187650086147104 281474298889488 0 0 0 0 4 16386 1 0 0 17 1 0 0 0 0 0 187650086152416 187650086154272 187650086158336 281474298891809 281474298892122 281474298892122 281474298892256 0
THREAD 145 (mosquitto loop) S 122 122 120 52288 122 4194368 7 0 0 0 322 506 0 0 20 0 6 0 426 383217664 2590 18446744073709551615 187650086047744 187650086147104 281474298889488 0 0 0 0 4 16386 1 0 0 -1 0 0 0 0 0 0 187650086152416 187650086154272 187650086158336 281474298891809 281474298892122 281474298892122 281474298892256 0
THREAD 146 (mqmgateway_iot) R 122 122 120 52288 122 4194368 156 0 0 0 234 546 0 0 20 0 6 0 426 383217664 2590 18446744073709551615 187650086047744 187650086147104 281474298889488 0 0 0 0 4 16386 0 0 0 -1 0 0 0 0 0 0 187650086152416 187650086154272 187650086158336 281474298891809 281474298892122 281474298892122 281474298892256 0
THREAD 147 (mqmgateway_iot) R 122 122 120 52288 122 4194368 809 0 0 0 316 146 0 0 20 0 6 0 426 383217664 2590 18446744073709551615 187650086047744 187650086147104 281474298889488 0 0 0 0 4 16386 0 0 0 -1 1 0 0 0 0 0 187650086152416 187650086154272 187650086158336 281474298891809 281474298892122 281474298892122 281474298892256 0
THREAD 148 (mqmgateway_iot) R 122 122 120 52288 122 4194368 818 0 0 0 313 142 0 0 20 0 6 0 426 383217664 2590 18446744073709551615 187650086047744 187650086147104 281474298889488 0 0 0 0 4 16386 0 0 0 -1 0 0 0 0 0 0 187650086152416 187650086154272 187650086158336 281474298891809 281474298892122 281474298892122 281474298892256 0
THREAD 149 (mqmgateway_iot) S 122 122 120 52288 122 4194368 8 0 2 0 2 7 0 0 20 0 6 0 426 383217664 2590 18446744073709551615 187650086047744 187650086147104 281474298889488 0 0 0 0 4 16386 1 0 0 -1 0 0 0 0 0 0 187650086152416 187650086154272 187650086158336 281474298891809 281474298892122 281474298892122 281474298892256 0
PROCESS 141
141 (mosquitto) R 122 122 120 52288 122 4194560 263 0 0 0 495 867 0 0 20 0 1 0 320 4313088 584 18446744073709551615 187650216820736 187650217063704 281474646074080 0 0 0 0 4100 18947 0 0 0 17 1 0 0 0 0 0 187650217068800 187650217070760 187650217099264 281474646077194 281474646077278 281474646077278 281474646077412 0
VmHWM:	    2336 kB
VmRSS:	    2336 kB
Threads:	1
THREAD 141 (mosquitto) R 122 122 120 52288 122 4194560 263 0 0 0 496 870 0 0 20 0 1 0 320 4313088 584 18446744073709551615 187650216820736 187650217063704 281474646074080 0 0 0 0 4100 18947 0 0 0 17 1 0 0 0 0 0 187650217068800 187650217070760 187650217099264 281474646077194 281474646077278 281474646077278 281474646077412 0
PROCESS 151
151 (mqmgateway_arm6) R 122 122 120 52288 122 4194304 316 0 2 0 456 1261 0 0 20 0 2 0 532 85700608 1950 18446744073709551615 187650258550784 187650258586556 281474521810384 0 0 0 0 6 0 0 0 0 17 0 0 0 0 0 0 187650258590160 187650258591776 187650258595840 281474521812561 281474521812817 281474521812817 281474521812951 0
VmHWM:	    7800 kB
VmRSS:	    7800 kB
Threads:	2
THREAD 151 (mqmgateway_arm6) R 122 122 120 52288 122 4194304 313 0 1 0 134 748 0 0 20 0 2 0 532 85700608 1950 18446744073709551615 187650258550784 187650258586556 281474521810384 0 0 0 0 6 0 0 0 0 17 0 0 0 0 0 0 187650258590160 187650258591776 187650258595840 281474521812561 281474521812817 281474521812817 281474521812951 0
THREAD 155 (mosquitto loop) S 122 122 120 52288 122 4194368 3 0 1 0 308 532 0 0 20 0 2 0 535 85700608 1950 18446744073709551615 187650258550784 187650258586556 281474521810384 0 0 0 0 6 0 1 0 0 -1 1 0 0 0 0 0 187650258590160 187650258591776 187650258595840 281474521812561 281474521812817 281474521812817 281474521812951 0
SYSTEM cpu  2464 0 3091 910 1 0 521 0 0 0
MemFree:          970376 kB
MemAvailable:     940376 kB
SwapFree:              0 kB
METRICS {"enqueued":116950,"dequeued":116947,"current_depth":3,"peak_depth":67,"rejected":0,"processing_latency_ms":0.26314,"published":116979,"publish_failures":0,"command_timeouts":0,"can_errors":0,"telemetry_qos":1,"mqtt_max_inflight":20,"pipeline_metrics_enabled":true,"can_pipeline":{"frames_read":116950,"parsed":116950,"rejected_frames":0,"read_errors":0,"parse":{"count":116950,"mean_us":6.93228,"max_us":5219.28,"p50_upper_us":4,"p95_upper_us":16,"p99_upper_us":128}},"telemetry_enqueued":116950,"telemetry_dequeued":116947,"telemetry_queue_wait":{"count":116947,"mean_us":261.218,"max_us":7485.47,"p50_upper_us":256,"p95_upper_us":1024,"p99_upper_us":2048},"command_queue_wait":{"count":0,"mean_us":0,"max_us":0,"p50_upper_us":0,"p95_upper_us":0,"p99_upper_us":0},"telemetry_worker_before_publish":{"count":116947,"mean_us":33.0512,"max_us":6982.86,"p50_upper_us":32,"p95_upper_us":128,"p99_upper_us":256},"mqtt_pipeline":{"publish_calls":116979,"publish_accepted":116979,"publish_api_errors":0,"puback_received":57843,"qos0_local_completed":0,"telemetry_accepted":116947,"telemetry_puback_received":57824,"pending_tracked":4096,"pending_peak":4096,"oldest_pending_us":5.29729e+06,"tracking_dropped":55040,"unmatched_callbacks":37935,"tracking_complete":false,"publish_api":{"count":116979,"mean_us":16.5431,"max_us":6421.6,"p50_upper_us":8,"p95_upper_us":64,"p99_upper_us":256},"telemetry_puback":{"count":57824,"mean_us":1.69583e+06,"max_us":5.30049e+06,"p50_upper_us":2.09715e+06,"p95_upper_us":5.30049e+06,"p99_upper_us":5.30049e+06}}}
SAMPLE 40.59
PROCESS 143
143 (mqmgateway_iot) S 122 122 120 52288 122 4194304 2365 0 16 0 1433 1633 0 0 20 0 6 0 422 383217664 3006 18446744073709551615 187650086047744 187650086147104 281474298889488 0 0 0 0 4 16386 0 0 0 17 1 0 0 0 0 0 187650086152416 187650086154272 187650086158336 281474298891809 281474298892122 281474298892122 281474298892256 0
VmHWM:	   12024 kB
VmRSS:	   12024 kB
Threads:	6
THREAD 143 (mqmgateway_iot) S 122 122 120 52288 122 4194304 162 0 14 0 2 3 0 0 20 0 6 0 422 383217664 3006 18446744073709551615 187650086047744 187650086147104 281474298889488 0 0 0 0 4 16386 1 0 0 17 1 0 0 0 0 0 187650086152416 187650086154272 187650086158336 281474298891809 281474298892122 281474298892122 281474298892256 0
THREAD 145 (mosquitto loop) S 122 122 120 52288 122 4194368 7 0 0 0 380 601 0 0 20 0 6 0 426 383217664 3006 18446744073709551615 187650086047744 187650086147104 281474298889488 0 0 0 0 4 16386 1 0 0 -1 1 0 0 0 0 0 187650086152416 187650086154272 187650086158336 281474298891809 281474298892122 281474298892122 281474298892256 0
THREAD 146 (mqmgateway_iot) S 122 122 120 52288 122 4194368 192 0 0 0 289 669 0 0 20 0 6 0 426 383217664 3006 18446744073709551615 187650086047744 187650086147104 281474298889488 0 0 0 0 4 16386 1 0 0 -1 0 0 0 0 0 0 187650086152416 187650086154272 187650086158336 281474298891809 281474298892122 281474298892122 281474298892256 0
THREAD 147 (mqmgateway_iot) S 122 122 120 52288 122 4194368 988 0 0 0 381 184 0 0 20 0 6 0 426 383217664 3006 18446744073709551615 187650086047744 187650086147104 281474298889488 0 0 0 0 4 16386 1 0 0 -1 0 0 0 0 0 0 187650086152416 187650086154272 187650086158336 281474298891809 281474298892122 281474298892122 281474298892256 0
THREAD 148 (mqmgateway_iot) S 122 122 120 52288 122 4194368 1034 0 0 0 377 182 0 0 20 0 6 0 426 383217664 3038 18446744073709551615 187650086047744 187650086147104 281474298889488 0 0 0 0 4 16386 1 0 0 -1 0 0 0 0 0 0 187650086152416 187650086154272 187650086158336 281474298891809 281474298892122 281474298892122 281474298892256 0
THREAD 149 (mqmgateway_iot) S 122 122 120 52288 122 4194368 8 0 2 0 3 8 0 0 20 0 6 0 426 383217664 3038 18446744073709551615 187650086047744 187650086147104 281474298889488 0 0 0 0 4 16386 1 0 0 -1 0 0 0 0 0 0 187650086152416 187650086154272 187650086158336 281474298891809 281474298892122 281474298892122 281474298892256 0
PROCESS 141
141 (mosquitto) R 122 122 120 52288 122 4194560 263 0 0 0 592 1024 0 0 20 0 1 0 320 4313088 584 18446744073709551615 187650216820736 187650217063704 281474646074080 0 0 0 0 4100 18947 0 0 0 17 1 0 0 0 0 0 187650217068800 187650217070760 187650217099264 281474646077194 281474646077278 281474646077278 281474646077412 0
VmHWM:	    2336 kB
VmRSS:	    2336 kB
Threads:	1
THREAD 141 (mosquitto) R 122 122 120 52288 122 4194560 263 0 0 0 593 1025 0 0 20 0 1 0 320 4313088 584 18446744073709551615 187650216820736 187650217063704 281474646074080 0 0 0 0 4100 18947 0 0 0 17 1 0 0 0 0 0 187650217068800 187650217070760 187650217099264 281474646077194 281474646077278 281474646077278 281474646077412 0
PROCESS 151
151 (mqmgateway_arm6) S 122 122 120 52288 122 4194304 316 0 2 0 535 1521 0 0 20 0 2 0 532 85700608 1950 18446744073709551615 187650258550784 187650258586556 281474521810384 0 0 0 0 6 0 0 0 0 17 0 0 0 0 0 0 187650258590160 187650258591776 187650258595840 281474521812561 281474521812817 281474521812817 281474521812951 0
VmHWM:	    7800 kB
VmRSS:	    7800 kB
Threads:	2
THREAD 151 (mqmgateway_arm6) R 122 122 120 52288 122 4194304 313 0 1 0 158 904 0 0 20 0 2 0 532 85700608 1950 18446744073709551615 187650258550784 187650258586556 281474521810384 0 0 0 0 6 0 0 0 0 17 0 0 0 0 0 0 187650258590160 187650258591776 187650258595840 281474521812561 281474521812817 281474521812817 281474521812951 0
THREAD 155 (mosquitto loop) R 122 122 120 52288 122 4194368 3 0 1 0 365 633 0 0 20 0 2 0 535 85700608 1950 18446744073709551615 187650258550784 187650258586556 281474521810384 0 0 0 0 6 0 0 0 0 -1 1 0 0 0 0 0 187650258590160 187650258591776 187650258595840 281474521812561 281474521812817 281474521812817 281474521812951 0
SYSTEM cpu  2918 0 3698 916 1 0 622 0 0 0
MemFree:          968408 kB
MemAvailable:     938412 kB
SwapFree:              0 kB
METRICS {"enqueued":141212,"dequeued":141212,"current_depth":0,"peak_depth":67,"rejected":0,"processing_latency_ms":0.248547,"published":141253,"publish_failures":0,"command_timeouts":0,"can_errors":0,"telemetry_qos":1,"mqtt_max_inflight":20,"pipeline_metrics_enabled":true,"can_pipeline":{"frames_read":141215,"parsed":141215,"rejected_frames":0,"read_errors":0,"parse":{"count":141215,"mean_us":7.12964,"max_us":5219.28,"p50_upper_us":8,"p95_upper_us":16,"p99_upper_us":128}},"telemetry_enqueued":141215,"telemetry_dequeued":141215,"telemetry_queue_wait":{"count":141215,"mean_us":246.604,"max_us":7485.47,"p50_upper_us":256,"p95_upper_us":1024,"p99_upper_us":2048},"command_queue_wait":{"count":0,"mean_us":0,"max_us":0,"p50_upper_us":0,"p95_upper_us":0,"p99_upper_us":0},"telemetry_worker_before_publish":{"count":141215,"mean_us":33.4226,"max_us":6982.86,"p50_upper_us":32,"p95_upper_us":128,"p99_upper_us":256},"mqtt_pipeline":{"publish_calls":141253,"publish_accepted":141253,"publish_api_errors":0,"puback_received":61350,"qos0_local_completed":0,"telemetry_accepted":141215,"telemetry_puback_received":61330,"pending_tracked":4096,"pending_peak":4096,"oldest_pending_us":6.76536e+06,"tracking_dropped":75807,"unmatched_callbacks":52832,"tracking_complete":false,"publish_api":{"count":141253,"mean_us":16.5484,"max_us":6421.6,"p50_upper_us":8,"p95_upper_us":64,"p99_upper_us":256},"telemetry_puback":{"count":61330,"mean_us":1.94868e+06,"max_us":6.76169e+06,"p50_upper_us":2.09715e+06,"p95_upper_us":6.76169e+06,"p99_upper_us":6.76169e+06}}}
SAMPLE 46.41
PROCESS 143
143 (mqmgateway_iot) S 122 122 120 52288 122 4194304 2604 0 16 0 1639 1866 0 0 20 0 6 0 422 383217664 3230 18446744073709551615 187650086047744 187650086147104 281474298889488 0 0 0 0 4 16386 0 0 0 17 0 0 0 0 0 0 187650086152416 187650086154272 187650086158336 281474298891809 281474298892122 281474298892122 281474298892256 0
VmHWM:	   12920 kB
VmRSS:	   12920 kB
Threads:	6
THREAD 143 (mqmgateway_iot) S 122 122 120 52288 122 4194304 162 0 14 0 2 3 0 0 20 0 6 0 422 383217664 3230 18446744073709551615 187650086047744 187650086147104 281474298889488 0 0 0 0 4 16386 1 0 0 17 0 0 0 0 0 0 187650086152416 187650086154272 187650086158336 281474298891809 281474298892122 281474298892122 281474298892256 0
THREAD 145 (mosquitto loop) R 122 122 120 52288 122 4194368 7 0 0 0 446 701 0 0 20 0 6 0 426 383217664 3230 18446744073709551615 187650086047744 187650086147104 281474298889488 0 0 0 0 4 16386 0 0 0 -1 1 0 0 0 0 0 187650086152416 187650086154272 187650086158336 281474298891809 281474298892122 281474298892122 281474298892256 0
THREAD 146 (mqmgateway_iot) S 122 122 120 52288 122 4194368 215 0 0 0 329 752 0 0 20 0 6 0 426 383217664 3230 18446744073709551615 187650086047744 187650086147104 281474298889488 0 0 0 0 4 16386 1 0 0 -1 0 0 0 0 0 0 187650086152416 187650086154272 187650086158336 281474298891809 281474298892122 281474298892122 281474298892256 0
THREAD 147 (mqmgateway_iot) S 122 122 120 52288 122 4194368 1109 0 0 0 434 206 0 0 20 0 6 0 426 383217664 3230 18446744073709551615 187650086047744 187650086147104 281474298889488 0 0 0 0 4 16386 1 0 0 -1 1 0 0 0 0 0 187650086152416 187650086154272 187650086158336 281474298891809 281474298892122 281474298892122 281474298892256 0
THREAD 148 (mqmgateway_iot) S 122 122 120 52288 122 4194368 1110 0 0 0 425 203 0 0 20 0 6 0 426 383217664 3230 18446744073709551615 187650086047744 187650086147104 281474298889488 0 0 0 0 4 16386 1 0 0 -1 0 0 0 0 0 0 187650086152416 187650086154272 187650086158336 281474298891809 281474298892122 281474298892122 281474298892256 0
THREAD 149 (mqmgateway_iot) S 122 122 120 52288 122 4194368 8 0 2 0 3 9 0 0 20 0 6 0 426 383217664 3230 18446744073709551615 187650086047744 187650086147104 281474298889488 0 0 0 0 4 16386 1 0 0 -1 1 0 0 0 0 0 187650086152416 187650086154272 187650086158336 281474298891809 281474298892122 281474298892122 281474298892256 0
PROCESS 141
141 (mosquitto) S 122 122 120 52288 122 4194560 263 0 0 0 706 1209 0 0 20 0 1 0 320 4313088 584 18446744073709551615 187650216820736 187650217063704 281474646074080 0 0 0 18947 4100 18947 1 0 0 17 0 0 0 0 0 0 187650217068800 187650217070760 187650217099264 281474646077194 281474646077278 281474646077278 281474646077412 0
VmHWM:	    2336 kB
VmRSS:	    2336 kB
Threads:	1
THREAD 141 (mosquitto) S 122 122 120 52288 122 4194560 263 0 0 0 708 1209 0 0 20 0 1 0 320 4313088 584 18446744073709551615 187650216820736 187650217063704 281474646074080 0 0 0 18947 4100 18947 1 0 0 17 0 0 0 0 0 0 187650217068800 187650217070760 187650217099264 281474646077194 281474646077278 281474646077278 281474646077412 0
PROCESS 151
151 (mqmgateway_arm6) R 122 122 120 52288 122 4194304 316 0 2 0 641 1760 0 0 20 0 2 0 532 85700608 1950 18446744073709551615 187650258550784 187650258586556 281474521810384 0 0 0 0 6 0 0 0 0 17 0 0 0 0 0 0 187650258590160 187650258591776 187650258595840 281474521812561 281474521812817 281474521812817 281474521812951 0
VmHWM:	    7800 kB
VmRSS:	    7800 kB
Threads:	2
THREAD 151 (mqmgateway_arm6) R 122 122 120 52288 122 4194304 313 0 1 0 185 1036 0 0 20 0 2 0 532 85700608 1950 18446744073709551615 187650258550784 187650258586556 281474521810384 0 0 0 0 6 0 0 0 0 17 0 0 0 0 0 0 187650258590160 187650258591776 187650258595840 281474521812561 281474521812817 281474521812817 281474521812951 0
THREAD 155 (mosquitto loop) R 122 122 120 52288 122 4194368 3 0 1 0 435 752 0 0 20 0 2 0 535 85700608 1950 18446744073709551615 187650258550784 187650258586556 281474521810384 0 0 0 0 6 0 0 0 0 -1 1 0 0 0 0 0 187650258590160 187650258591776 187650258595840 281474521812561 281474521812817 281474521812817 281474521812951 0
SYSTEM cpu  3370 0 4249 956 1 0 738 0 0 0
MemFree:          971096 kB
MemAvailable:     941116 kB
SwapFree:              0 kB
METRICS {"enqueued":165513,"dequeued":165513,"current_depth":0,"peak_depth":67,"rejected":0,"processing_latency_ms":0.263594,"published":165557,"publish_failures":0,"command_timeouts":0,"can_errors":0,"telemetry_qos":1,"mqtt_max_inflight":20,"pipeline_metrics_enabled":true,"can_pipeline":{"frames_read":165513,"parsed":165513,"rejected_frames":0,"read_errors":0,"parse":{"count":165513,"mean_us":6.89498,"max_us":5219.28,"p50_upper_us":4,"p95_upper_us":16,"p99_upper_us":128}},"telemetry_enqueued":165513,"telemetry_dequeued":165513,"telemetry_queue_wait":{"count":165513,"mean_us":261.699,"max_us":7485.47,"p50_upper_us":256,"p95_upper_us":1024,"p99_upper_us":2048},"command_queue_wait":{"count":0,"mean_us":0,"max_us":0,"p50_upper_us":0,"p95_upper_us":0,"p99_upper_us":0},"telemetry_worker_before_publish":{"count":165513,"mean_us":32.9108,"max_us":14533.3,"p50_upper_us":32,"p95_upper_us":128,"p99_upper_us":256},"mqtt_pipeline":{"publish_calls":165557,"publish_accepted":165557,"publish_api_errors":0,"puback_received":64354,"qos0_local_completed":0,"telemetry_accepted":165513,"telemetry_puback_received":64334,"pending_tracked":4096,"pending_peak":4096,"oldest_pending_us":7.47164e+06,"tracking_dropped":97107,"unmatched_callbacks":71314,"tracking_complete":false,"publish_api":{"count":165557,"mean_us":15.937,"max_us":6421.6,"p50_upper_us":8,"p95_upper_us":64,"p99_upper_us":256},"telemetry_puback":{"count":64334,"mean_us":2.19672e+06,"max_us":7.47547e+06,"p50_upper_us":2.09715e+06,"p95_upper_us":7.47547e+06,"p99_upper_us":7.47547e+06}}}
SAMPLE 52.35
PROCESS 143
143 (mqmgateway_iot) S 122 122 120 52288 122 4194304 2847 0 16 0 1832 2123 0 0 20 0 6 0 422 383217664 3486 18446744073709551615 187650086047744 187650086147104 281474298889488 0 0 0 0 4 16386 0 0 0 17 0 0 0 0 0 0 187650086152416 187650086154272 187650086158336 281474298891809 281474298892122 281474298892122 281474298892256 0
VmHWM:	   13944 kB
VmRSS:	   13944 kB
Threads:	6
THREAD 143 (mqmgateway_iot) S 122 122 120 52288 122 4194304 162 0 14 0 2 3 0 0 20 0 6 0 422 383217664 3486 18446744073709551615 187650086047744 187650086147104 281474298889488 0 0 0 0 4 16386 1 0 0 17 0 0 0 0 0 0 187650086152416 187650086154272 187650086158336 281474298891809 281474298892122 281474298892122 281474298892256 0
THREAD 145 (mosquitto loop) S 122 122 120 52288 122 4194368 7 0 0 0 504 810 0 0 20 0 6 0 426 383217664 3486 18446744073709551615 187650086047744 187650086147104 281474298889488 0 0 0 0 4 16386 1 0 0 -1 1 0 0 0 0 0 187650086152416 187650086154272 187650086158336 281474298891809 281474298892122 281474298892122 281474298892256 0
THREAD 146 (mqmgateway_iot) S 122 122 120 52288 122 4194368 229 0 0 0 371 843 0 0 20 0 6 0 426 383217664 3486 18446744073709551615 187650086047744 187650086147104 281474298889488 0 0 0 0 4 16386 1 0 0 -1 0 0 0 0 0 0 187650086152416 187650086154272 187650086158336 281474298891809 281474298892122 281474298892122 281474298892256 0
THREAD 147 (mqmgateway_iot) R 122 122 120 52288 122 4194368 1230 0 0 0 489 225 0 0 20 0 6 0 426 383217664 3486 18446744073709551615 187650086047744 187650086147104 281474298889488 0 0 0 0 4 16386 0 0 0 -1 0 0 0 0 0 0 187650086152416 187650086154272 187650086158336 281474298891809 281474298892122 281474298892122 281474298892256 0
THREAD 148 (mqmgateway_iot) R 122 122 120 52288 122 4194368 1221 0 0 0 472 230 0 0 20 0 6 0 426 383217664 3486 18446744073709551615 187650086047744 187650086147104 281474298889488 0 0 0 0 4 16386 1 0 0 -1 0 0 0 0 0 0 187650086152416 187650086154272 187650086158336 281474298891809 281474298892122 281474298892122 281474298892256 0
THREAD 149 (mqmgateway_iot) S 122 122 120 52288 122 4194368 8 0 2 0 4 10 0 0 20 0 6 0 426 383217664 3486 18446744073709551615 187650086047744 187650086147104 281474298889488 0 0 0 0 4 16386 1 0 0 -1 1 0 0 0 0 0 187650086152416 187650086154272 187650086158336 281474298891809 281474298892122 281474298892122 281474298892256 0
PROCESS 141
141 (mosquitto) S 122 122 120 52288 122 4194560 263 0 0 0 813 1396 0 0 20 0 1 0 320 4313088 584 18446744073709551615 187650216820736 187650217063704 281474646074080 0 0 0 18947 4100 18947 1 0 0 17 1 0 0 0 0 0 187650217068800 187650217070760 187650217099264 281474646077194 281474646077278 281474646077278 281474646077412 0
VmHWM:	    2336 kB
VmRSS:	    2336 kB
Threads:	1
THREAD 141 (mosquitto) R 122 122 120 52288 122 4194560 263 0 0 0 814 1398 0 0 20 0 1 0 320 4313088 584 18446744073709551615 187650216820736 187650217063704 281474646074080 0 0 0 18947 4100 18947 0 0 0 17 1 0 0 0 0 0 187650217068800 187650217070760 187650217099264 281474646077194 281474646077278 281474646077278 281474646077412 0
PROCESS 151
151 (mqmgateway_arm6) S 122 122 120 52288 122 4194304 316 0 2 0 747 2002 0 0 20 0 2 0 532 85700608 1950 18446744073709551615 187650258550784 187650258586556 281474521810384 0 0 0 0 6 0 0 0 0 17 0 0 0 0 0 0 187650258590160 187650258591776 187650258595840 281474521812561 281474521812817 281474521812817 281474521812951 0
VmHWM:	    7800 kB
VmRSS:	    7800 kB
Threads:	2
THREAD 151 (mqmgateway_arm6) S 122 122 120 52288 122 4194304 313 0 1 0 207 1172 0 0 20 0 2 0 532 85700608 1950 18446744073709551615 187650258550784 187650258586556 281474521810384 0 0 0 0 6 0 1 0 0 17 0 0 0 0 0 0 187650258590160 187650258591776 187650258595840 281474521812561 281474521812817 281474521812817 281474521812951 0
THREAD 155 (mosquitto loop) S 122 122 120 52288 122 4194368 3 0 1 0 506 870 0 0 20 0 2 0 535 85700608 1950 18446744073709551615 187650258550784 187650258586556 281474521810384 0 0 0 0 6 0 1 0 0 -1 1 0 0 0 0 0 187650258590160 187650258591776 187650258595840 281474521812561 281474521812817 281474521812817 281474521812951 0
SYSTEM cpu  3807 0 4832 994 1 0 851 0 0 0
MemFree:          970088 kB
MemAvailable:     940112 kB
SwapFree:              0 kB
METRICS {"enqueued":189854,"dequeued":189854,"current_depth":0,"peak_depth":67,"rejected":0,"processing_latency_ms":0.282055,"published":189904,"publish_failures":0,"command_timeouts":0,"can_errors":0,"telemetry_qos":1,"mqtt_max_inflight":20,"pipeline_metrics_enabled":true,"can_pipeline":{"frames_read":189856,"parsed":189856,"rejected_frames":0,"read_errors":0,"parse":{"count":189856,"mean_us":6.82532,"max_us":5735.6,"p50_upper_us":4,"p95_upper_us":16,"p99_upper_us":128}},"telemetry_enqueued":189856,"telemetry_dequeued":189856,"telemetry_queue_wait":{"count":189856,"mean_us":280.186,"max_us":7485.47,"p50_upper_us":256,"p95_upper_us":1024,"p99_upper_us":2048},"command_queue_wait":{"count":0,"mean_us":0,"max_us":0,"p50_upper_us":0,"p95_upper_us":0,"p99_upper_us":0},"telemetry_worker_before_publish":{"count":189856,"mean_us":32.3021,"max_us":14533.3,"p50_upper_us":32,"p95_upper_us":128,"p99_upper_us":256},"mqtt_pipeline":{"publish_calls":189906,"publish_accepted":189906,"publish_api_errors":0,"puback_received":67556,"qos0_local_completed":0,"telemetry_accepted":189856,"telemetry_puback_received":67534,"pending_tracked":4096,"pending_peak":4096,"oldest_pending_us":8.25547e+06,"tracking_dropped":118254,"unmatched_callbacks":89164,"tracking_complete":false,"publish_api":{"count":189906,"mean_us":15.4274,"max_us":6421.6,"p50_upper_us":8,"p95_upper_us":64,"p99_upper_us":256},"telemetry_puback":{"count":67534,"mean_us":2.47015e+06,"max_us":8.28541e+06,"p50_upper_us":2.09715e+06,"p95_upper_us":8.28541e+06,"p99_upper_us":8.28541e+06}}}
SAMPLE 58.27
PROCESS 143
143 (mqmgateway_iot) S 122 122 120 52288 122 4194304 3186 0 16 0 2065 2409 0 0 20 0 6 0 422 383217664 3806 18446744073709551615 187650086047744 187650086147104 281474298889488 0 0 0 0 4 16386 0 0 0 17 1 0 0 0 0 0 187650086152416 187650086154272 187650086158336 281474298891809 281474298892122 281474298892122 281474298892256 0
VmHWM:	   15224 kB
VmRSS:	   15224 kB
Threads:	6
THREAD 143 (mqmgateway_iot) S 122 122 120 52288 122 4194304 162 0 14 0 3 3 0 0 20 0 6 0 422 383217664 3806 18446744073709551615 187650086047744 187650086147104 281474298889488 0 0 0 0 4 16386 1 0 0 17 1 0 0 0 0 0 187650086152416 187650086154272 187650086158336 281474298891809 281474298892122 281474298892122 281474298892256 0
THREAD 145 (mosquitto loop) R 122 122 120 52288 122 4194368 7 0 0 0 557 918 0 0 20 0 6 0 426 383217664 3806 18446744073709551615 187650086047744 187650086147104 281474298889488 0 0 0 0 4 16386 0 0 0 -1 0 0 0 0 0 0 187650086152416 187650086154272 187650086158336 281474298891809 281474298892122 281474298892122 281474298892256 0
THREAD 146 (mqmgateway_iot) S 122 122 120 52288 122 4194368 252 0 0 0 421 954 0 0 20 0 6 0 426 383217664 3806 18446744073709551615 187650086047744 187650086147104 281474298889488 0 0 0 0 4 16386 1 0 0 -1 1 0 0 0 0 0 187650086152416 187650086154272 187650086158336 281474298891809 281474298892122 281474298892122 281474298892256 0
THREAD 147 (mqmgateway_iot) S 122 122 120 52288 122 4194368 1411 0 0 0 558 253 0 0 20 0 6 0 426 383217664 3806 18446744073709551615 187650086047744 187650086147104 281474298889488 0 0 0 0 4 16386 1 0 0 -1 1 0 0 0 0 0 187650086152416 187650086154272 187650086158336 281474298891809 281474298892122 281474298892122 281474298892256 0
THREAD 148 (mqmgateway_iot) S 122 122 120 52288 122 4194368 1355 0 0 0 534 263 0 0 20 0 6 0 426 383217664 3806 18446744073709551615 187650086047744 187650086147104 281474298889488 0 0 0 0 4 16386 1 0 0 -1 0 0 0 0 0 0 187650086152416 187650086154272 187650086158336 281474298891809 281474298892122 281474298892122 281474298892256 0
THREAD 149 (mqmgateway_iot) S 122 122 120 52288 122 4194368 8 0 2 0 5 11 0 0 20 0 6 0 426 383217664 3806 18446744073709551615 187650086047744 187650086147104 281474298889488 0 0 0 0 4 16386 1 0 0 -1 1 0 0 0 0 0 187650086152416 187650086154272 187650086158336 281474298891809 281474298892122 281474298892122 281474298892256 0
PROCESS 141
141 (mosquitto) R 122 122 120 52288 122 4194560 263 0 0 0 911 1570 0 0 20 0 1 0 320 4313088 584 18446744073709551615 187650216820736 187650217063704 281474646074080 0 0 0 0 4100 18947 0 0 0 17 0 0 0 0 0 0 187650217068800 187650217070760 187650217099264 281474646077194 281474646077278 281474646077278 281474646077412 0
VmHWM:	    2336 kB
VmRSS:	    2336 kB
Threads:	1
THREAD 141 (mosquitto) S 122 122 120 52288 122 4194560 263 0 0 0 913 1572 0 0 20 0 1 0 320 4313088 584 18446744073709551615 187650216820736 187650217063704 281474646074080 0 0 0 18947 4100 18947 1 0 0 17 0 0 0 0 0 0 187650217068800 187650217070760 187650217099264 281474646077194 281474646077278 281474646077278 281474646077412 0
PROCESS 151
151 (mqmgateway_arm6) R 122 122 120 52288 122 4194304 316 0 2 0 837 2243 0 0 20 0 2 0 532 85700608 1950 18446744073709551615 187650258550784 187650258586556 281474521810384 0 0 0 0 6 0 0 0 0 17 1 0 0 0 0 0 187650258590160 187650258591776 187650258595840 281474521812561 281474521812817 281474521812817 281474521812951 0
VmHWM:	    7800 kB
VmRSS:	    7800 kB
Threads:	2
THREAD 151 (mqmgateway_arm6) R 122 122 120 52288 122 4194304 313 0 1 0 229 1316 0 0 20 0 2 0 532 85700608 1950 18446744073709551615 187650258550784 187650258586556 281474521810384 0 0 0 0 6 0 0 0 0 17 1 0 0 0 0 0 187650258590160 187650258591776 187650258595840 281474521812561 281474521812817 281474521812817 281474521812951 0
THREAD 155 (mosquitto loop) S 122 122 120 52288 122 4194368 3 0 1 0 572 967 0 0 20 0 2 0 535 85700608 1950 18446744073709551615 187650258550784 187650258586556 281474521810384 0 0 0 0 6 0 1 0 0 -1 0 0 0 0 0 0 187650258590160 187650258591776 187650258595840 281474521812561 281474521812817 281474521812817 281474521812951 0
SYSTEM cpu  4252 0 5409 1006 1 0 963 0 0 0
MemFree:          967616 kB
MemAvailable:     937648 kB
SwapFree:              0 kB
METRICS {"enqueued":214170,"dequeued":214167,"current_depth":3,"peak_depth":67,"rejected":0,"processing_latency_ms":0.281919,"published":214226,"publish_failures":0,"command_timeouts":0,"can_errors":0,"telemetry_qos":1,"mqtt_max_inflight":20,"pipeline_metrics_enabled":true,"can_pipeline":{"frames_read":214170,"parsed":214170,"rejected_frames":0,"read_errors":0,"parse":{"count":214170,"mean_us":6.91473,"max_us":5735.6,"p50_upper_us":4,"p95_upper_us":16,"p99_upper_us":128}},"telemetry_enqueued":214170,"telemetry_dequeued":214170,"telemetry_queue_wait":{"count":214170,"mean_us":280.084,"max_us":7590.86,"p50_upper_us":256,"p95_upper_us":1024,"p99_upper_us":4096},"command_queue_wait":{"count":0,"mean_us":0,"max_us":0,"p50_upper_us":0,"p95_upper_us":0,"p99_upper_us":0},"telemetry_worker_before_publish":{"count":214170,"mean_us":32.3124,"max_us":14533.3,"p50_upper_us":32,"p95_upper_us":128,"p99_upper_us":256},"mqtt_pipeline":{"publish_calls":214226,"publish_accepted":214226,"publish_api_errors":0,"puback_received":69992,"qos0_local_completed":0,"telemetry_accepted":214170,"telemetry_puback_received":69969,"pending_tracked":4096,"pending_peak":4096,"oldest_pending_us":9.46165e+06,"tracking_dropped":140138,"unmatched_callbacks":106335,"tracking_complete":false,"publish_api":{"count":214226,"mean_us":15.748,"max_us":7819.33,"p50_upper_us":8,"p95_upper_us":64,"p99_upper_us":256},"telemetry_puback":{"count":69969,"mean_us":2.69571e+06,"max_us":9.47414e+06,"p50_upper_us":2.09715e+06,"p95_upper_us":8.38861e+06,"p99_upper_us":9.47414e+06}}}
SAMPLE 64.05
PROCESS 143
143 (mqmgateway_iot) S 122 122 120 52288 122 4194304 3461 0 16 0 2273 2675 0 0 20 0 6 0 422 383217664 4094 18446744073709551615 187650086047744 187650086147104 281474298889488 0 0 0 0 4 16386 0 0 0 17 0 0 0 0 0 0 187650086152416 187650086154272 187650086158336 281474298891809 281474298892122 281474298892122 281474298892256 0
VmHWM:	   16376 kB
VmRSS:	   16376 kB
Threads:	6
THREAD 143 (mqmgateway_iot) S 122 122 120 52288 122 4194304 162 0 14 0 3 3 0 0 20 0 6 0 422 383217664 4094 18446744073709551615 187650086047744 187650086147104 281474298889488 0 0 0 0 4 16386 1 0 0 17 0 0 0 0 0 0 187650086152416 187650086154272 187650086158336 281474298891809 281474298892122 281474298892122 281474298892256 0
THREAD 145 (mosquitto loop) S 122 122 120 52288 122 4194368 7 0 0 0 614 1021 0 0 20 0 6 0 426 383217664 4094 18446744073709551615 187650086047744 187650086147104 281474298889488 0 0 0 0 4 16386 1 0 0 -1 0 0 0 0 0 0 187650086152416 187650086154272 187650086158336 281474298891809 281474298892122 281474298892122 281474298892256 0
THREAD 146 (mqmgateway_iot) R 122 122 120 52288 122 4194368 272 0 0 0 465 1059 0 0 20 0 6 0 426 383217664 4094 18446744073709551615 187650086047744 187650086147104 281474298889488 0 0 0 0 4 16386 1 0 0 -1 1 0 0 0 0 0 187650086152416 187650086154272 187650086158336 281474298891809 281474298892122 281474298892122 281474298892256 0
THREAD 147 (mqmgateway_iot) S 122 122 120 52288 122 4194368 1529 0 0 0 611 284 0 0 20 0 6 0 426 383217664 4094 18446744073709551615 187650086047744 187650086147104 281474298889488 0 0 0 0 4 16386 1 0 0 -1 1 0 0 0 0 0 187650086152416 187650086154272 187650086158336 281474298891809 281474298892122 281474298892122 281474298892256 0
THREAD 148 (mqmgateway_iot) S 122 122 120 52288 122 4194368 1508 0 0 0 594 288 0 0 20 0 6 0 426 383217664 4126 18446744073709551615 187650086047744 187650086147104 281474298889488 0 0 0 0 4 16386 1 0 0 -1 1 0 0 0 0 0 187650086152416 187650086154272 187650086158336 281474298891809 281474298892122 281474298892122 281474298892256 0
THREAD 149 (mqmgateway_iot) S 122 122 120 52288 122 4194368 8 0 2 0 6 12 0 0 20 0 6 0 426 383217664 4126 18446744073709551615 187650086047744 187650086147104 281474298889488 0 0 0 0 4 16386 1 0 0 -1 1 0 0 0 0 0 187650086152416 187650086154272 187650086158336 281474298891809 281474298892122 281474298892122 281474298892256 0
PROCESS 141
141 (mosquitto) R 122 122 120 52288 122 4194560 263 0 0 0 1014 1745 0 0 20 0 1 0 320 4313088 584 18446744073709551615 187650216820736 187650217063704 281474646074080 0 0 0 0 4100 18947 0 0 0 17 0 0 0 0 0 0 187650217068800 187650217070760 187650217099264 281474646077194 281474646077278 281474646077278 281474646077412 0
VmHWM:	    2336 kB
VmRSS:	    2336 kB
Threads:	1
THREAD 141 (mosquitto) R 122 122 120 52288 122 4194560 263 0 0 0 1016 1747 0 0 20 0 1 0 320 4313088 584 18446744073709551615 187650216820736 187650217063704 281474646074080 0 0 0 18947 4100 18947 0 0 0 17 0 0 0 0 0 0 187650217068800 187650217070760 187650217099264 281474646077194 281474646077278 281474646077278 281474646077412 0
PROCESS 151
151 (mqmgateway_arm6) R 122 122 120 52288 122 4194304 316 0 2 0 924 2496 0 0 20 0 2 0 532 85700608 1950 18446744073709551615 187650258550784 187650258586556 281474521810384 0 0 0 0 6 0 0 0 0 17 1 0 0 0 0 0 187650258590160 187650258591776 187650258595840 281474521812561 281474521812817 281474521812817 281474521812951 0
VmHWM:	    7800 kB
VmRSS:	    7800 kB
Threads:	2
THREAD 151 (mqmgateway_arm6) R 122 122 120 52288 122 4194304 313 0 1 0 254 1464 0 0 20 0 2 0 532 85700608 1950 18446744073709551615 187650258550784 187650258586556 281474521810384 0 0 0 0 6 0 0 0 0 17 1 0 0 0 0 0 187650258590160 187650258591776 187650258595840 281474521812561 281474521812817 281474521812817 281474521812951 0
THREAD 155 (mosquitto loop) R 122 122 120 52288 122 4194368 3 0 1 0 635 1073 0 0 20 0 2 0 535 85700608 1950 18446744073709551615 187650258550784 187650258586556 281474521810384 0 0 0 0 6 0 0 0 0 -1 0 0 0 0 0 0 187650258590160 187650258591776 187650258595840 281474521812561 281474521812817 281474521812817 281474521812951 0
SYSTEM cpu  4684 0 6005 1032 1 0 1072 0 0 0
MemFree:          966636 kB
MemAvailable:     936676 kB
SwapFree:              0 kB
METRICS {"enqueued":234374,"dequeued":234374,"current_depth":0,"peak_depth":67,"rejected":0,"processing_latency_ms":0.277909,"published":234435,"publish_failures":0,"command_timeouts":0,"can_errors":0,"telemetry_qos":1,"mqtt_max_inflight":20,"pipeline_metrics_enabled":true,"can_pipeline":{"frames_read":234374,"parsed":234374,"rejected_frames":0,"read_errors":0,"parse":{"count":234374,"mean_us":6.89311,"max_us":5735.6,"p50_upper_us":4,"p95_upper_us":16,"p99_upper_us":128}},"telemetry_enqueued":234374,"telemetry_dequeued":234374,"telemetry_queue_wait":{"count":234374,"mean_us":276.064,"max_us":7590.86,"p50_upper_us":256,"p95_upper_us":1024,"p99_upper_us":2048},"command_queue_wait":{"count":0,"mean_us":0,"max_us":0,"p50_upper_us":0,"p95_upper_us":0,"p99_upper_us":0},"telemetry_worker_before_publish":{"count":234374,"mean_us":32.1673,"max_us":14533.3,"p50_upper_us":32,"p95_upper_us":128,"p99_upper_us":256},"mqtt_pipeline":{"publish_calls":234435,"publish_accepted":234435,"publish_api_errors":0,"puback_received":71932,"qos0_local_completed":0,"telemetry_accepted":234374,"telemetry_puback_received":71909,"pending_tracked":4096,"pending_peak":4096,"oldest_pending_us":1.01954e+07,"tracking_dropped":158407,"unmatched_callbacks":121654,"tracking_complete":false,"publish_api":{"count":234435,"mean_us":15.7106,"max_us":7819.33,"p50_upper_us":8,"p95_upper_us":64,"p99_upper_us":256},"telemetry_puback":{"count":71909,"mean_us":2.88538e+06,"max_us":1.02093e+07,"p50_upper_us":2.09715e+06,"p95_upper_us":1.02093e+07,"p99_upper_us":1.02093e+07}}}
SAMPLE 69.88
PROCESS 143
143 (mqmgateway_iot) S 122 122 120 52288 122 4194304 3540 0 16 0 2396 2848 0 0 20 0 6 0 422 383217664 4158 18446744073709551615 187650086047744 187650086147104 281474298889488 0 0 0 0 4 16386 0 0 0 17 1 0 0 0 0 0 187650086152416 187650086154272 187650086158336 281474298891809 281474298892122 281474298892122 281474298892256 0
VmHWM:	   16632 kB
VmRSS:	   16632 kB
Threads:	6
THREAD 143 (mqmgateway_iot) S 122 122 120 52288 122 4194304 162 0 14 0 3 4 0 0 20 0 6 0 422 383217664 4158 18446744073709551615 187650086047744 187650086147104 281474298889488 0 0 0 0 4 16386 1 0 0 17 1 0 0 0 0 0 187650086152416 187650086154272 187650086158336 281474298891809 281474298892122 281474298892122 281474298892256 0
THREAD 145 (mosquitto loop) R 122 122 120 52288 122 4194368 9 0 0 0 702 1161 0 0 20 0 6 0 426 383217664 4158 18446744073709551615 187650086047744 187650086147104 281474298889488 0 0 0 0 4 16386 0 0 0 -1 1 0 0 0 0 0 187650086152416 187650086154272 187650086158336 281474298891809 281474298892122 281474298892122 281474298892256 0
THREAD 146 (mqmgateway_iot) S 122 122 120 52288 122 4194368 277 0 0 0 473 1076 0 0 20 0 6 0 426 383217664 4158 18446744073709551615 187650086047744 187650086147104 281474298889488 0 0 0 0 4 16386 1 0 0 -1 0 0 0 0 0 0 187650086152416 187650086154272 187650086158336 281474298891809 281474298892122 281474298892122 281474298892256 0
THREAD 147 (mqmgateway_iot) S 122 122 120 52288 122 4194368 1542 0 0 0 621 287 0 0 20 0 6 0 426 383217664 4158 18446744073709551615 187650086047744 187650086147104 281474298889488 0 0 0 0 4 16386 1 0 0 -1 0 0 0 0 0 0 187650086152416 187650086154272 187650086158336 281474298891809 281474298892122 281474298892122 281474298892256 0
THREAD 148 (mqmgateway_iot) S 122 122 120 52288 122 4194368 1542 0 0 0 603 292 0 0 20 0 6 0 426 383217664 4158 18446744073709551615 187650086047744 187650086147104 281474298889488 0 0 0 0 4 16386 1 0 0 -1 0 0 0 0 0 0 187650086152416 187650086154272 187650086158336 281474298891809 281474298892122 281474298892122 281474298892256 0
THREAD 149 (mqmgateway_iot) S 122 122 120 52288 122 4194368 8 0 2 0 6 14 0 0 20 0 6 0 426 383217664 4158 18446744073709551615 187650086047744 187650086147104 281474298889488 0 0 0 0 4 16386 1 0 0 -1 1 0 0 0 0 0 187650086152416 187650086154272 187650086158336 281474298891809 281474298892122 281474298892122 281474298892256 0
PROCESS 141
141 (mosquitto) R 122 122 120 52288 122 4194560 263 0 0 0 1166 2020 0 0 20 0 1 0 320 4313088 584 18446744073709551615 187650216820736 187650217063704 281474646074080 0 0 0 18947 4100 18947 0 0 0 17 1 0 0 0 0 0 187650217068800 187650217070760 187650217099264 281474646077194 281474646077278 281474646077278 281474646077412 0
VmHWM:	    2336 kB
VmRSS:	    2336 kB
Threads:	1
THREAD 141 (mosquitto) R 122 122 120 52288 122 4194560 263 0 0 0 1167 2022 0 0 20 0 1 0 320 4313088 584 18446744073709551615 187650216820736 187650217063704 281474646074080 0 0 0 18947 4100 18947 0 0 0 17 1 0 0 0 0 0 187650217068800 187650217070760 187650217099264 281474646077194 281474646077278 281474646077278 281474646077412 0
PROCESS 151
151 (mqmgateway_arm6) S 122 122 120 52288 122 4194304 316 0 2 0 1009 2675 0 0 20 0 2 0 532 85700608 1950 18446744073709551615 187650258550784 187650258586556 281474521810384 0 0 0 0 6 0 0 0 0 17 1 0 0 0 0 0 187650258590160 187650258591776 187650258595840 281474521812561 281474521812817 281474521812817 281474521812951 0
VmHWM:	    7800 kB
VmRSS:	    7800 kB
Threads:	2
THREAD 151 (mqmgateway_arm6) S 122 122 120 52288 122 4194304 313 0 1 0 258 1479 0 0 20 0 2 0 532 85700608 1950 18446744073709551615 187650258550784 187650258586556 281474521810384 0 0 0 0 6 0 1 0 0 17 1 0 0 0 0 0 187650258590160 187650258591776 187650258595840 281474521812561 281474521812817 281474521812817 281474521812951 0
THREAD 155 (mosquitto loop) S 122 122 120 52288 122 4194368 3 0 1 0 709 1240 0 0 20 0 2 0 535 85700608 1950 18446744073709551615 187650258550784 187650258586556 281474521810384 0 0 0 0 6 0 1 0 0 -1 1 0 0 0 0 0 187650258590160 187650258591776 187650258595840 281474521812561 281474521812817 281474521812817 281474521812951 0
SYSTEM cpu  5029 0 6488 1150 1 0 1181 0 0 0
MemFree:          969380 kB
MemAvailable:     939424 kB
SwapFree:              0 kB
METRICS {"enqueued":240000,"dequeued":240000,"current_depth":0,"peak_depth":67,"rejected":0,"processing_latency_ms":0.278858,"published":240067,"publish_failures":0,"command_timeouts":0,"can_errors":0,"telemetry_qos":1,"mqtt_max_inflight":20,"pipeline_metrics_enabled":true,"can_pipeline":{"frames_read":240000,"parsed":240000,"rejected_frames":0,"read_errors":0,"parse":{"count":240000,"mean_us":6.88498,"max_us":5735.6,"p50_upper_us":4,"p95_upper_us":16,"p99_upper_us":128}},"telemetry_enqueued":240000,"telemetry_dequeued":240000,"telemetry_queue_wait":{"count":240000,"mean_us":277.014,"max_us":7590.86,"p50_upper_us":256,"p95_upper_us":1024,"p99_upper_us":2048},"command_queue_wait":{"count":0,"mean_us":0,"max_us":0,"p50_upper_us":0,"p95_upper_us":0,"p99_upper_us":0},"telemetry_worker_before_publish":{"count":240000,"mean_us":32.0898,"max_us":14533.3,"p50_upper_us":32,"p95_upper_us":128,"p99_upper_us":256},"mqtt_pipeline":{"publish_calls":240067,"publish_accepted":240067,"publish_api_errors":0,"puback_received":75748,"qos0_local_completed":0,"telemetry_accepted":240000,"telemetry_puback_received":75725,"pending_tracked":583,"pending_peak":4096,"oldest_pending_us":7.12934e+06,"tracking_dropped":163736,"unmatched_callbacks":154056,"tracking_complete":false,"publish_api":{"count":240067,"mean_us":15.6639,"max_us":7819.33,"p50_upper_us":8,"p95_upper_us":64,"p99_upper_us":256},"telemetry_puback":{"count":75725,"mean_us":3.19235e+06,"max_us":1.04834e+07,"p50_upper_us":2.09715e+06,"p95_upper_us":1.04834e+07,"p99_upper_us":1.04834e+07}}}
