PIDS gateway=142 broker=140 probe=152
CLK_TCK=100 (Linux USER_HZ fallback=100 if getconf unavailable)
SAMPLE 5.27
PROCESS 142
142 (mqmgateway_iot) S 122 122 120 52288 122 4194304 181 0 15 0 4 1 0 0 20 0 8 0 413 198799360 820 18446744073709551615 187650224504832 187650224604192 281473968232880 0 0 0 0 4 16386 0 0 0 17 0 0 0 0 0 0 187650224609504 187650224611360 187650224615424 281473968234017 281473968234330 281473968234330 281473968234464 0
VmHWM:	    3408 kB
VmRSS:	    3408 kB
Threads:	8
THREAD 142 (mqmgateway_iot) S 122 122 120 52288 122 4194304 166 0 13 0 2 0 0 0 20 0 8 0 413 534343680 852 18446744073709551615 187650224504832 187650224604192 281473968232880 0 0 0 0 4 16386 1 0 0 17 0 0 0 0 0 0 187650224609504 187650224611360 187650224615424 281473968234017 281473968234330 281473968234330 281473968234464 0
THREAD 144 (mosquitto loop) R 122 122 120 52288 122 4194368 4 0 0 0 0 1 0 0 20 0 8 0 417 534343680 852 18446744073709551615 187650224504832 187650224604192 281473968232880 0 0 0 0 4 16386 0 0 0 -1 1 0 0 0 0 0 187650224609504 187650224611360 187650224615424 281473968234017 281473968234330 281473968234330 281473968234464 0
THREAD 145 (mqmgateway_iot) R 122 122 120 52288 122 4194368 7 0 0 0 1 0 0 0 20 0 8 0 417 534343680 852 18446744073709551615 187650224504832 187650224604192 281473968232880 0 0 0 0 4 16386 0 0 0 -1 1 0 0 0 0 0 187650224609504 187650224611360 187650224615424 281473968234017 281473968234330 281473968234330 281473968234464 0
THREAD 146 (mqmgateway_iot) S 122 122 120 52288 122 4194368 9 0 0 0 0 0 0 0 20 0 8 0 417 534343680 852 18446744073709551615 187650224504832 187650224604192 281473968232880 0 0 0 0 4 16386 1 0 0 -1 0 0 0 0 0 0 187650224609504 187650224611360 187650224615424 281473968234017 281473968234330 281473968234330 281473968234464 0
THREAD 147 (mqmgateway_iot) S 122 122 120 52288 122 4194368 9 0 0 0 1 0 0 0 20 0 8 0 417 534343680 852 18446744073709551615 187650224504832 187650224604192 281473968232880 0 0 0 0 4 16386 1 0 0 -1 0 0 0 0 0 0 187650224609504 187650224611360 187650224615424 281473968234017 281473968234330 281473968234330 281473968234464 0
THREAD 148 (mqmgateway_iot) S 122 122 120 52288 122 4194368 9 0 0 0 1 0 0 0 20 0 8 0 417 534343680 852 18446744073709551615 187650224504832 187650224604192 281473968232880 0 0 0 0 4 16386 1 0 0 -1 0 0 0 0 0 0 187650224609504 187650224611360 187650224615424 281473968234017 281473968234330 281473968234330 281473968234464 0
THREAD 149 (mqmgateway_iot) R 122 122 120 52288 122 4194368 12 0 0 0 0 1 0 0 20 0 8 0 417 534343680 852 18446744073709551615 187650224504832 187650224604192 281473968232880 0 0 0 0 4 16386 0 0 0 -1 0 0 0 0 0 0 187650224609504 187650224611360 187650224615424 281473968234017 281473968234330 281473968234330 281473968234464 0
THREAD 150 (mqmgateway_iot) S 122 122 120 52288 122 4194368 7 0 2 0 1 0 0 0 20 0 8 0 417 534343680 852 18446744073709551615 187650224504832 187650224604192 281473968232880 0 0 0 0 4 16386 1 0 0 -1 1 0 0 0 0 0 187650224609504 187650224611360 187650224615424 281473968234017 281473968234330 281473968234330 281473968234464 0
PROCESS 140
140 (mosquitto) R 122 122 120 52288 122 4194560 148 0 0 0 7 9 0 0 20 0 1 0 311 3772416 466 18446744073709551615 187650598305792 187650598548760 281474926592608 0 0 0 0 4100 18947 0 0 0 17 0 0 0 0 0 0 187650598553856 187650598555816 187650598584320 281474926595850 281474926595934 281474926595934 281474926596068 0
VmHWM:	    1864 kB
VmRSS:	    1864 kB
Threads:	1
THREAD 140 (mosquitto) R 122 122 120 52288 122 4194560 149 0 0 0 8 13 0 0 20 0 1 0 311 3907584 466 18446744073709551615 187650598305792 187650598548760 281474926592608 0 0 0 0 4100 18947 0 0 0 17 0 0 0 0 0 0 187650598553856 187650598555816 187650598584320 281474926595850 281474926595934 281474926595934 281474926596068 0
PROCESS 152
152 (mqmgateway_arm6) S 122 122 120 52288 122 4194304 316 0 2 0 10 17 0 0 20 0 2 0 525 85700608 1983 18446744073709551615 187650351378432 187650351414204 281474013623616 0 0 0 0 6 0 0 0 0 17 1 0 0 0 0 0 187650351417808 187650351419424 187650351423488 281474013625936 281474013626193 281474013626193 281474013626327 0
VmHWM:	    7932 kB
VmRSS:	    7932 kB
Threads:	2
THREAD 152 (mqmgateway_arm6) S 122 122 120 52288 122 4194304 313 0 1 0 5 12 0 0 20 0 2 0 525 85700608 1983 18446744073709551615 187650351378432 187650351414204 281474013623616 0 0 0 0 6 0 1 0 0 17 1 0 0 0 0 0 187650351417808 187650351419424 187650351423488 281474013625936 281474013626193 281474013626193 281474013626327 0
THREAD 156 (mosquitto loop) R 122 122 120 52288 122 4194368 3 0 1 0 5 9 0 0 20 0 2 0 528 85700608 1983 18446744073709551615 187650351378432 187650351414204 281474013623616 0 0 0 0 6 0 0 0 0 -1 0 0 0 0 0 0 187650351417808 187650351419424 187650351423488 281474013625936 281474013626193 281474013626193 281474013626327 0
SYSTEM cpu  191 0 146 809 2 0 7 0 0 0
MemFree:          983864 kB
MemAvailable:     953832 kB
SwapFree:              0 kB
METRICS {"enqueued":0,"dequeued":0,"current_depth":0,"peak_depth":0,"rejected":0,"processing_latency_ms":0,"published":3,"publish_failures":0,"command_timeouts":0,"can_errors":0,"telemetry_qos":1,"mqtt_max_inflight":20,"pipeline_metrics_enabled":true,"can_pipeline":{"frames_read":0,"parsed":0,"rejected_frames":0,"read_errors":0,"parse":{"count":0,"mean_us":0,"max_us":0,"p50_upper_us":0,"p95_upper_us":0,"p99_upper_us":0}},"telemetry_enqueued":0,"telemetry_dequeued":0,"telemetry_queue_wait":{"count":0,"mean_us":0,"max_us":0,"p50_upper_us":0,"p95_upper_us":0,"p99_upper_us":0},"command_queue_wait":{"count":0,"mean_us":0,"max_us":0,"p50_upper_us":0,"p95_upper_us":0,"p99_upper_us":0},"telemetry_worker_before_publish":{"count":0,"mean_us":0,"max_us":0,"p50_upper_us":0,"p95_upper_us":0,"p99_upper_us":0},"mqtt_pipeline":{"publish_calls":3,"publish_accepted":3,"publish_api_errors":0,"puback_received":2,"qos0_local_completed":0,"telemetry_accepted":0,"telemetry_puback_received":0,"pending_tracked":1,"pending_peak":2,"oldest_pending_us":4096.54,"tracking_dropped":0,"unmatched_callbacks":0,"tracking_complete":true,"publish_api":{"count":3,"mean_us":1000.75,"max_us":2540.05,"p50_upper_us":512,"p95_upper_us":2540.05,"p99_upper_us":2540.05},"telemetry_puback":{"count":0,"mean_us":0,"max_us":0,"p50_upper_us":0,"p95_upper_us":0,"p99_upper_us":0}}}
SAMPLE 11.21
PROCESS 142
142 (mqmgateway_iot) S 122 122 120 52288 122 4194304 882 0 15 0 254 283 0 0 20 0 8 0 413 534343680 1524 18446744073709551615 187650224504832 187650224604192 281473968232880 0 0 0 0 4 16386 0 0 0 17 0 0 0 0 0 0 187650224609504 187650224611360 187650224615424 281473968234017 281473968234330 281473968234330 281473968234464 0
VmHWM:	    6096 kB
VmRSS:	    6096 kB
Threads:	8
THREAD 142 (mqmgateway_iot) S 122 122 120 52288 122 4194304 166 0 13 0 2 0 0 0 20 0 8 0 413 534343680 1556 18446744073709551615 187650224504832 187650224604192 281473968232880 0 0 0 0 4 16386 1 0 0 17 0 0 0 0 0 0 187650224609504 187650224611360 187650224615424 281473968234017 281473968234330 281473968234330 281473968234464 0
THREAD 144 (mosquitto loop) S 122 122 120 52288 122 4194368 4 0 0 0 53 97 0 0 20 0 8 0 417 534343680 1556 18446744073709551615 187650224504832 187650224604192 281473968232880 0 0 0 0 4 16386 1 0 0 -1 0 0 0 0 0 0 187650224609504 187650224611360 187650224615424 281473968234017 281473968234330 281473968234330 281473968234464 0
THREAD 145 (mqmgateway_iot) R 122 122 120 52288 122 4194368 68 0 0 0 53 115 0 0 20 0 8 0 417 534343680 1556 18446744073709551615 187650224504832 187650224604192 281473968232880 0 0 0 0 4 16386 0 0 0 -1 1 0 0 0 0 0 187650224609504 187650224611360 187650224615424 281473968234017 281473968234330 281473968234330 281473968234464 0
THREAD 146 (mqmgateway_iot) R 122 122 120 52288 122 4194368 173 0 0 0 38 19 0 0 20 0 8 0 417 534343680 1556 18446744073709551615 187650224504832 187650224604192 281473968232880 0 0 0 0 4 16386 0 0 0 -1 1 0 0 0 0 0 187650224609504 187650224611360 187650224615424 281473968234017 281473968234330 281473968234330 281473968234464 0
THREAD 147 (mqmgateway_iot) S 122 122 120 52288 122 4194368 144 0 0 0 41 16 0 0 20 0 8 0 417 534343680 1556 18446744073709551615 187650224504832 187650224604192 281473968232880 0 0 0 0 4 16386 1 0 0 -1 0 0 0 0 0 0 187650224609504 187650224611360 187650224615424 281473968234017 281473968234330 281473968234330 281473968234464 0
THREAD 148 (mqmgateway_iot) S 122 122 120 52288 122 4194368 183 0 0 0 39 19 0 0 20 0 8 0 417 534343680 1556 18446744073709551615 187650224504832 187650224604192 281473968232880 0 0 0 0 4 16386 1 0 0 -1 1 0 0 0 0 0 187650224609504 187650224611360 187650224615424 281473968234017 281473968234330 281473968234330 281473968234464 0
THREAD 149 (mqmgateway_iot) S 122 122 120 52288 122 4194368 168 0 0 0 34 20 0 0 20 0 8 0 417 534343680 1556 18446744073709551615 187650224504832 187650224604192 281473968232880 0 0 0 0 4 16386 1 0 0 -1 0 0 0 0 0 0 187650224609504 187650224611360 187650224615424 281473968234017 281473968234330 281473968234330 281473968234464 0
THREAD 150 (mqmgateway_iot) S 122 122 120 52288 122 4194368 7 0 2 0 1 1 0 0 20 0 8 0 417 534343680 1588 18446744073709551615 187650224504832 187650224604192 281473968232880 0 0 0 0 4 16386 1 0 0 -1 1 0 0 0 0 0 187650224609504 187650224611360 187650224615424 281473968234017 281473968234330 281473968234330 281473968234464 0
PROCESS 140
140 (mosquitto) R 122 122 120 52288 122 4194560 213 0 0 0 88 182 0 0 20 0 1 0 311 4042752 530 18446744073709551615 187650598305792 187650598548760 281474926592608 0 0 0 0 4100 18947 0 0 0 17 0 0 0 0 0 0 187650598553856 187650598555816 187650598584320 281474926595850 281474926595934 281474926595934 281474926596068 0
VmHWM:	    2120 kB
VmRSS:	    2120 kB
Threads:	1
THREAD 140 (mosquitto) R 122 122 120 52288 122 4194560 213 0 0 0 88 184 0 0 20 0 1 0 311 4042752 530 18446744073709551615 187650598305792 187650598548760 281474926592608 0 0 0 0 4100 18947 0 0 0 17 0 0 0 0 0 0 187650598553856 187650598555816 187650598584320 281474926595850 281474926595934 281474926595934 281474926596068 0
PROCESS 152
152 (mqmgateway_arm6) R 122 122 120 52288 122 4194304 316 0 2 0 99 268 0 0 20 0 2 0 525 85700608 1983 18446744073709551615 187650351378432 187650351414204 281474013623616 0 0 0 0 6 0 0 0 0 17 1 0 0 0 0 0 187650351417808 187650351419424 187650351423488 281474013625936 281474013626193 281474013626193 281474013626327 0
VmHWM:	    7932 kB
VmRSS:	    7932 kB
Threads:	2
THREAD 152 (mqmgateway_arm6) S 122 122 120 52288 122 4194304 313 0 1 0 31 162 0 0 20 0 2 0 525 85700608 1983 18446744073709551615 187650351378432 187650351414204 281474013623616 0 0 0 0 6 0 1 0 0 17 1 0 0 0 0 0 187650351417808 187650351419424 187650351423488 281474013625936 281474013626193 281474013626193 281474013626327 0
THREAD 156 (mosquitto loop) S 122 122 120 52288 122 4194368 3 0 1 0 66 113 0 0 20 0 2 0 528 85700608 1983 18446744073709551615 187650351378432 187650351414204 281474013623616 0 0 0 0 6 0 1 0 0 -1 1 0 0 0 0 0 187650351417808 187650351419424 187650351423488 281474013625936 281474013626193 281474013626193 281474013626327 0
SYSTEM cpu  644 0 761 833 2 0 94 0 0 0
MemFree:          980792 kB
MemAvailable:     950768 kB
SwapFree:              0 kB
METRICS {"enqueued":23844,"dequeued":23843,"current_depth":1,"peak_depth":32,"rejected":0,"processing_latency_ms":0.242355,"published":23852,"publish_failures":0,"command_timeouts":0,"can_errors":0,"telemetry_qos":1,"mqtt_max_inflight":20,"pipeline_metrics_enabled":true,"can_pipeline":{"frames_read":23844,"parsed":23844,"rejected_frames":0,"read_errors":0,"parse":{"count":23844,"mean_us":8.2976,"max_us":2160.61,"p50_upper_us":8,"p95_upper_us":16,"p99_upper_us":256}},"telemetry_enqueued":23843,"telemetry_dequeued":23843,"telemetry_queue_wait":{"count":23843,"mean_us":240.295,"max_us":6779.38,"p50_upper_us":256,"p95_upper_us":1024,"p99_upper_us":4096},"command_queue_wait":{"count":0,"mean_us":0,"max_us":0,"p50_upper_us":0,"p95_upper_us":0,"p99_upper_us":0},"telemetry_worker_before_publish":{"count":23843,"mean_us":36.9558,"max_us":5849.2,"p50_upper_us":32,"p95_upper_us":128,"p99_upper_us":256},"mqtt_pipeline":{"publish_calls":23852,"publish_accepted":23852,"publish_api_errors":0,"puback_received":14028,"qos0_local_completed":0,"telemetry_accepted":23843,"telemetry_puback_received":14023,"pending_tracked":4096,"pending_peak":4096,"oldest_pending_us":1.95409e+06,"tracking_dropped":5728,"unmatched_callbacks":2006,"tracking_complete":false,"publish_api":{"count":23852,"mean_us":18.1847,"max_us":5022.75,"p50_upper_us":8,"p95_upper_us":64,"p99_upper_us":256},"telemetry_puback":{"count":14023,"mean_us":1.09182e+06,"max_us":1.95431e+06,"p50_upper_us":1.95431e+06,"p95_upper_us":1.95431e+06,"p99_upper_us":1.95431e+06}}}
SAMPLE 17.15
PROCESS 142
142 (mqmgateway_iot) S 122 122 120 52288 122 4194304 1563 0 15 0 545 555 0 0 20 0 8 0 413 534343680 2228 18446744073709551615 187650224504832 187650224604192 281473968232880 0 0 0 0 4 16386 0 0 0 17 0 0 0 0 0 0 187650224609504 187650224611360 187650224615424 281473968234017 281473968234330 281473968234330 281473968234464 0
VmHWM:	    8912 kB
VmRSS:	    8912 kB
Threads:	8
THREAD 142 (mqmgateway_iot) S 122 122 120 52288 122 4194304 166 0 13 0 3 1 0 0 20 0 8 0 413 534343680 2228 18446744073709551615 187650224504832 187650224604192 281473968232880 0 0 0 0 4 16386 1 0 0 17 0 0 0 0 0 0 187650224609504 187650224611360 187650224615424 281473968234017 281473968234330 281473968234330 281473968234464 0
THREAD 144 (mosquitto loop) R 122 122 120 52288 122 4194368 4 0 0 0 106 184 0 0 20 0 8 0 417 534343680 2228 18446744073709551615 187650224504832 187650224604192 281473968232880 0 0 0 0 4 16386 0 0 0 -1 1 0 0 0 0 0 187650224609504 187650224611360 187650224615424 281473968234017 281473968234330 281473968234330 281473968234464 0
THREAD 145 (mqmgateway_iot) R 122 122 120 52288 122 4194368 131 0 0 0 119 229 0 0 20 0 8 0 417 534343680 2228 18446744073709551615 187650224504832 187650224604192 281473968232880 0 0 0 0 4 16386 0 0 0 -1 1 0 0 0 0 0 187650224609504 187650224611360 187650224615424 281473968234017 281473968234330 281473968234330 281473968234464 0
THREAD 146 (mqmgateway_iot) S 122 122 120 52288 122 4194368 324 0 0 0 78 38 0 0 20 0 8 0 417 534343680 2228 18446744073709551615 187650224504832 187650224604192 281473968232880 0 0 0 0 4 16386 1 0 0 -1 1 0 0 0 0 0 187650224609504 187650224611360 187650224615424 281473968234017 281473968234330 281473968234330 281473968234464 0
THREAD 147 (mqmgateway_iot) S 122 122 120 52288 122 4194368 328 0 0 0 77 38 0 0 20 0 8 0 417 534343680 2228 18446744073709551615 187650224504832 187650224604192 281473968232880 0 0 0 0 4 16386 1 0 0 -1 0 0 0 0 0 0 187650224609504 187650224611360 187650224615424 281473968234017 281473968234330 281473968234330 281473968234464 0
THREAD 148 (mqmgateway_iot) R 122 122 120 52288 122 4194368 304 0 0 0 80 35 0 0 20 0 8 0 417 534343680 2228 18446744073709551615 187650224504832 187650224604192 281473968232880 0 0 0 0 4 16386 0 0 0 -1 0 0 0 0 0 0 187650224609504 187650224611360 187650224615424 281473968234017 281473968234330 281473968234330 281473968234464 0
THREAD 149 (mqmgateway_iot) S 122 122 120 52288 122 4194368 316 0 0 0 75 38 0 0 20 0 8 0 417 534343680 2228 18446744073709551615 187650224504832 187650224604192 281473968232880 0 0 0 0 4 16386 1 0 0 -1 0 0 0 0 0 0 187650224609504 187650224611360 187650224615424 281473968234017 281473968234330 281473968234330 281473968234464 0
THREAD 150 (mqmgateway_iot) S 122 122 120 52288 122 4194368 7 0 2 0 2 2 0 0 20 0 8 0 417 534343680 2228 18446744073709551615 187650224504832 187650224604192 281473968232880 0 0 0 0 4 16386 1 0 0 -1 0 0 0 0 0 0 187650224609504 187650224611360 187650224615424 281473968234017 281473968234330 281473968234330 281473968234464 0
PROCESS 140
140 (mosquitto) R 122 122 120 52288 122 4194560 213 0 0 0 168 335 0 0 20 0 1 0 311 4042752 530 18446744073709551615 187650598305792 187650598548760 281474926592608 0 0 0 0 4100 18947 0 0 0 17 0 0 0 0 0 0 187650598553856 187650598555816 187650598584320 281474926595850 281474926595934 281474926595934 281474926596068 0
VmHWM:	    2120 kB
VmRSS:	    2120 kB
Threads:	1
THREAD 140 (mosquitto) R 122 122 120 52288 122 4194560 213 0 0 0 170 337 0 0 20 0 1 0 311 4042752 530 18446744073709551615 187650598305792 187650598548760 281474926592608 0 0 0 0 4100 18947 0 0 0 17 0 0 0 0 0 0 187650598553856 187650598555816 187650598584320 281474926595850 281474926595934 281474926595934 281474926596068 0
PROCESS 152
152 (mqmgateway_arm6) R 122 122 120 52288 122 4194304 316 0 2 0 196 500 0 0 20 0 2 0 525 85700608 1983 18446744073709551615 187650351378432 187650351414204 281474013623616 0 0 0 0 6 0 0 0 0 17 0 0 0 0 0 0 187650351417808 187650351419424 187650351423488 281474013625936 281474013626193 281474013626193 281474013626327 0
VmHWM:	    7932 kB
VmRSS:	    7932 kB
Threads:	2
THREAD 152 (mqmgateway_arm6) S 122 122 120 52288 122 4194304 313 0 1 0 62 310 0 0 20 0 2 0 525 85700608 1983 18446744073709551615 187650351378432 187650351414204 281474013623616 0 0 0 0 6 0 1 0 0 17 0 0 0 0 0 0 187650351417808 187650351419424 187650351423488 281474013625936 281474013626193 281474013626193 281474013626327 0
THREAD 156 (mosquitto loop) S 122 122 120 52288 122 4194368 3 0 1 0 127 200 0 0 20 0 2 0 528 85700608 1983 18446744073709551615 187650351378432 187650351414204 281474013623616 0 0 0 0 6 0 1 0 0 -1 1 0 0 0 0 0 187650351417808 187650351419424 187650351423488 281474013625936 281474013626193 281474013626193 281474013626327 0
SYSTEM cpu  1123 0 1332 843 2 0 163 0 0 0
MemFree:          977768 kB
MemAvailable:     947756 kB
SwapFree:              0 kB
METRICS {"enqueued":48112,"dequeued":48112,"current_depth":0,"peak_depth":36,"rejected":0,"processing_latency_ms":0.217111,"published":48126,"publish_failures":0,"command_timeouts":0,"can_errors":0,"telemetry_qos":1,"mqtt_max_inflight":20,"pipeline_metrics_enabled":true,"can_pipeline":{"frames_read":48112,"parsed":48112,"rejected_frames":0,"read_errors":0,"parse":{"count":48112,"mean_us":8.83741,"max_us":2160.61,"p50_upper_us":8,"p95_upper_us":16,"p99_upper_us":256}},"telemetry_enqueued":48112,"telemetry_dequeued":48112,"telemetry_queue_wait":{"count":48112,"mean_us":215.027,"max_us":6779.38,"p50_upper_us":128,"p95_upper_us":1024,"p99_upper_us":2048},"command_queue_wait":{"count":0,"mean_us":0,"max_us":0,"p50_upper_us":0,"p95_upper_us":0,"p99_upper_us":0},"telemetry_worker_before_publish":{"count":48112,"mean_us":37.5704,"max_us":5849.2,"p50_upper_us":32,"p95_upper_us":128,"p99_upper_us":256},"mqtt_pipeline":{"publish_calls":48126,"publish_accepted":48126,"publish_api_errors":0,"puback_received":20160,"qos0_local_completed":0,"telemetry_accepted":48111,"telemetry_puback_received":20154,"pending_tracked":4096,"pending_peak":4096,"oldest_pending_us":4.17479e+06,"tracking_dropped":23870,"unmatched_callbacks":11253,"tracking_complete":false,"publish_api":{"count":48126,"mean_us":18.1231,"max_us":5022.75,"p50_upper_us":16,"p95_upper_us":64,"p99_upper_us":256},"telemetry_puback":{"count":20154,"mean_us":1.67451e+06,"max_us":4.17644e+06,"p50_upper_us":2.09715e+06,"p95_upper_us":4.17644e+06,"p99_upper_us":4.17644e+06}}}
SAMPLE 22.94
PROCESS 142
142 (mqmgateway_iot) S 122 122 120 52288 122 4194304 2108 0 15 0 783 816 0 0 20 0 8 0 413 534343680 2740 18446744073709551615 187650224504832 187650224604192 281473968232880 0 0 0 0 4 16386 0 0 0 17 0 0 0 0 0 0 187650224609504 187650224611360 187650224615424 281473968234017 281473968234330 281473968234330 281473968234464 0
VmHWM:	   10960 kB
VmRSS:	   10960 kB
Threads:	8
THREAD 142 (mqmgateway_iot) S 122 122 120 52288 122 4194304 166 0 13 0 3 1 0 0 20 0 8 0 413 534343680 2740 18446744073709551615 187650224504832 187650224604192 281473968232880 0 0 0 0 4 16386 1 0 0 17 0 0 0 0 0 0 187650224609504 187650224611360 187650224615424 281473968234017 281473968234330 281473968234330 281473968234464 0
THREAD 144 (mosquitto loop) S 122 122 120 52288 122 4194368 4 0 0 0 160 282 0 0 20 0 8 0 417 534343680 2804 18446744073709551615 187650224504832 187650224604192 281473968232880 0 0 0 0 4 16386 1 0 0 -1 1 0 0 0 0 0 187650224609504 187650224611360 187650224615424 281473968234017 281473968234330 281473968234330 281473968234464 0
THREAD 145 (mqmgateway_iot) R 122 122 120 52288 122 4194368 180 0 0 0 173 324 0 0 20 0 8 0 417 534343680 2804 18446744073709551615 187650224504832 187650224604192 281473968232880 0 0 0 0 4 16386 0 0 0 -1 0 0 0 0 0 0 187650224609504 187650224611360 187650224615424 281473968234017 281473968234330 281473968234330 281473968234464 0
THREAD 146 (mqmgateway_iot) R 122 122 120 52288 122 4194368 506 0 0 0 120 51 0 0 20 0 8 0 417 534343680 2804 18446744073709551615 187650224504832 187650224604192 281473968232880 0 0 0 0 4 16386 0 0 0 -1 1 0 0 0 0 0 187650224609504 187650224611360 187650224615424 281473968234017 281473968234330 281473968234330 281473968234464 0
THREAD 147 (mqmgateway_iot) R 122 122 120 52288 122 4194368 411 0 0 0 107 56 0 0 20 0 8 0 417 534343680 2804 18446744073709551615 187650224504832 187650224604192 281473968232880 0 0 0 0 4 16386 0 0 0 -1 1 0 0 0 0 0 187650224609504 187650224611360 187650224615424 281473968234017 281473968234330 281473968234330 281473968234464 0
THREAD 148 (mqmgateway_iot) R 122 122 120 52288 122 4194368 453 0 0 0 114 51 0 0 20 0 8 0 417 534343680 2804 18446744073709551615 187650224504832 187650224604192 281473968232880 0 0 0 0 4 16386 0 0 0 -1 0 0 0 0 0 0 187650224609504 187650224611360 187650224615424 281473968234017 281473968234330 281473968234330 281473968234464 0
THREAD 149 (mqmgateway_iot) R 122 122 120 52288 122 4194368 428 0 0 0 105 61 0 0 20 0 8 0 417 534343680 2836 18446744073709551615 187650224504832 187650224604192 281473968232880 0 0 0 0 4 16386 1 0 0 -1 0 0 0 0 0 0 187650224609504 187650224611360 187650224615424 281473968234017 281473968234330 281473968234330 281473968234464 0
THREAD 150 (mqmgateway_iot) S 122 122 120 52288 122 4194368 7 0 2 0 3 3 0 0 20 0 8 0 417 534343680 2836 18446744073709551615 187650224504832 187650224604192 281473968232880 0 0 0 0 4 16386 1 0 0 -1 0 0 0 0 0 0 187650224609504 187650224611360 187650224615424 281473968234017 281473968234330 281473968234330 281473968234464 0
PROCESS 140
140 (mosquitto) R 122 122 120 52288 122 4194560 213 0 0 0 261 514 0 0 20 0 1 0 311 4042752 530 18446744073709551615 187650598305792 187650598548760 281474926592608 0 0 0 0 4100 18947 0 0 0 17 1 0 0 0 0 0 187650598553856 187650598555816 187650598584320 281474926595850 281474926595934 281474926595934 281474926596068 0
VmHWM:	    2120 kB
VmRSS:	    2120 kB
Threads:	1
THREAD 140 (mosquitto) S 122 122 120 52288 122 4194560 213 0 0 0 262 517 0 0 20 0 1 0 311 4042752 530 18446744073709551615 187650598305792 187650598548760 281474926592608 0 0 0 18947 4100 18947 1 0 0 17 1 0 0 0 0 0 187650598553856 187650598555816 187650598584320 281474926595850 281474926595934 281474926595934 281474926596068 0
PROCESS 152
152 (mqmgateway_arm6) S 122 122 120 52288 122 4194304 316 0 2 0 295 734 0 0 20 0 2 0 525 85700608 1983 18446744073709551615 187650351378432 187650351414204 281474013623616 0 0 0 0 6 0 0 0 0 17 0 0 0 0 0 0 187650351417808 187650351419424 187650351423488 281474013625936 281474013626193 281474013626193 281474013626327 0
VmHWM:	    7932 kB
VmRSS:	    7932 kB
Threads:	2
THREAD 152 (mqmgateway_arm6) S 122 122 120 52288 122 4194304 313 0 1 0 96 439 0 0 20 0 2 0 525 85700608 1983 18446744073709551615 187650351378432 187650351414204 281474013623616 0 0 0 0 6 0 1 0 0 17 0 0 0 0 0 0 187650351417808 187650351419424 187650351423488 281474013625936 281474013626193 281474013626193 281474013626327 0
THREAD 156 (mosquitto loop) R 122 122 120 52288 122 4194368 3 0 1 0 187 310 0 0 20 0 2 0 528 85700608 1983 18446744073709551615 187650351378432 187650351414204 281474013623616 0 0 0 0 6 0 0 0 0 -1 0 0 0 0 0 0 187650351417808 187650351419424 187650351423488 281474013625936 281474013626193 281474013626193 281474013626327 0
SYSTEM cpu  1594 0 1928 861 2 0 253 0 0 0
MemFree:          975500 kB
MemAvailable:     945492 kB
SwapFree:              0 kB
METRICS {"enqueued":72347,"dequeued":72347,"current_depth":0,"peak_depth":36,"rejected":0,"processing_latency_ms":0.232285,"published":72368,"publish_failures":0,"command_timeouts":0,"can_errors":0,"telemetry_qos":1,"mqtt_max_inflight":20,"pipeline_metrics_enabled":true,"can_pipeline":{"frames_read":72347,"parsed":72347,"rejected_frames":0,"read_errors":0,"parse":{"count":72347,"mean_us":8.53486,"max_us":3745.9,"p50_upper_us":8,"p95_upper_us":16,"p99_upper_us":256}},"telemetry_enqueued":72347,"telemetry_dequeued":72347,"telemetry_queue_wait":{"count":72347,"mean_us":230.221,"max_us":7591.42,"p50_upper_us":256,"p95_upper_us":1024,"p99_upper_us":2048},"command_queue_wait":{"count":0,"mean_us":0,"max_us":0,"p50_upper_us":0,"p95_upper_us":0,"p99_upper_us":0},"telemetry_worker_before_publish":{"count":72347,"mean_us":36.6425,"max_us":5849.2,"p50_upper_us":32,"p95_upper_us":128,"p99_upper_us":256},"mqtt_pipeline":{"publish_calls":72368,"publish_accepted":72368,"publish_api_errors":0,"puback_received":24233,"qos0_local_completed":0,"telemetry_accepted":72347,"telemetry_puback_received":24225,"pending_tracked":4088,"pending_peak":4096,"oldest_pending_us":6.09291e+06,"tracking_dropped":44047,"unmatched_callbacks":23760,"tracking_complete":false,"publish_api":{"count":72368,"mean_us":17.5118,"max_us":5022.75,"p50_upper_us":8,"p95_upper_us":64,"p99_upper_us":256},"telemetry_puback":{"count":24225,"mean_us":2.20555e+06,"max_us":6.09408e+06,"p50_upper_us":2.09715e+06,"p95_upper_us":6.09408e+06,"p99_upper_us":6.09408e+06}}}
SAMPLE 28.97
PROCESS 142
142 (mqmgateway_iot) S 122 122 120 52288 122 4194304 2681 0 15 0 1064 1089 0 0 20 0 8 0 413 534343680 3316 18446744073709551615 187650224504832 187650224604192 281473968232880 0 0 0 0 4 16386 0 0 0 17 0 0 0 0 0 0 187650224609504 187650224611360 187650224615424 281473968234017 281473968234330 281473968234330 281473968234464 0
VmHWM:	   13264 kB
VmRSS:	   13264 kB
Threads:	8
THREAD 142 (mqmgateway_iot) S 122 122 120 52288 122 4194304 166 0 13 0 3 1 0 0 20 0 8 0 413 534343680 3316 18446744073709551615 187650224504832 187650224604192 281473968232880 0 0 0 0 4 16386 1 0 0 17 0 0 0 0 0 0 187650224609504 187650224611360 187650224615424 281473968234017 281473968234330 281473968234330 281473968234464 0
THREAD 144 (mosquitto loop) S 122 122 120 52288 122 4194368 5 0 0 0 220 371 0 0 20 0 8 0 417 534343680 3316 18446744073709551615 187650224504832 187650224604192 281473968232880 0 0 0 0 4 16386 1 0 0 -1 0 0 0 0 0 0 187650224609504 187650224611360 187650224615424 281473968234017 281473968234330 281473968234330 281473968234464 0
THREAD 145 (mqmgateway_iot) R 122 122 120 52288 122 4194368 232 0 0 0 238 435 0 0 20 0 8 0 417 534343680 3380 18446744073709551615 187650224504832 187650224604192 281473968232880 0 0 0 0 4 16386 0 0 0 -1 0 0 0 0 0 0 187650224609504 187650224611360 187650224615424 281473968234017 281473968234330 281473968234330 281473968234464 0
THREAD 146 (mqmgateway_iot) S 122 122 120 52288 122 4194368 574 0 0 0 158 68 0 0 20 0 8 0 417 534343680 3380 18446744073709551615 187650224504832 187650224604192 281473968232880 0 0 0 0 4 16386 1 0 0 -1 1 0 0 0 0 0 187650224609504 187650224611360 187650224615424 281473968234017 281473968234330 281473968234330 281473968234464 0
THREAD 147 (mqmgateway_iot) S 122 122 120 52288 122 4194368 534 0 0 0 146 73 0 0 20 0 8 0 417 534343680 3380 18446744073709551615 187650224504832 187650224604192 281473968232880 0 0 0 0 4 16386 1 0 0 -1 1 0 0 0 0 0 187650224609504 187650224611360 187650224615424 281473968234017 281473968234330 281473968234330 281473968234464 0
THREAD 148 (mqmgateway_iot) S 122 122 120 52288 122 4194368 607 0 0 0 157 65 0 0 20 0 8 0 417 534343680 3380 18446744073709551615 187650224504832 187650224604192 281473968232880 0 0 0 0 4 16386 1 0 0 -1 1 0 0 0 0 0 187650224609504 187650224611360 187650224615424 281473968234017 281473968234330 281473968234330 281473968234464 0
THREAD 149 (mqmgateway_iot) S 122 122 120 52288 122 4194368 593 0 0 0 139 83 0 0 20 0 8 0 417 534343680 3380 18446744073709551615 187650224504832 187650224604192 281473968232880 0 0 0 0 4 16386 1 0 0 -1 0 0 0 0 0 0 187650224609504 187650224611360 187650224615424 281473968234017 281473968234330 281473968234330 281473968234464 0
THREAD 150 (mqmgateway_iot) S 122 122 120 52288 122 4194368 7 0 2 0 4 4 0 0 20 0 8 0 417 534343680 3380 18446744073709551615 187650224504832 187650224604192 281473968232880 0 0 0 0 4 16386 1 0 0 -1 0 0 0 0 0 0 187650224609504 187650224611360 187650224615424 281473968234017 281473968234330 281473968234330 281473968234464 0
PROCESS 140
140 (mosquitto) R 122 122 120 52288 122 4194560 213 0 0 0 351 683 0 0 20 0 1 0 311 4042752 530 18446744073709551615 187650598305792 187650598548760 281474926592608 0 0 0 0 4100 18947 0 0 0 17 1 0 0 0 0 0 187650598553856 187650598555816 187650598584320 281474926595850 281474926595934 281474926595934 281474926596068 0
VmHWM:	    2120 kB
VmRSS:	    2120 kB
Threads:	1
THREAD 140 (mosquitto) R 122 122 120 52288 122 4194560 213 0 0 0 352 684 0 0 20 0 1 0 311 4042752 530 18446744073709551615 187650598305792 187650598548760 281474926592608 0 0 0 0 4100 18947 0 0 0 17 1 0 0 0 0 0 187650598553856 187650598555816 187650598584320 281474926595850 281474926595934 281474926595934 281474926596068 0
PROCESS 152
152 (mqmgateway_arm6) R 122 122 120 52288 122 4194304 316 0 2 0 387 974 0 0 20 0 2 0 525 85700608 1983 18446744073709551615 187650351378432 187650351414204 281474013623616 0 0 0 0 6 0 0 0 0 17 1 0 0 0 0 0 187650351417808 187650351419424 187650351423488 281474013625936 281474013626193 281474013626193 281474013626327 0
VmHWM:	    7932 kB
VmRSS:	    7932 kB
Threads:	2
THREAD 152 (mqmgateway_arm6) S 122 122 120 52288 122 4194304 313 0 1 0 128 581 0 0 20 0 2 0 525 85700608 1983 18446744073709551615 187650351378432 187650351414204 281474013623616 0 0 0 0 6 0 1 0 0 17 1 0 0 0 0 0 187650351417808 187650351419424 187650351423488 281474013625936 281474013626193 281474013626193 281474013626327 0
THREAD 156 (mosquitto loop) R 122 122 120 52288 122 4194368 3 0 1 0 246 411 0 0 20 0 2 0 528 85700608 1983 18446744073709551615 187650351378432 187650351414204 281474013623616 0 0 0 0 6 0 0 0 0 -1 0 0 0 0 0 0 187650351417808 187650351419424 187650351423488 281474013625936 281474013626193 281474013626193 281474013626327 0
SYSTEM cpu  2075 0 2520 873 2 0 327 0 0 0
MemFree:          970144 kB
MemAvailable:     940140 kB
SwapFree:              0 kB
METRICS {"enqueued":96634,"dequeued":96624,"current_depth":10,"peak_depth":46,"rejected":0,"processing_latency_ms":0.227615,"published":96659,"publish_failures":0,"command_timeouts":0,"can_errors":0,"telemetry_qos":1,"mqtt_max_inflight":20,"pipeline_metrics_enabled":true,"can_pipeline":{"frames_read":96634,"parsed":96634,"rejected_frames":0,"read_errors":0,"parse":{"count":96634,"mean_us":8.74476,"max_us":4149.58,"p50_upper_us":8,"p95_upper_us":16,"p99_upper_us":256}},"telemetry_enqueued":96634,"telemetry_dequeued":96634,"telemetry_queue_wait":{"count":96634,"mean_us":225.517,"max_us":8664.98,"p50_upper_us":256,"p95_upper_us":1024,"p99_upper_us":2048},"command_queue_wait":{"count":0,"mean_us":0,"max_us":0,"p50_upper_us":0,"p95_upper_us":0,"p99_upper_us":0},"telemetry_worker_before_publish":{"count":96634,"mean_us":36.3134,"max_us":5849.2,"p50_upper_us":32,"p95_upper_us":128,"p99_upper_us":256},"mqtt_pipeline":{"publish_calls":96659,"publish_accepted":96659,"publish_api_errors":0,"puback_received":27464,"qos0_local_completed":0,"telemetry_accepted":96632,"telemetry_puback_received":27455,"pending_tracked":4096,"pending_peak":4096,"oldest_pending_us":7.85806e+06,"tracking_dropped":65099,"unmatched_callbacks":37707,"tracking_complete":false,"publish_api":{"count":96659,"mean_us":17.3461,"max_us":5022.75,"p50_upper_us":8,"p95_upper_us":64,"p99_upper_us":256},"telemetry_puback":{"count":27455,"mean_us":2.73913e+06,"max_us":7.86336e+06,"p50_upper_us":2.09715e+06,"p95_upper_us":7.86336e+06,"p99_upper_us":7.86336e+06}}}
SAMPLE 34.84
PROCESS 142
142 (mqmgateway_iot) S 122 122 120 52288 122 4194304 3200 0 15 0 1301 1345 0 0 20 0 8 0 413 534343680 3860 18446744073709551615 187650224504832 187650224604192 281473968232880 0 0 0 0 4 16386 0 0 0 17 0 0 0 0 0 0 187650224609504 187650224611360 187650224615424 281473968234017 281473968234330 281473968234330 281473968234464 0
VmHWM:	   15440 kB
VmRSS:	   15440 kB
Threads:	8
THREAD 142 (mqmgateway_iot) S 122 122 120 52288 122 4194304 166 0 13 0 3 1 0 0 20 0 8 0 413 534343680 3860 18446744073709551615 187650224504832 187650224604192 281473968232880 0 0 0 0 4 16386 1 0 0 17 0 0 0 0 0 0 187650224609504 187650224611360 187650224615424 281473968234017 281473968234330 281473968234330 281473968234464 0
THREAD 144 (mosquitto loop) S 122 122 120 52288 122 4194368 5 0 0 0 277 464 0 0 20 0 8 0 417 534343680 3860 18446744073709551615 187650224504832 187650224604192 281473968232880 0 0 0 0 4 16386 1 0 0 -1 0 0 0 0 0 0 187650224609504 187650224611360 187650224615424 281473968234017 281473968234330 281473968234330 281473968234464 0
THREAD 145 (mqmgateway_iot) R 122 122 120 52288 122 4194368 274 0 0 0 288 526 0 0 20 0 8 0 417 534343680 3860 18446744073709551615 187650224504832 187650224604192 281473968232880 0 0 0 0 4 16386 1 0 0 -1 0 0 0 0 0 0 187650224609504 187650224611360 187650224615424 281473968234017 281473968234330 281473968234330 281473968234464 0
THREAD 146 (mqmgateway_iot) S 122 122 120 52288 122 4194368 704 0 0 0 192 84 0 0 20 0 8 0 417 534343680 3860 18446744073709551615 187650224504832 187650224604192 281473968232880 0 0 0 0 4 16386 1 0 0 -1 0 0 0 0 0 0 187650224609504 187650224611360 187650224615424 281473968234017 281473968234330 281473968234330 281473968234464 0
THREAD 147 (mqmgateway_iot) S 122 122 120 52288 122 4194368 623 0 0 0 177 88 0 0 20 0 8 0 417 534343680 3860 18446744073709551615 187650224504832 187650224604192 281473968232880 0 0 0 0 4 16386 1 0 0 -1 1 0 0 0 0 0 187650224609504 187650224611360 187650224615424 281473968234017 281473968234330 281473968234330 281473968234464 0
THREAD 148 (mqmgateway_iot) S 122 122 120 52288 122 4194368 704 0 0 0 186 83 0 0 20 0 8 0 417 534343680 3860 18446744073709551615 187650224504832 187650224604192 281473968232880 0 0 0 0 4 16386 1 0 0 -1 1 0 0 0 0 0 187650224609504 187650224611360 187650224615424 281473968234017 281473968234330 281473968234330 281473968234464 0
THREAD 149 (mqmgateway_iot) S 122 122 120 52288 122 4194368 749 0 0 0 177 100 0 0 20 0 8 0 417 534343680 3860 18446744073709551615 187650224504832 187650224604192 281473968232880 0 0 0 0 4 16386 1 0 0 -1 1 0 0 0 0 0 187650224609504 187650224611360 187650224615424 281473968234017 281473968234330 281473968234330 281473968234464 0
THREAD 150 (mqmgateway_iot) S 122 122 120 52288 122 4194368 7 0 2 0 4 5 0 0 20 0 8 0 417 534343680 3892 18446744073709551615 187650224504832 187650224604192 281473968232880 0 0 0 0 4 16386 1 0 0 -1 0 0 0 0 0 0 187650224609504 187650224611360 187650224615424 281473968234017 281473968234330 281473968234330 281473968234464 0
PROCESS 140
140 (mosquitto) R 122 122 120 52288 122 4194560 247 0 0 0 445 867 0 0 20 0 1 0 311 4177920 562 18446744073709551615 187650598305792 187650598548760 281474926592608 0 0 0 18947 4100 18947 0 0 0 17 1 0 0 0 0 0 187650598553856 187650598555816 187650598584320 281474926595850 281474926595934 281474926595934 281474926596068 0
VmHWM:	    2248 kB
VmRSS:	    2248 kB
Threads:	1
THREAD 140 (mosquitto) R 122 122 120 52288 122 4194560 247 0 0 0 446 869 0 0 20 0 1 0 311 4177920 562 18446744073709551615 187650598305792 187650598548760 281474926592608 0 0 0 0 4100 18947 0 0 0 17 0 0 0 0 0 0 187650598553856 187650598555816 187650598584320 281474926595850 281474926595934 281474926595934 281474926596068 0
PROCESS 152
152 (mqmgateway_arm6) R 122 122 120 52288 122 4194304 316 0 2 0 477 1212 0 0 20 0 2 0 525 85700608 1983 18446744073709551615 187650351378432 187650351414204 281474013623616 0 0 0 0 6 0 0 0 0 17 0 0 0 0 0 0 187650351417808 187650351419424 187650351423488 281474013625936 281474013626193 281474013626193 281474013626327 0
VmHWM:	    7932 kB
VmRSS:	    7932 kB
Threads:	2
THREAD 152 (mqmgateway_arm6) S 122 122 120 52288 122 4194304 313 0 1 0 149 715 0 0 20 0 2 0 525 85700608 1983 18446744073709551615 187650351378432 187650351414204 281474013623616 0 0 0 0 6 0 1 0 0 17 1 0 0 0 0 0 187650351417808 187650351419424 187650351423488 281474013625936 281474013626193 281474013626193 281474013626327 0
THREAD 156 (mosquitto loop) S 122 122 120 52288 122 4194368 3 0 1 0 307 523 0 0 20 0 2 0 528 85700608 1983 18446744073709551615 187650351378432 187650351414204 281474013623616 0 0 0 0 6 0 1 0 0 -1 0 0 0 0 0 0 187650351417808 187650351419424 187650351423488 281474013625936 281474013626193 281474013626193 281474013626327 0
SYSTEM cpu  2518 0 3108 899 2 0 416 0 0 0
MemFree:          969184 kB
MemAvailable:     939184 kB
SwapFree:              0 kB
METRICS {"enqueued":120944,"dequeued":120931,"current_depth":13,"peak_depth":46,"rejected":0,"processing_latency_ms":0.24754,"published":120963,"publish_failures":0,"command_timeouts":0,"can_errors":0,"telemetry_qos":1,"mqtt_max_inflight":20,"pipeline_metrics_enabled":true,"can_pipeline":{"frames_read":120946,"parsed":120946,"rejected_frames":0,"read_errors":0,"parse":{"count":120946,"mean_us":8.39478,"max_us":4149.58,"p50_upper_us":8,"p95_upper_us":16,"p99_upper_us":256}},"telemetry_enqueued":120946,"telemetry_dequeued":120934,"telemetry_queue_wait":{"count":120934,"mean_us":245.437,"max_us":8664.98,"p50_upper_us":256,"p95_upper_us":1024,"p99_upper_us":4096},"command_queue_wait":{"count":0,"mean_us":0,"max_us":0,"p50_upper_us":0,"p95_upper_us":0,"p99_upper_us":0},"telemetry_worker_before_publish":{"count":120934,"mean_us":36.1569,"max_us":5849.2,"p50_upper_us":32,"p95_upper_us":128,"p99_upper_us":256},"mqtt_pipeline":{"publish_calls":120966,"publish_accepted":120966,"publish_api_errors":0,"puback_received":30528,"qos0_local_completed":0,"telemetry_accepted":120933,"telemetry_puback_received":30518,"pending_tracked":4096,"pending_peak":4096,"oldest_pending_us":9.4359e+06,"tracking_dropped":86342,"unmatched_callbacks":52617,"tracking_complete":false,"publish_api":{"count":120966,"mean_us":17.2244,"max_us":6529.36,"p50_upper_us":8,"p95_upper_us":64,"p99_upper_us":256},"telemetry_puback":{"count":30518,"mean_us":3.33716e+06,"max_us":9.46972e+06,"p50_upper_us":4.1943e+06,"p95_upper_us":9.46972e+06,"p99_upper_us":9.46972e+06}}}
SAMPLE 40.67
PROCESS 142
142 (mqmgateway_iot) S 122 122 120 52288 122 4194304 3745 0 15 0 1544 1611 0 0 20 0 8 0 413 534343680 4372 18446744073709551615 187650224504832 187650224604192 281473968232880 0 0 0 0 4 16386 0 0 0 17 0 0 0 0 0 0 187650224609504 187650224611360 187650224615424 281473968234017 281473968234330 281473968234330 281473968234464 0
VmHWM:	   17488 kB
VmRSS:	   17488 kB
Threads:	8
THREAD 142 (mqmgateway_iot) S 122 122 120 52288 122 4194304 166 0 13 0 3 1 0 0 20 0 8 0 413 534343680 4404 18446744073709551615 187650224504832 187650224604192 281473968232880 0 0 0 0 4 16386 1 0 0 17 0 0 0 0 0 0 187650224609504 187650224611360 187650224615424 281473968234017 281473968234330 281473968234330 281473968234464 0
THREAD 144 (mosquitto loop) R 122 122 120 52288 122 4194368 5 0 0 0 334 563 0 0 20 0 8 0 417 534343680 4404 18446744073709551615 187650224504832 187650224604192 281473968232880 0 0 0 0 4 16386 0 0 0 -1 0 0 0 0 0 0 187650224609504 187650224611360 187650224615424 281473968234017 281473968234330 281473968234330 281473968234464 0
THREAD 145 (mqmgateway_iot) R 122 122 120 52288 122 4194368 306 0 0 0 341 623 0 0 20 0 8 0 417 534343680 4436 18446744073709551615 187650224504832 187650224604192 281473968232880 0 0 0 0 4 16386 0 0 0 -1 1 0 0 0 0 0 187650224609504 187650224611360 187650224615424 281473968234017 281473968234330 281473968234330 281473968234464 0
THREAD 146 (mqmgateway_iot) S 122 122 120 52288 122 4194368 836 0 0 0 226 100 0 0 20 0 8 0 417 534343680 4436 18446744073709551615 187650224504832 187650224604192 281473968232880 0 0 0 0 4 16386 1 0 0 -1 1 0 0 0 0 0 187650224609504 187650224611360 187650224615424 281473968234017 281473968234330 281473968234330 281473968234464 0
THREAD 147 (mqmgateway_iot) R 122 122 120 52288 122 4194368 804 0 0 0 212 105 0 0 20 0 8 0 417 534343680 4436 18446744073709551615 187650224504832 187650224604192 281473968232880 0 0 0 0 4 16386 0 0 0 -1 0 0 0 0 0 0 187650224609504 187650224611360 187650224615424 281473968234017 281473968234330 281473968234330 281473968234464 0
THREAD 148 (mqmgateway_iot) R 122 122 120 52288 122 4194368 792 0 0 0 216 100 0 0 20 0 8 0 417 534343680 4436 18446744073709551615 187650224504832 187650224604192 281473968232880 0 0 0 0 4 16386 0 0 0 -1 0 0 0 0 0 0 187650224609504 187650224611360 187650224615424 281473968234017 281473968234330 281473968234330 281473968234464 0
THREAD 149 (mqmgateway_iot) S 122 122 120 52288 122 4194368 863 0 0 0 213 118 0 0 20 0 8 0 417 534343680 4436 18446744073709551615 187650224504832 187650224604192 281473968232880 0 0 0 0 4 16386 1 0 0 -1 1 0 0 0 0 0 187650224609504 187650224611360 187650224615424 281473968234017 281473968234330 281473968234330 281473968234464 0
THREAD 150 (mqmgateway_iot) S 122 122 120 52288 122 4194368 8 0 2 0 5 6 0 0 20 0 8 0 417 534343680 4436 18446744073709551615 187650224504832 187650224604192 281473968232880 0 0 0 0 4 16386 1 0 0 -1 0 0 0 0 0 0 187650224609504 187650224611360 187650224615424 281473968234017 281473968234330 281473968234330 281473968234464 0
PROCESS 140
140 (mosquitto) R 122 122 120 52288 122 4194560 263 0 0 0 541 1043 0 0 20 0 1 0 311 4313088 594 18446744073709551615 187650598305792 187650598548760 281474926592608 0 0 0 0 4100 18947 0 0 0 17 0 0 0 0 0 0 187650598553856 187650598555816 187650598584320 281474926595850 281474926595934 281474926595934 281474926596068 0
VmHWM:	    2376 kB
VmRSS:	    2376 kB
Threads:	1
THREAD 140 (mosquitto) R 122 122 120 52288 122 4194560 263 0 0 0 543 1044 0 0 20 0 1 0 311 4313088 594 18446744073709551615 187650598305792 187650598548760 281474926592608 0 0 0 18947 4100 18947 0 0 0 17 0 0 0 0 0 0 187650598553856 187650598555816 187650598584320 281474926595850 281474926595934 281474926595934 281474926596068 0
PROCESS 152
152 (mqmgateway_arm6) S 122 122 120 52288 122 4194304 316 0 2 0 564 1456 0 0 20 0 2 0 525 85700608 1983 18446744073709551615 187650351378432 187650351414204 281474013623616 0 0 0 0 6 0 0 0 0 17 1 0 0 0 0 0 187650351417808 187650351419424 187650351423488 281474013625936 281474013626193 281474013626193 281474013626327 0
VmHWM:	    7932 kB
VmRSS:	    7932 kB
Threads:	2
THREAD 152 (mqmgateway_arm6) S 122 122 120 52288 122 4194304 313 0 1 0 180 847 0 0 20 0 2 0 525 85700608 1983 18446744073709551615 187650351378432 187650351414204 281474013623616 0 0 0 0 6 0 1 0 0 17 1 0 0 0 0 0 187650351417808 187650351419424 187650351423488 281474013625936 281474013626193 281474013626193 281474013626327 0
THREAD 156 (mosquitto loop) S 122 122 120 52288 122 4194368 3 0 1 0 363 638 0 0 20 0 2 0 528 85700608 1983 18446744073709551615 187650351378432 187650351414204 281474013623616 0 0 0 0 6 0 1 0 0 -1 1 0 0 0 0 0 187650351417808 187650351419424 187650351423488 281474013625936 281474013626193 281474013626193 281474013626327 0
SYSTEM cpu  2976 0 3731 914 2 0 507 0 0 0
MemFree:          962608 kB
MemAvailable:     932616 kB
SwapFree:              0 kB
METRICS {"enqueued":145247,"dequeued":145246,"current_depth":1,"peak_depth":46,"rejected":0,"processing_latency_ms":0.249096,"published":145285,"publish_failures":0,"command_timeouts":0,"can_errors":0,"telemetry_qos":1,"mqtt_max_inflight":20,"pipeline_metrics_enabled":true,"can_pipeline":{"frames_read":145250,"parsed":145250,"rejected_frames":0,"read_errors":0,"parse":{"count":145250,"mean_us":8.39339,"max_us":4149.58,"p50_upper_us":8,"p95_upper_us":16,"p99_upper_us":256}},"telemetry_enqueued":145250,"telemetry_dequeued":145247,"telemetry_queue_wait":{"count":145247,"mean_us":246.969,"max_us":8664.98,"p50_upper_us":256,"p95_upper_us":1024,"p99_upper_us":4096},"command_queue_wait":{"count":0,"mean_us":0,"max_us":0,"p50_upper_us":0,"p95_upper_us":0,"p99_upper_us":0},"telemetry_worker_before_publish":{"count":145247,"mean_us":36.2537,"max_us":5849.2,"p50_upper_us":32,"p95_upper_us":128,"p99_upper_us":256},"mqtt_pipeline":{"publish_calls":145286,"publish_accepted":145286,"publish_api_errors":0,"puback_received":31790,"qos0_local_completed":0,"telemetry_accepted":145247,"telemetry_puback_received":31780,"pending_tracked":4096,"pending_peak":4096,"oldest_pending_us":1.14135e+07,"tracking_dropped":109400,"unmatched_callbacks":67783,"tracking_complete":false,"publish_api":{"count":145286,"mean_us":17.1805,"max_us":6529.36,"p50_upper_us":8,"p95_upper_us":64,"p99_upper_us":256},"telemetry_puback":{"count":31780,"mean_us":3.61239e+06,"max_us":1.14192e+07,"p50_upper_us":4.1943e+06,"p95_upper_us":1.14192e+07,"p99_upper_us":1.14192e+07}}}
SAMPLE 46.75
PROCESS 142
142 (mqmgateway_iot) S 122 122 120 52288 122 4194304 4347 0 15 0 1807 1899 0 0 20 0 8 0 413 534343680 5012 18446744073709551615 187650224504832 187650224604192 281473968232880 0 0 0 0 4 16386 0 0 0 17 1 0 0 0 0 0 187650224609504 187650224611360 187650224615424 281473968234017 281473968234330 281473968234330 281473968234464 0
VmHWM:	   20048 kB
VmRSS:	   20048 kB
Threads:	8
THREAD 142 (mqmgateway_iot) S 122 122 120 52288 122 4194304 166 0 13 0 3 2 0 0 20 0 8 0 413 534343680 5012 18446744073709551615 187650224504832 187650224604192 281473968232880 0 0 0 0 4 16386 1 0 0 17 1 0 0 0 0 0 187650224609504 187650224611360 187650224615424 281473968234017 281473968234330 281473968234330 281473968234464 0
THREAD 144 (mosquitto loop) R 122 122 120 52288 122 4194368 5 0 0 0 391 663 0 0 20 0 8 0 417 534343680 5012 18446744073709551615 187650224504832 187650224604192 281473968232880 0 0 0 0 4 16386 0 0 0 -1 0 0 0 0 0 0 187650224609504 187650224611360 187650224615424 281473968234017 281473968234330 281473968234330 281473968234464 0
THREAD 145 (mqmgateway_iot) S 122 122 120 52288 122 4194368 349 0 0 0 396 739 0 0 20 0 8 0 417 534343680 5012 18446744073709551615 187650224504832 187650224604192 281473968232880 0 0 0 0 4 16386 1 0 0 -1 0 0 0 0 0 0 187650224609504 187650224611360 187650224615424 281473968234017 281473968234330 281473968234330 281473968234464 0
THREAD 146 (mqmgateway_iot) S 122 122 120 52288 122 4194368 983 0 0 0 266 115 0 0 20 0 8 0 417 534343680 5012 18446744073709551615 187650224504832 187650224604192 281473968232880 0 0 0 0 4 16386 1 0 0 -1 0 0 0 0 0 0 187650224609504 187650224611360 187650224615424 281473968234017 281473968234330 281473968234330 281473968234464 0
THREAD 147 (mqmgateway_iot) S 122 122 120 52288 122 4194368 980 0 0 0 252 122 0 0 20 0 8 0 417 534343680 5044 18446744073709551615 187650224504832 187650224604192 281473968232880 0 0 0 0 4 16386 1 0 0 -1 1 0 0 0 0 0 187650224609504 187650224611360 187650224615424 281473968234017 281473968234330 281473968234330 281473968234464 0
THREAD 148 (mqmgateway_iot) S 122 122 120 52288 122 4194368 932 0 0 0 249 121 0 0 20 0 8 0 417 534343680 5044 18446744073709551615 187650224504832 187650224604192 281473968232880 0 0 0 0 4 16386 1 0 0 -1 0 0 0 0 0 0 187650224609504 187650224611360 187650224615424 281473968234017 281473968234330 281473968234330 281473968234464 0
THREAD 149 (mqmgateway_iot) S 122 122 120 52288 122 4194368 973 0 0 0 252 138 0 0 20 0 8 0 417 534343680 5044 18446744073709551615 187650224504832 187650224604192 281473968232880 0 0 0 0 4 16386 1 0 0 -1 0 0 0 0 0 0 187650224609504 187650224611360 187650224615424 281473968234017 281473968234330 281473968234330 281473968234464 0
THREAD 150 (mqmgateway_iot) S 122 122 120 52288 122 4194368 8 0 2 0 5 8 0 0 20 0 8 0 417 534343680 5044 18446744073709551615 187650224504832 187650224604192 281473968232880 0 0 0 0 4 16386 1 0 0 -1 0 0 0 0 0 0 187650224609504 187650224611360 187650224615424 281473968234017 281473968234330 281473968234330 281473968234464 0
PROCESS 140
140 (mosquitto) R 122 122 120 52288 122 4194560 263 0 0 0 630 1217 0 0 20 0 1 0 311 4313088 594 18446744073709551615 187650598305792 187650598548760 281474926592608 0 0 0 0 4100 18947 0 0 0 17 1 0 0 0 0 0 187650598553856 187650598555816 187650598584320 281474926595850 281474926595934 281474926595934 281474926596068 0
VmHWM:	    2376 kB
VmRSS:	    2376 kB
Threads:	1
THREAD 140 (mosquitto) R 122 122 120 52288 122 4194560 263 0 0 0 631 1219 0 0 20 0 1 0 311 4313088 594 18446744073709551615 187650598305792 187650598548760 281474926592608 0 0 0 0 4100 18947 0 0 0 17 1 0 0 0 0 0 187650598553856 187650598555816 187650598584320 281474926595850 281474926595934 281474926595934 281474926596068 0
PROCESS 152
152 (mqmgateway_arm6) R 122 122 120 52288 122 4194304 316 0 2 0 656 1705 0 0 20 0 2 0 525 85700608 1983 18446744073709551615 187650351378432 187650351414204 281474013623616 0 0 0 0 6 0 0 0 0 17 0 0 0 0 0 0 187650351417808 187650351419424 187650351423488 281474013625936 281474013626193 281474013626193 281474013626327 0
VmHWM:	    7932 kB
VmRSS:	    7932 kB
Threads:	2
THREAD 152 (mqmgateway_arm6) R 122 122 120 52288 122 4194304 313 0 1 0 214 990 0 0 20 0 2 0 525 85700608 1983 18446744073709551615 187650351378432 187650351414204 281474013623616 0 0 0 0 6 0 0 0 0 17 0 0 0 0 0 0 187650351417808 187650351419424 187650351423488 281474013625936 281474013626193 281474013626193 281474013626327 0
THREAD 156 (mosquitto loop) S 122 122 120 52288 122 4194368 3 0 1 0 415 747 0 0 20 0 2 0 528 85700608 1983 18446744073709551615 187650351378432 187650351414204 281474013623616 0 0 0 0 6 0 1 0 0 -1 1 0 0 0 0 0 187650351417808 187650351419424 187650351423488 281474013625936 281474013626193 281474013626193 281474013626327 0
SYSTEM cpu  3447 0 4356 931 2 0 588 0 0 0
MemFree:          961096 kB
MemAvailable:     931112 kB
SwapFree:              0 kB
METRICS {"enqueued":169547,"dequeued":169546,"current_depth":1,"peak_depth":46,"rejected":0,"processing_latency_ms":0.246102,"published":169591,"publish_failures":0,"command_timeouts":0,"can_errors":0,"telemetry_qos":1,"mqtt_max_inflight":20,"pipeline_metrics_enabled":true,"can_pipeline":{"frames_read":169547,"parsed":169547,"rejected_frames":0,"read_errors":0,"parse":{"count":169547,"mean_us":8.42053,"max_us":4149.58,"p50_upper_us":8,"p95_upper_us":16,"p99_upper_us":256}},"telemetry_enqueued":169547,"telemetry_dequeued":169547,"telemetry_queue_wait":{"count":169547,"mean_us":243.969,"max_us":8664.98,"p50_upper_us":256,"p95_upper_us":1024,"p99_upper_us":2048},"command_queue_wait":{"count":0,"mean_us":0,"max_us":0,"p50_upper_us":0,"p95_upper_us":0,"p99_upper_us":0},"telemetry_worker_before_publish":{"count":169547,"mean_us":36.3707,"max_us":5849.2,"p50_upper_us":32,"p95_upper_us":128,"p99_upper_us":512},"mqtt_pipeline":{"publish_calls":169591,"publish_accepted":169591,"publish_api_errors":0,"puback_received":34096,"qos0_local_completed":0,"telemetry_accepted":169546,"telemetry_puback_received":34086,"pending_tracked":4096,"pending_peak":4096,"oldest_pending_us":1.33848e+07,"tracking_dropped":131399,"unmatched_callbacks":81917,"tracking_complete":false,"publish_api":{"count":169591,"mean_us":17.2438,"max_us":6529.36,"p50_upper_us":8,"p95_upper_us":64,"p99_upper_us":256},"telemetry_puback":{"count":34086,"mean_us":4.21534e+06,"max_us":1.33894e+07,"p50_upper_us":4.1943e+06,"p95_upper_us":1.33894e+07,"p99_upper_us":1.33894e+07}}}
SAMPLE 52.87
PROCESS 142
142 (mqmgateway_iot) S 122 122 120 52288 122 4194304 5060 0 15 0 2093 2166 0 0 20 0 8 0 413 534343680 5684 18446744073709551615 187650224504832 187650224604192 281473968232880 0 0 0 0 4 16386 0 0 0 17 1 0 0 0 0 0 187650224609504 187650224611360 187650224615424 281473968234017 281473968234330 281473968234330 281473968234464 0
VmHWM:	   22736 kB
VmRSS:	   22736 kB
Threads:	8
THREAD 142 (mqmgateway_iot) S 122 122 120 52288 122 4194304 166 0 13 0 3 2 0 0 20 0 8 0 413 534343680 5716 18446744073709551615 187650224504832 187650224604192 281473968232880 0 0 0 0 4 16386 1 0 0 17 1 0 0 0 0 0 187650224609504 187650224611360 187650224615424 281473968234017 281473968234330 281473968234330 281473968234464 0
THREAD 144 (mosquitto loop) S 122 122 120 52288 122 4194368 5 0 0 0 455 750 0 0 20 0 8 0 417 534343680 5716 18446744073709551615 187650224504832 187650224604192 281473968232880 0 0 0 0 4 16386 1 0 0 -1 1 0 0 0 0 0 187650224609504 187650224611360 187650224615424 281473968234017 281473968234330 281473968234330 281473968234464 0
THREAD 145 (mqmgateway_iot) S 122 122 120 52288 122 4194368 413 0 0 0 455 849 0 0 20 0 8 0 417 534343680 5716 18446744073709551615 187650224504832 187650224604192 281473968232880 0 0 0 0 4 16386 1 0 0 -1 0 0 0 0 0 0 187650224609504 187650224611360 187650224615424 281473968234017 281473968234330 281473968234330 281473968234464 0
THREAD 146 (mqmgateway_iot) R 122 122 120 52288 122 4194368 1110 0 0 0 310 129 0 0 20 0 8 0 417 534343680 5716 18446744073709551615 187650224504832 187650224604192 281473968232880 0 0 0 0 4 16386 0 0 0 -1 0 0 0 0 0 0 187650224609504 187650224611360 187650224615424 281473968234017 281473968234330 281473968234330 281473968234464 0
THREAD 147 (mqmgateway_iot) S 122 122 120 52288 122 4194368 1095 0 0 0 294 137 0 0 20 0 8 0 417 534343680 5716 18446744073709551615 187650224504832 187650224604192 281473968232880 0 0 0 0 4 16386 1 0 0 -1 0 0 0 0 0 0 187650224609504 187650224611360 187650224615424 281473968234017 281473968234330 281473968234330 281473968234464 0
THREAD 148 (mqmgateway_iot) R 122 122 120 52288 122 4194368 1145 0 0 0 289 139 0 0 20 0 8 0 417 534343680 5716 18446744073709551615 187650224504832 187650224604192 281473968232880 0 0 0 0 4 16386 1 0 0 -1 0 0 0 0 0 0 187650224609504 187650224611360 187650224615424 281473968234017 281473968234330 281473968234330 281473968234464 0
THREAD 149 (mqmgateway_iot) R 122 122 120 52288 122 4194368 1150 0 0 0 290 153 0 0 20 0 8 0 417 534343680 5748 18446744073709551615 187650224504832 187650224604192 281473968232880 0 0 0 0 4 16386 0 0 0 -1 1 0 0 0 0 0 187650224609504 187650224611360 187650224615424 281473968234017 281473968234330 281473968234330 281473968234464 0
THREAD 150 (mqmgateway_iot) S 122 122 120 52288 122 4194368 8 0 2 0 5 9 0 0 20 0 8 0 417 534343680 5748 18446744073709551615 187650224504832 187650224604192 281473968232880 0 0 0 0 4 16386 1 0 0 -1 1 0 0 0 0 0 187650224609504 187650224611360 187650224615424 281473968234017 281473968234330 281473968234330 281473968234464 0
PROCESS 140
140 (mosquitto) R 122 122 120 52288 122 4194560 263 0 0 0 727 1387 0 0 20 0 1 0 311 4313088 594 18446744073709551615 187650598305792 187650598548760 281474926592608 0 0 0 0 4100 18947 0 0 0 17 1 0 0 0 0 0 187650598553856 187650598555816 187650598584320 281474926595850 281474926595934 281474926595934 281474926596068 0
VmHWM:	    2376 kB
VmRSS:	    2376 kB
Threads:	1
THREAD 140 (mosquitto) R 122 122 120 52288 122 4194560 263 0 0 0 728 1389 0 0 20 0 1 0 311 4313088 594 18446744073709551615 187650598305792 187650598548760 281474926592608 0 0 0 18947 4100 18947 0 0 0 17 1 0 0 0 0 0 187650598553856 187650598555816 187650598584320 281474926595850 281474926595934 281474926595934 281474926596068 0
PROCESS 152
152 (mqmgateway_arm6) R 122 122 120 52288 122 4194304 316 0 2 0 755 1940 0 0 20 0 2 0 525 85700608 1983 18446744073709551615 187650351378432 187650351414204 281474013623616 0 0 0 0 6 0 0 0 0 17 0 0 0 0 0 0 187650351417808 187650351419424 187650351423488 281474013625936 281474013626193 281474013626193 281474013626327 0
VmHWM:	    7932 kB
VmRSS:	    7932 kB
Threads:	2
THREAD 152 (mqmgateway_arm6) R 122 122 120 52288 122 4194304 313 0 1 0 249 1125 0 0 20 0 2 0 525 85700608 1983 18446744073709551615 187650351378432 187650351414204 281474013623616 0 0 0 0 6 0 0 0 0 17 0 0 0 0 0 0 187650351417808 187650351419424 187650351423488 281474013625936 281474013626193 281474013626193 281474013626327 0
THREAD 156 (mosquitto loop) R 122 122 120 52288 122 4194368 3 0 1 0 476 849 0 0 20 0 2 0 528 85700608 1983 18446744073709551615 187650351378432 187650351414204 281474013623616 0 0 0 0 6 0 0 0 0 -1 1 0 0 0 0 0 187650351417808 187650351419424 187650351423488 281474013625936 281474013626193 281474013626193 281474013626327 0
SYSTEM cpu  3945 0 4948 946 2 0 662 0 0 0
MemFree:          960088 kB
MemAvailable:     930108 kB
SwapFree:              0 kB
METRICS {"enqueued":193892,"dequeued":193886,"current_depth":6,"peak_depth":46,"rejected":0,"processing_latency_ms":0.244687,"published":193941,"publish_failures":0,"command_timeouts":0,"can_errors":0,"telemetry_qos":1,"mqtt_max_inflight":20,"pipeline_metrics_enabled":true,"can_pipeline":{"frames_read":193892,"parsed":193892,"rejected_frames":0,"read_errors":0,"parse":{"count":193892,"mean_us":8.44056,"max_us":4149.58,"p50_upper_us":8,"p95_upper_us":16,"p99_upper_us":256}},"telemetry_enqueued":193892,"telemetry_dequeued":193892,"telemetry_queue_wait":{"count":193892,"mean_us":242.543,"max_us":8664.98,"p50_upper_us":256,"p95_upper_us":1024,"p99_upper_us":2048},"command_queue_wait":{"count":0,"mean_us":0,"max_us":0,"p50_upper_us":0,"p95_upper_us":0,"p99_upper_us":0},"telemetry_worker_before_publish":{"count":193892,"mean_us":36.3166,"max_us":5849.2,"p50_upper_us":32,"p95_upper_us":128,"p99_upper_us":256},"mqtt_pipeline":{"publish_calls":193942,"publish_accepted":193942,"publish_api_errors":0,"puback_received":35237,"qos0_local_completed":0,"telemetry_accepted":193891,"telemetry_puback_received":35227,"pending_tracked":4096,"pending_peak":4096,"oldest_pending_us":1.55564e+07,"tracking_dropped":154609,"unmatched_callbacks":96447,"tracking_complete":false,"publish_api":{"count":193942,"mean_us":17.1426,"max_us":6529.36,"p50_upper_us":8,"p95_upper_us":64,"p99_upper_us":256},"telemetry_puback":{"count":35227,"mean_us":4.54384e+06,"max_us":1.55607e+07,"p50_upper_us":4.1943e+06,"p95_upper_us":1.55607e+07,"p99_upper_us":1.55607e+07}}}
SAMPLE 58.83
PROCESS 142
142 (mqmgateway_iot) S 122 122 120 52288 122 4194304 5633 0 15 0 2347 2437 0 0 20 0 8 0 413 534343680 6260 18446744073709551615 187650224504832 187650224604192 281473968232880 0 0 0 0 4 16386 0 0 0 17 1 0 0 0 0 0 187650224609504 187650224611360 187650224615424 281473968234017 281473968234330 281473968234330 281473968234464 0
VmHWM:	   25040 kB
VmRSS:	   25040 kB
Threads:	8
THREAD 142 (mqmgateway_iot) S 122 122 120 52288 122 4194304 166 0 13 0 3 2 0 0 20 0 8 0 413 534343680 6260 18446744073709551615 187650224504832 187650224604192 281473968232880 0 0 0 0 4 16386 1 0 0 17 1 0 0 0 0 0 187650224609504 187650224611360 187650224615424 281473968234017 281473968234330 281473968234330 281473968234464 0
THREAD 144 (mosquitto loop) S 122 122 120 52288 122 4194368 5 0 0 0 512 843 0 0 20 0 8 0 417 534343680 6260 18446744073709551615 187650224504832 187650224604192 281473968232880 0 0 0 0 4 16386 1 0 0 -1 0 0 0 0 0 0 187650224609504 187650224611360 187650224615424 281473968234017 281473968234330 281473968234330 281473968234464 0
THREAD 145 (mqmgateway_iot) S 122 122 120 52288 122 4194368 452 0 0 0 509 959 0 0 20 0 8 0 417 534343680 6260 18446744073709551615 187650224504832 187650224604192 281473968232880 0 0 0 0 4 16386 1 0 0 -1 1 0 0 0 0 0 187650224609504 187650224611360 187650224615424 281473968234017 281473968234330 281473968234330 281473968234464 0
THREAD 146 (mqmgateway_iot) S 122 122 120 52288 122 4194368 1242 0 0 0 345 145 0 0 20 0 8 0 417 534343680 6260 18446744073709551615 187650224504832 187650224604192 281473968232880 0 0 0 0 4 16386 1 0 0 -1 1 0 0 0 0 0 187650224609504 187650224611360 187650224615424 281473968234017 281473968234330 281473968234330 281473968234464 0
THREAD 147 (mqmgateway_iot) R 122 122 120 52288 122 4194368 1221 0 0 0 332 151 0 0 20 0 8 0 417 534343680 6292 18446744073709551615 187650224504832 187650224604192 281473968232880 0 0 0 0 4 16386 0 0 0 -1 1 0 0 0 0 0 187650224609504 187650224611360 187650224615424 281473968234017 281473968234330 281473968234330 281473968234464 0
THREAD 148 (mqmgateway_iot) S 122 122 120 52288 122 4194368 1312 0 0 0 324 155 0 0 20 0 8 0 417 534343680 6292 18446744073709551615 187650224504832 187650224604192 281473968232880 0 0 0 0 4 16386 1 0 0 -1 1 0 0 0 0 0 187650224609504 187650224611360 187650224615424 281473968234017 281473968234330 281473968234330 281473968234464 0
THREAD 149 (mqmgateway_iot) S 122 122 120 52288 122 4194368 1249 0 0 0 325 173 0 0 20 0 8 0 417 534343680 6292 18446744073709551615 187650224504832 187650224604192 281473968232880 0 0 0 0 4 16386 1 0 0 -1 1 0 0 0 0 0 187650224609504 187650224611360 187650224615424 281473968234017 281473968234330 281473968234330 281473968234464 0
THREAD 150 (mqmgateway_iot) S 122 122 120 52288 122 4194368 8 0 2 0 6 10 0 0 20 0 8 0 417 534343680 6292 18446744073709551615 187650224504832 187650224604192 281473968232880 0 0 0 0 4 16386 1 0 0 -1 1 0 0 0 0 0 187650224609504 187650224611360 187650224615424 281473968234017 281473968234330 281473968234330 281473968234464 0
PROCESS 140
140 (mosquitto) R 122 122 120 52288 122 4194560 263 0 0 0 815 1560 0 0 20 0 1 0 311 4313088 594 18446744073709551615 187650598305792 187650598548760 281474926592608 0 0 0 18947 4100 18947 0 0 0 17 0 0 0 0 0 0 187650598553856 187650598555816 187650598584320 281474926595850 281474926595934 281474926595934 281474926596068 0
VmHWM:	    2376 kB
VmRSS:	    2376 kB
Threads:	1
THREAD 140 (mosquitto) R 122 122 120 52288 122 4194560 263 0 0 0 816 1562 0 0 20 0 1 0 311 4313088 594 18446744073709551615 187650598305792 187650598548760 281474926592608 0 0 0 18947 4100 18947 0 0 0 17 0 0 0 0 0 0 187650598553856 187650598555816 187650598584320 281474926595850 281474926595934 281474926595934 281474926596068 0
PROCESS 152
152 (mqmgateway_arm6) R 122 122 120 52288 122 4194304 316 0 2 0 849 2185 0 0 20 0 2 0 525 85700608 1983 18446744073709551615 187650351378432 187650351414204 281474013623616 0 0 0 0 6 0 0 0 0 17 1 0 0 0 0 0 187650351417808 187650351419424 187650351423488 281474013625936 281474013626193 281474013626193 281474013626327 0
VmHWM:	    7932 kB
VmRSS:	    7932 kB
Threads:	2
THREAD 152 (mqmgateway_arm6) R 122 122 120 52288 122 4194304 313 0 1 0 277 1272 0 0 20 0 2 0 525 85700608 1983 18446744073709551615 187650351378432 187650351414204 281474013623616 0 0 0 0 6 0 0 0 0 17 1 0 0 0 0 0 187650351417808 187650351419424 187650351423488 281474013625936 281474013626193 281474013626193 281474013626327 0
THREAD 156 (mosquitto loop) S 122 122 120 52288 122 4194368 3 0 1 0 535 955 0 0 20 0 2 0 528 85700608 1983 18446744073709551615 187650351378432 187650351414204 281474013623616 0 0 0 0 6 0 1 0 0 -1 0 0 0 0 0 0 187650351417808 187650351419424 187650351423488 281474013625936 281474013626193 281474013626193 281474013626327 0
SYSTEM cpu  4414 0 5543 965 2 0 741 0 0 0
MemFree:          951896 kB
MemAvailable:     921920 kB
SwapFree:              0 kB
METRICS {"enqueued":214148,"dequeued":214148,"current_depth":0,"peak_depth":46,"rejected":0,"processing_latency_ms":0.240225,"published":214204,"publish_failures":0,"command_timeouts":0,"can_errors":0,"telemetry_qos":1,"mqtt_max_inflight":20,"pipeline_metrics_enabled":true,"can_pipeline":{"frames_read":214148,"parsed":214148,"rejected_frames":0,"read_errors":0,"parse":{"count":214148,"mean_us":8.47336,"max_us":4149.58,"p50_upper_us":8,"p95_upper_us":16,"p99_upper_us":256}},"telemetry_enqueued":214148,"telemetry_dequeued":214148,"telemetry_queue_wait":{"count":214148,"mean_us":238.095,"max_us":8664.98,"p50_upper_us":256,"p95_upper_us":1024,"p99_upper_us":2048},"command_queue_wait":{"count":0,"mean_us":0,"max_us":0,"p50_upper_us":0,"p95_upper_us":0,"p99_upper_us":0},"telemetry_worker_before_publish":{"count":214148,"mean_us":36.2551,"max_us":5849.2,"p50_upper_us":32,"p95_upper_us":128,"p99_upper_us":256},"mqtt_pipeline":{"publish_calls":214204,"publish_accepted":214204,"publish_api_errors":0,"puback_received":36572,"qos0_local_completed":0,"telemetry_accepted":214148,"telemetry_puback_received":36562,"pending_tracked":4079,"pending_peak":4096,"oldest_pending_us":1.63411e+07,"tracking_dropped":173553,"unmatched_callbacks":109460,"tracking_complete":false,"publish_api":{"count":214204,"mean_us":17.1606,"max_us":6529.36,"p50_upper_us":8,"p95_upper_us":64,"p99_upper_us":256},"telemetry_puback":{"count":36562,"mean_us":4.53237e+06,"max_us":1.63729e+07,"p50_upper_us":4.1943e+06,"p95_upper_us":1.63729e+07,"p99_upper_us":1.63729e+07}}}
SAMPLE 64.77
PROCESS 142
142 (mqmgateway_iot) S 122 122 120 52288 122 4194304 6166 0 15 0 2621 2709 0 0 20 0 8 0 413 534343680 6804 18446744073709551615 187650224504832 187650224604192 281473968232880 0 0 0 0 4 16386 0 0 0 17 1 0 0 0 0 0 187650224609504 187650224611360 187650224615424 281473968234017 281473968234330 281473968234330 281473968234464 0
VmHWM:	   27216 kB
VmRSS:	   27216 kB
Threads:	8
THREAD 142 (mqmgateway_iot) S 122 122 120 52288 122 4194304 166 0 13 0 3 3 0 0 20 0 8 0 413 534343680 6804 18446744073709551615 187650224504832 187650224604192 281473968232880 0 0 0 0 4 16386 1 0 0 17 1 0 0 0 0 0 187650224609504 187650224611360 187650224615424 281473968234017 281473968234330 281473968234330 281473968234464 0
THREAD 144 (mosquitto loop) R 122 122 120 52288 122 4194368 5 0 0 0 570 941 0 0 20 0 8 0 417 534343680 6804 18446744073709551615 187650224504832 187650224604192 281473968232880 0 0 0 0 4 16386 0 0 0 -1 0 0 0 0 0 0 187650224609504 187650224611360 187650224615424 281473968234017 281473968234330 281473968234330 281473968234464 0
THREAD 145 (mqmgateway_iot) R 122 122 120 52288 122 4194368 473 0 0 0 574 1065 0 0 20 0 8 0 417 534343680 6804 18446744073709551615 187650224504832 187650224604192 281473968232880 0 0 0 0 4 16386 0 0 0 -1 1 0 0 0 0 0 187650224609504 187650224611360 187650224615424 281473968234017 281473968234330 281473968234330 281473968234464 0
THREAD 146 (mqmgateway_iot) S 122 122 120 52288 122 4194368 1365 0 0 0 379 164 0 0 20 0 8 0 417 534343680 6804 18446744073709551615 187650224504832 187650224604192 281473968232880 0 0 0 0 4 16386 1 0 0 -1 1 0 0 0 0 0 187650224609504 187650224611360 187650224615424 281473968234017 281473968234330 281473968234330 281473968234464 0
THREAD 147 (mqmgateway_iot) R 122 122 120 52288 122 4194368 1344 0 0 0 369 168 0 0 20 0 8 0 417 534343680 6836 18446744073709551615 187650224504832 187650224604192 281473968232880 0 0 0 0 4 16386 0 0 0 -1 0 0 0 0 0 0 187650224609504 187650224611360 187650224615424 281473968234017 281473968234330 281473968234330 281473968234464 0
THREAD 148 (mqmgateway_iot) S 122 122 120 52288 122 4194368 1426 0 0 0 361 170 0 0 20 0 8 0 417 534343680 6836 18446744073709551615 187650224504832 187650224604192 281473968232880 0 0 0 0 4 16386 1 0 0 -1 0 0 0 0 0 0 187650224609504 187650224611360 187650224615424 281473968234017 281473968234330 281473968234330 281473968234464 0
THREAD 149 (mqmgateway_iot) S 122 122 120 52288 122 4194368 1407 0 0 0 364 188 0 0 20 0 8 0 417 534343680 6836 18446744073709551615 187650224504832 187650224604192 281473968232880 0 0 0 0 4 16386 1 0 0 -1 1 0 0 0 0 0 187650224609504 187650224611360 187650224615424 281473968234017 281473968234330 281473968234330 281473968234464 0
THREAD 150 (mqmgateway_iot) S 122 122 120 52288 122 4194368 9 0 2 0 7 11 0 0 20 0 8 0 417 534343680 6836 18446744073709551615 187650224504832 187650224604192 281473968232880 0 0 0 0 4 16386 1 0 0 -1 0 0 0 0 0 0 187650224609504 187650224611360 187650224615424 281473968234017 281473968234330 281473968234330 281473968234464 0
PROCESS 140
140 (mosquitto) R 122 122 120 52288 122 4194560 263 0 0 0 915 1708 0 0 20 0 1 0 311 4313088 594 18446744073709551615 187650598305792 187650598548760 281474926592608 0 0 0 0 4100 18947 0 0 0 17 0 0 0 0 0 0 187650598553856 187650598555816 187650598584320 281474926595850 281474926595934 281474926595934 281474926596068 0
VmHWM:	    2376 kB
VmRSS:	    2376 kB
Threads:	1
THREAD 140 (mosquitto) R 122 122 120 52288 122 4194560 263 0 0 0 916 1710 0 0 20 0 1 0 311 4313088 594 18446744073709551615 187650598305792 187650598548760 281474926592608 0 0 0 18947 4100 18947 0 0 0 17 0 0 0 0 0 0 187650598553856 187650598555816 187650598584320 281474926595850 281474926595934 281474926595934 281474926596068 0
PROCESS 152
152 (mqmgateway_arm6) S 122 122 120 52288 122 4194304 316 0 2 0 938 2426 0 0 20 0 2 0 525 85700608 1983 18446744073709551615 187650351378432 187650351414204 281474013623616 0 0 0 0 6 0 0 0 0 17 1 0 0 0 0 0 187650351417808 187650351419424 187650351423488 281474013625936 281474013626193 281474013626193 281474013626327 0
VmHWM:	    7932 kB
VmRSS:	    7932 kB
Threads:	2
THREAD 152 (mqmgateway_arm6) S 122 122 120 52288 122 4194304 313 0 1 0 298 1423 0 0 20 0 2 0 525 85700608 1983 18446744073709551615 187650351378432 187650351414204 281474013623616 0 0 0 0 6 0 1 0 0 17 1 0 0 0 0 0 187650351417808 187650351419424 187650351423488 281474013625936 281474013626193 281474013626193 281474013626327 0
THREAD 156 (mosquitto loop) R 122 122 120 52288 122 4194368 3 0 1 0 596 1047 0 0 20 0 2 0 528 85700608 1983 18446744073709551615 187650351378432 187650351414204 281474013623616 0 0 0 0 6 0 0 0 0 -1 0 0 0 0 0 0 187650351417808 187650351419424 187650351423488 281474013625936 281474013626193 281474013626193 281474013626327 0
SYSTEM cpu  4885 0 6111 977 2 0 810 0 0 0
MemFree:          951940 kB
MemAvailable:     921976 kB
SwapFree:              0 kB
METRICS {"enqueued":238459,"dequeued":238456,"current_depth":3,"peak_depth":46,"rejected":0,"processing_latency_ms":0.239264,"published":238518,"publish_failures":0,"command_timeouts":0,"can_errors":0,"telemetry_qos":1,"mqtt_max_inflight":20,"pipeline_metrics_enabled":true,"can_pipeline":{"frames_read":238480,"parsed":238480,"rejected_frames":0,"read_errors":0,"parse":{"count":238480,"mean_us":8.51603,"max_us":4149.58,"p50_upper_us":8,"p95_upper_us":16,"p99_upper_us":256}},"telemetry_enqueued":238479,"telemetry_dequeued":238456,"telemetry_queue_wait":{"count":238456,"mean_us":237.123,"max_us":8664.98,"p50_upper_us":256,"p95_upper_us":1024,"p99_upper_us":2048},"command_queue_wait":{"count":0,"mean_us":0,"max_us":0,"p50_upper_us":0,"p95_upper_us":0,"p99_upper_us":0},"telemetry_worker_before_publish":{"count":238456,"mean_us":36.2253,"max_us":5849.2,"p50_upper_us":32,"p95_upper_us":128,"p99_upper_us":256},"mqtt_pipeline":{"publish_calls":238518,"publish_accepted":238518,"publish_api_errors":0,"puback_received":40553,"qos0_local_completed":0,"telemetry_accepted":238456,"telemetry_puback_received":40542,"pending_tracked":4083,"pending_peak":4096,"oldest_pending_us":1.63454e+07,"tracking_dropped":193882,"unmatched_callbacks":122672,"tracking_complete":false,"publish_api":{"count":238518,"mean_us":17.1857,"max_us":6529.36,"p50_upper_us":8,"p95_upper_us":64,"p99_upper_us":256},"telemetry_puback":{"count":40542,"mean_us":4.24378e+06,"max_us":1.63729e+07,"p50_upper_us":4.1943e+06,"p95_upper_us":1.63729e+07,"p99_upper_us":1.63729e+07}}}
