PIDS gateway=142 broker=140 probe=150
CLK_TCK=100 (Linux USER_HZ fallback=100 if getconf unavailable)
SAMPLE 5.38
PROCESS 142
142 (mqmgateway_iot) S 122 122 120 52288 122 4194304 183 0 16 0 3 3 0 0 20 0 6 0 422 248999936 805 18446744073709551615 187650569781248 187650569880608 281474665074192 0 0 0 0 4 16386 0 0 0 17 0 0 0 0 0 0 187650569885920 187650569887776 187650569891840 281474665078305 281474665078618 281474665078618 281474665078752 0
VmHWM:	    3220 kB
VmRSS:	    3220 kB
Threads:	6
THREAD 142 (mqmgateway_iot) S 122 122 120 52288 122 4194304 167 0 14 0 2 2 0 0 20 0 6 0 422 383217664 869 18446744073709551615 187650569781248 187650569880608 281474665074192 0 0 0 0 4 16386 1 0 0 17 1 0 0 0 0 0 187650569885920 187650569887776 187650569891840 281474665078305 281474665078618 281474665078618 281474665078752 0
THREAD 144 (mosquitto loop) R 122 122 120 52288 122 4194368 5 0 0 0 0 2 0 0 20 0 6 0 427 383217664 869 18446744073709551615 187650569781248 187650569880608 281474665074192 0 0 0 0 4 16386 0 0 0 -1 0 0 0 0 0 0 187650569885920 187650569887776 187650569891840 281474665078305 281474665078618 281474665078618 281474665078752 0
THREAD 145 (mqmgateway_iot) S 122 122 120 52288 122 4194368 6 0 0 0 2 1 0 0 20 0 6 0 427 383217664 869 18446744073709551615 187650569781248 187650569880608 281474665074192 0 0 0 0 4 16386 1 0 0 -1 0 0 0 0 0 0 187650569885920 187650569887776 187650569891840 281474665078305 281474665078618 281474665078618 281474665078752 0
THREAD 146 (mqmgateway_iot) R 122 122 120 52288 122 4194368 19 0 0 0 2 0 0 0 20 0 6 0 427 383217664 869 18446744073709551615 187650569781248 187650569880608 281474665074192 0 0 0 0 4 16386 0 0 0 -1 1 0 0 0 0 0 187650569885920 187650569887776 187650569891840 281474665078305 281474665078618 281474665078618 281474665078752 0
THREAD 147 (mqmgateway_iot) R 122 122 120 52288 122 4194368 17 0 0 0 3 0 0 0 20 0 6 0 427 383217664 869 18446744073709551615 187650569781248 187650569880608 281474665074192 0 0 0 0 4 16386 0 0 0 -1 0 0 0 0 0 0 187650569885920 187650569887776 187650569891840 281474665078305 281474665078618 281474665078618 281474665078752 0
THREAD 148 (mqmgateway_iot) S 122 122 120 52288 122 4194368 8 0 2 0 1 0 0 0 20 0 6 0 427 383217664 869 18446744073709551615 187650569781248 187650569880608 281474665074192 0 0 0 0 4 16386 1 0 0 -1 1 0 0 0 0 0 187650569885920 187650569887776 187650569891840 281474665078305 281474665078618 281474665078618 281474665078752 0
PROCESS 140
140 (mosquitto) R 122 122 120 52288 122 4194560 127 0 0 0 9 7 0 0 20 0 1 0 321 3772416 477 18446744073709551615 187650666184704 187650666427672 281474056909008 0 0 0 0 4100 18947 0 0 0 17 0 0 0 0 0 0 187650666432768 187650666434728 187650666463232 281474056912650 281474056912734 281474056912734 281474056912868 0
VmHWM:	    1908 kB
VmRSS:	    1908 kB
Threads:	1
THREAD 140 (mosquitto) R 122 122 120 52288 122 4194560 127 0 0 0 11 11 0 0 20 0 1 0 321 3772416 477 18446744073709551615 187650666184704 187650666427672 281474056909008 0 0 0 0 4100 18947 0 0 0 17 0 0 0 0 0 0 187650666432768 187650666434728 187650666463232 281474056912650 281474056912734 281474056912734 281474056912868 0
PROCESS 150
150 (mqmgateway_arm6) R 122 122 120 52288 122 4194304 830 0 2 0 6 23 0 0 20 0 2 0 535 85700608 1981 18446744073709551615 187650405601280 187650405637052 281474809915216 0 0 0 0 6 0 0 0 0 17 1 0 0 0 0 0 187650405640656 187650405642272 187650405646336 281474809917008 281474809917265 281474809917265 281474809917399 0
VmHWM:	    7924 kB
VmRSS:	    7924 kB
Threads:	2
THREAD 150 (mqmgateway_arm6) R 122 122 120 52288 122 4194304 827 0 1 0 4 15 0 0 20 0 2 0 535 85700608 1981 18446744073709551615 187650405601280 187650405637052 281474809915216 0 0 0 0 6 0 0 0 0 17 1 0 0 0 0 0 187650405640656 187650405642272 187650405646336 281474809917008 281474809917265 281474809917265 281474809917399 0
THREAD 154 (mosquitto loop) S 122 122 120 52288 122 4194368 3 0 1 0 3 13 0 0 20 0 2 0 539 85700608 1981 18446744073709551615 187650405601280 187650405637052 281474809915216 0 0 0 0 6 0 1 0 0 -1 1 0 0 0 0 0 187650405640656 187650405642272 187650405646336 281474809917008 281474809917265 281474809917265 281474809917399 0
SYSTEM cpu  207 0 153 818 3 0 12 0 0 0
MemFree:         2007540 kB
MemAvailable:    1977492 kB
SwapFree:              0 kB
METRICS {"enqueued":3640,"dequeued":3640,"current_depth":0,"peak_depth":48,"rejected":0,"processing_latency_ms":0.417595,"published":3643,"publish_failures":0,"command_timeouts":0,"can_errors":0,"telemetry_qos":1,"mqtt_max_inflight":20,"pipeline_metrics_enabled":true,"can_pipeline":{"frames_read":3640,"parsed":3640,"rejected_frames":0,"read_errors":0,"parse":{"count":3640,"mean_us":7.83139,"max_us":900.128,"p50_upper_us":4,"p95_upper_us":16,"p99_upper_us":128}},"telemetry_enqueued":3640,"telemetry_dequeued":3640,"telemetry_queue_wait":{"count":3640,"mean_us":415.57,"max_us":9193.42,"p50_upper_us":256,"p95_upper_us":2048,"p99_upper_us":8192},"command_queue_wait":{"count":0,"mean_us":0,"max_us":0,"p50_upper_us":0,"p95_upper_us":0,"p99_upper_us":0},"telemetry_worker_before_publish":{"count":3640,"mean_us":38.7988,"max_us":4736.45,"p50_upper_us":32,"p95_upper_us":128,"p99_upper_us":512},"mqtt_pipeline":{"publish_calls":3643,"publish_accepted":3643,"publish_api_errors":0,"puback_received":2228,"qos0_local_completed":0,"telemetry_accepted":3639,"telemetry_puback_received":2225,"pending_tracked":1415,"pending_peak":1428,"oldest_pending_us":351849,"tracking_dropped":0,"unmatched_callbacks":0,"tracking_complete":true,"publish_api":{"count":3643,"mean_us":18.942,"max_us":5327.89,"p50_upper_us":8,"p95_upper_us":64,"p99_upper_us":256},"telemetry_puback":{"count":2225,"mean_us":163983,"max_us":356611,"p50_upper_us":262144,"p95_upper_us":356611,"p99_upper_us":356611}}}
SAMPLE 11.37
PROCESS 142
142 (mqmgateway_iot) S 122 122 120 52288 122 4194304 671 0 16 0 251 252 0 0 20 0 6 0 422 383217664 1317 18446744073709551615 187650569781248 187650569880608 281474665074192 0 0 0 0 4 16386 0 0 0 17 1 0 0 0 0 0 187650569885920 187650569887776 187650569891840 281474665078305 281474665078618 281474665078618 281474665078752 0
VmHWM:	    5268 kB
VmRSS:	    5268 kB
Threads:	6
THREAD 142 (mqmgateway_iot) S 122 122 120 52288 122 4194304 167 0 14 0 2 2 0 0 20 0 6 0 422 383217664 1317 18446744073709551615 187650569781248 187650569880608 281474665074192 0 0 0 0 4 16386 1 0 0 17 1 0 0 0 0 0 187650569885920 187650569887776 187650569891840 281474665078305 281474665078618 281474665078618 281474665078752 0
THREAD 144 (mosquitto loop) R 122 122 120 52288 122 4194368 5 0 0 0 68 112 0 0 20 0 6 0 427 383217664 1317 18446744073709551615 187650569781248 187650569880608 281474665074192 0 0 0 0 4 16386 0 0 0 -1 1 0 0 0 0 0 187650569885920 187650569887776 187650569891840 281474665078305 281474665078618 281474665078618 281474665078752 0
THREAD 145 (mqmgateway_iot) R 122 122 120 52288 122 4194368 47 0 0 0 56 88 0 0 20 0 6 0 427 383217664 1317 18446744073709551615 187650569781248 187650569880608 281474665074192 0 0 0 0 4 16386 0 0 0 -1 0 0 0 0 0 0 187650569885920 187650569887776 187650569891840 281474665078305 281474665078618 281474665078618 281474665078752 0
THREAD 146 (mqmgateway_iot) S 122 122 120 52288 122 4194368 223 0 0 0 68 21 0 0 20 0 6 0 427 383217664 1317 18446744073709551615 187650569781248 187650569880608 281474665074192 0 0 0 0 4 16386 1 0 0 -1 0 0 0 0 0 0 187650569885920 187650569887776 187650569891840 281474665078305 281474665078618 281474665078618 281474665078752 0
THREAD 147 (mqmgateway_iot) S 122 122 120 52288 122 4194368 238 0 0 0 66 25 0 0 20 0 6 0 427 383217664 1317 18446744073709551615 187650569781248 187650569880608 281474665074192 0 0 0 0 4 16386 1 0 0 -1 1 0 0 0 0 0 187650569885920 187650569887776 187650569891840 281474665078305 281474665078618 281474665078618 281474665078752 0
THREAD 148 (mqmgateway_iot) S 122 122 120 52288 122 4194368 8 0 2 0 2 1 0 0 20 0 6 0 427 383217664 1317 18446744073709551615 187650569781248 187650569880608 281474665074192 0 0 0 0 4 16386 1 0 0 -1 0 0 0 0 0 0 187650569885920 187650569887776 187650569891840 281474665078305 281474665078618 281474665078618 281474665078752 0
PROCESS 140
140 (mosquitto) R 122 122 120 52288 122 4194560 265 0 0 0 103 200 0 0 20 0 1 0 321 4313088 605 18446744073709551615 187650666184704 187650666427672 281474056909008 0 0 0 0 4100 18947 0 0 0 17 1 0 0 0 0 0 187650666432768 187650666434728 187650666463232 281474056912650 281474056912734 281474056912734 281474056912868 0
VmHWM:	    2420 kB
VmRSS:	    2420 kB
Threads:	1
THREAD 140 (mosquitto) R 122 122 120 52288 122 4194560 265 0 0 0 105 203 0 0 20 0 1 0 321 4313088 605 18446744073709551615 187650666184704 187650666427672 281474056909008 0 0 0 18947 4100 18947 0 0 0 17 1 0 0 0 0 0 187650666432768 187650666434728 187650666463232 281474056912650 281474056912734 281474056912734 281474056912868 0
PROCESS 150
150 (mqmgateway_arm6) R 122 122 120 52288 122 4194304 830 0 2 0 101 269 0 0 20 0 2 0 535 85700608 1981 18446744073709551615 187650405601280 187650405637052 281474809915216 0 0 0 0 6 0 0 0 0 17 1 0 0 0 0 0 187650405640656 187650405642272 187650405646336 281474809917008 281474809917265 281474809917265 281474809917399 0
VmHWM:	    7924 kB
VmRSS:	    7924 kB
Threads:	2
THREAD 150 (mqmgateway_arm6) R 122 122 120 52288 122 4194304 827 0 1 0 32 152 0 0 20 0 2 0 535 85700608 1981 18446744073709551615 187650405601280 187650405637052 281474809915216 0 0 0 0 6 0 0 0 0 17 1 0 0 0 0 0 187650405640656 187650405642272 187650405646336 281474809917008 281474809917265 281474809917265 281474809917399 0
THREAD 154 (mosquitto loop) S 122 122 120 52288 122 4194368 3 0 1 0 60 132 0 0 20 0 2 0 539 85700608 1981 18446744073709551615 187650405601280 187650405637052 281474809915216 0 0 0 0 6 0 1 0 0 -1 0 0 0 0 0 0 187650405640656 187650405642272 187650405646336 281474809917008 281474809917265 281474809917265 281474809917399 0
SYSTEM cpu  648 0 722 846 3 0 118 0 0 0
MemFree:         2006280 kB
MemAvailable:    1976240 kB
SwapFree:              0 kB
METRICS {"enqueued":23866,"dequeued":23866,"current_depth":0,"peak_depth":48,"rejected":0,"processing_latency_ms":0.357471,"published":23875,"publish_failures":0,"command_timeouts":0,"can_errors":0,"telemetry_qos":1,"mqtt_max_inflight":20,"pipeline_metrics_enabled":true,"can_pipeline":{"frames_read":23866,"parsed":23866,"rejected_frames":0,"read_errors":0,"parse":{"count":23866,"mean_us":6.43893,"max_us":900.128,"p50_upper_us":4,"p95_upper_us":16,"p99_upper_us":128}},"telemetry_enqueued":23866,"telemetry_dequeued":23866,"telemetry_queue_wait":{"count":23866,"mean_us":355.544,"max_us":9193.42,"p50_upper_us":256,"p95_upper_us":2048,"p99_upper_us":4096},"command_queue_wait":{"count":0,"mean_us":0,"max_us":0,"p50_upper_us":0,"p95_upper_us":0,"p99_upper_us":0},"telemetry_worker_before_publish":{"count":23866,"mean_us":34.4955,"max_us":4736.45,"p50_upper_us":32,"p95_upper_us":128,"p99_upper_us":512},"mqtt_pipeline":{"publish_calls":23875,"publish_accepted":23875,"publish_api_errors":0,"puback_received":18522,"qos0_local_completed":0,"telemetry_accepted":23866,"telemetry_puback_received":18515,"pending_tracked":4094,"pending_peak":4096,"oldest_pending_us":1.32402e+06,"tracking_dropped":1259,"unmatched_callbacks":59,"tracking_complete":false,"publish_api":{"count":23875,"mean_us":17.0381,"max_us":5327.89,"p50_upper_us":8,"p95_upper_us":64,"p99_upper_us":512},"telemetry_puback":{"count":18515,"mean_us":771924,"max_us":1.32356e+06,"p50_upper_us":1.04858e+06,"p95_upper_us":1.32356e+06,"p99_upper_us":1.32356e+06}}}
SAMPLE 17.18
PROCESS 142
142 (mqmgateway_iot) S 122 122 120 52288 122 4194304 994 0 16 0 489 504 0 0 20 0 6 0 422 383217664 1637 18446744073709551615 187650569781248 187650569880608 281474665074192 0 0 0 0 4 16386 0 0 0 17 1 0 0 0 0 0 187650569885920 187650569887776 187650569891840 281474665078305 281474665078618 281474665078618 281474665078752 0
VmHWM:	    6548 kB
VmRSS:	    6548 kB
Threads:	6
THREAD 142 (mqmgateway_iot) S 122 122 120 52288 122 4194304 167 0 14 0 2 2 0 0 20 0 6 0 422 383217664 1637 18446744073709551615 187650569781248 187650569880608 281474665074192 0 0 0 0 4 16386 1 0 0 17 1 0 0 0 0 0 187650569885920 187650569887776 187650569891840 281474665078305 281474665078618 281474665078618 281474665078752 0
THREAD 144 (mosquitto loop) R 122 122 120 52288 122 4194368 5 0 0 0 129 208 0 0 20 0 6 0 427 383217664 1637 18446744073709551615 187650569781248 187650569880608 281474665074192 0 0 0 0 4 16386 0 0 0 -1 1 0 0 0 0 0 187650569885920 187650569887776 187650569891840 281474665078305 281474665078618 281474665078618 281474665078752 0
THREAD 145 (mqmgateway_iot) S 122 122 120 52288 122 4194368 75 0 0 0 106 191 0 0 20 0 6 0 427 383217664 1637 18446744073709551615 187650569781248 187650569880608 281474665074192 0 0 0 0 4 16386 1 0 0 -1 0 0 0 0 0 0 187650569885920 187650569887776 187650569891840 281474665078305 281474665078618 281474665078618 281474665078752 0
THREAD 146 (mqmgateway_iot) S 122 122 120 52288 122 4194368 378 0 0 0 129 49 0 0 20 0 6 0 427 383217664 1637 18446744073709551615 187650569781248 187650569880608 281474665074192 0 0 0 0 4 16386 1 0 0 -1 0 0 0 0 0 0 187650569885920 187650569887776 187650569891840 281474665078305 281474665078618 281474665078618 281474665078752 0
THREAD 147 (mqmgateway_iot) R 122 122 120 52288 122 4194368 368 0 0 0 135 48 0 0 20 0 6 0 427 383217664 1637 18446744073709551615 187650569781248 187650569880608 281474665074192 0 0 0 0 4 16386 0 0 0 -1 1 0 0 0 0 0 187650569885920 187650569887776 187650569891840 281474665078305 281474665078618 281474665078618 281474665078752 0
THREAD 148 (mqmgateway_iot) S 122 122 120 52288 122 4194368 8 0 2 0 2 2 0 0 20 0 6 0 427 383217664 1637 18446744073709551615 187650569781248 187650569880608 281474665074192 0 0 0 0 4 16386 1 0 0 -1 0 0 0 0 0 0 187650569885920 187650569887776 187650569891840 281474665078305 281474665078618 281474665078618 281474665078752 0
PROCESS 140
140 (mosquitto) R 122 122 120 52288 122 4194560 265 0 0 0 209 359 0 0 20 0 1 0 321 4313088 605 18446744073709551615 187650666184704 187650666427672 281474056909008 0 0 0 0 4100 18947 0 0 0 17 0 0 0 0 0 0 187650666432768 187650666434728 187650666463232 281474056912650 281474056912734 281474056912734 281474056912868 0
VmHWM:	    2420 kB
VmRSS:	    2420 kB
Threads:	1
THREAD 140 (mosquitto) R 122 122 120 52288 122 4194560 265 0 0 0 211 361 0 0 20 0 1 0 321 4313088 605 18446744073709551615 187650666184704 187650666427672 281474056909008 0 0 0 0 4100 18947 0 0 0 17 0 0 0 0 0 0 187650666432768 187650666434728 187650666463232 281474056912650 281474056912734 281474056912734 281474056912868 0
PROCESS 150
150 (mqmgateway_arm6) S 122 122 120 52288 122 4194304 830 0 2 0 207 502 0 0 20 0 2 0 535 85700608 1981 18446744073709551615 187650405601280 187650405637052 281474809915216 0 0 0 0 6 0 0 0 0 17 0 0 0 0 0 0 187650405640656 187650405642272 187650405646336 281474809917008 281474809917265 281474809917265 281474809917399 0
VmHWM:	    7924 kB
VmRSS:	    7924 kB
Threads:	2
THREAD 150 (mqmgateway_arm6) R 122 122 120 52288 122 4194304 827 0 1 0 66 290 0 0 20 0 2 0 535 85700608 1981 18446744073709551615 187650405601280 187650405637052 281474809915216 0 0 0 0 6 0 0 0 0 17 0 0 0 0 0 0 187650405640656 187650405642272 187650405646336 281474809917008 281474809917265 281474809917265 281474809917399 0
THREAD 154 (mosquitto loop) R 122 122 120 52288 122 4194368 3 0 1 0 126 232 0 0 20 0 2 0 539 85700608 1981 18446744073709551615 187650405601280 187650405637052 281474809915216 0 0 0 0 6 0 0 0 0 -1 1 0 0 0 0 0 187650405640656 187650405642272 187650405646336 281474809917008 281474809917265 281474809917265 281474809917399 0
SYSTEM cpu  1124 0 1267 862 3 0 211 0 0 0
MemFree:         2005020 kB
MemAvailable:    1974988 kB
SwapFree:              0 kB
METRICS {"enqueued":48104,"dequeued":48104,"current_depth":0,"peak_depth":48,"rejected":0,"processing_latency_ms":0.307034,"published":48119,"publish_failures":0,"command_timeouts":0,"can_errors":0,"telemetry_qos":1,"mqtt_max_inflight":20,"pipeline_metrics_enabled":true,"can_pipeline":{"frames_read":48104,"parsed":48104,"rejected_frames":0,"read_errors":0,"parse":{"count":48104,"mean_us":7.0046,"max_us":2080.29,"p50_upper_us":4,"p95_upper_us":16,"p99_upper_us":128}},"telemetry_enqueued":48104,"telemetry_dequeued":48104,"telemetry_queue_wait":{"count":48104,"mean_us":305.257,"max_us":9193.42,"p50_upper_us":256,"p95_upper_us":2048,"p99_upper_us":4096},"command_queue_wait":{"count":0,"mean_us":0,"max_us":0,"p50_upper_us":0,"p95_upper_us":0,"p99_upper_us":0},"telemetry_worker_before_publish":{"count":48104,"mean_us":34.2888,"max_us":4736.45,"p50_upper_us":32,"p95_upper_us":128,"p99_upper_us":256},"mqtt_pipeline":{"publish_calls":48119,"publish_accepted":48119,"publish_api_errors":0,"puback_received":31280,"qos0_local_completed":0,"telemetry_accepted":48104,"telemetry_puback_received":31269,"pending_tracked":4085,"pending_peak":4096,"oldest_pending_us":2.36707e+06,"tracking_dropped":12754,"unmatched_callbacks":7370,"tracking_complete":false,"publish_api":{"count":48119,"mean_us":16.3356,"max_us":7831.17,"p50_upper_us":8,"p95_upper_us":64,"p99_upper_us":256},"telemetry_puback":{"count":31269,"mean_us":1.19131e+06,"max_us":2.37314e+06,"p50_upper_us":2.09715e+06,"p95_upper_us":2.37314e+06,"p99_upper_us":2.37314e+06}}}
SAMPLE 22.98
PROCESS 142
142 (mqmgateway_iot) S 122 122 120 52288 122 4194304 1218 0 16 0 706 784 0 0 20 0 6 0 422 383217664 1861 18446744073709551615 187650569781248 187650569880608 281474665074192 0 0 0 0 4 16386 0 0 0 17 1 0 0 0 0 0 187650569885920 187650569887776 187650569891840 281474665078305 281474665078618 281474665078618 281474665078752 0
VmHWM:	    7444 kB
VmRSS:	    7444 kB
Threads:	6
THREAD 142 (mqmgateway_iot) S 122 122 120 52288 122 4194304 167 0 14 0 2 2 0 0 20 0 6 0 422 383217664 1861 18446744073709551615 187650569781248 187650569880608 281474665074192 0 0 0 0 4 16386 1 0 0 17 1 0 0 0 0 0 187650569885920 187650569887776 187650569891840 281474665078305 281474665078618 281474665078618 281474665078752 0
THREAD 144 (mosquitto loop) R 122 122 120 52288 122 4194368 6 0 0 0 184 316 0 0 20 0 6 0 427 383217664 1861 18446744073709551615 187650569781248 187650569880608 281474665074192 0 0 0 0 4 16386 0 0 0 -1 0 0 0 0 0 0 187650569885920 187650569887776 187650569891840 281474665078305 281474665078618 281474665078618 281474665078752 0
THREAD 145 (mqmgateway_iot) S 122 122 120 52288 122 4194368 97 0 0 0 148 298 0 0 20 0 6 0 427 383217664 1861 18446744073709551615 187650569781248 187650569880608 281474665074192 0 0 0 0 4 16386 1 0 0 -1 1 0 0 0 0 0 187650569885920 187650569887776 187650569891840 281474665078305 281474665078618 281474665078618 281474665078752 0
THREAD 146 (mqmgateway_iot) S 122 122 120 52288 122 4194368 475 0 0 0 192 76 0 0 20 0 6 0 427 383217664 1861 18446744073709551615 187650569781248 187650569880608 281474665074192 0 0 0 0 4 16386 1 0 0 -1 0 0 0 0 0 0 187650569885920 187650569887776 187650569891840 281474665078305 281474665078618 281474665078618 281474665078752 0
THREAD 147 (mqmgateway_iot) S 122 122 120 52288 122 4194368 488 0 0 0 203 74 0 0 20 0 6 0 427 383217664 1893 18446744073709551615 187650569781248 187650569880608 281474665074192 0 0 0 0 4 16386 1 0 0 -1 1 0 0 0 0 0 187650569885920 187650569887776 187650569891840 281474665078305 281474665078618 281474665078618 281474665078752 0
THREAD 148 (mqmgateway_iot) S 122 122 120 52288 122 4194368 8 0 2 0 3 3 0 0 20 0 6 0 427 383217664 1893 18446744073709551615 187650569781248 187650569880608 281474665074192 0 0 0 0 4 16386 1 0 0 -1 0 0 0 0 0 0 187650569885920 187650569887776 187650569891840 281474665078305 281474665078618 281474665078618 281474665078752 0
PROCESS 140
140 (mosquitto) R 122 122 120 52288 122 4194560 265 0 0 0 316 531 0 0 20 0 1 0 321 4313088 605 18446744073709551615 187650666184704 187650666427672 281474056909008 0 0 0 18947 4100 18947 0 0 0 17 0 0 0 0 0 0 187650666432768 187650666434728 187650666463232 281474056912650 281474056912734 281474056912734 281474056912868 0
VmHWM:	    2420 kB
VmRSS:	    2420 kB
Threads:	1
THREAD 140 (mosquitto) R 122 122 120 52288 122 4194560 265 0 0 0 317 533 0 0 20 0 1 0 321 4313088 605 18446744073709551615 187650666184704 187650666427672 281474056909008 0 0 0 18947 4100 18947 0 0 0 17 0 0 0 0 0 0 187650666432768 187650666434728 187650666463232 281474056912650 281474056912734 281474056912734 281474056912868 0
PROCESS 150
150 (mqmgateway_arm6) S 122 122 120 52288 122 4194304 830 0 2 0 312 729 0 0 20 0 2 0 535 85700608 1981 18446744073709551615 187650405601280 187650405637052 281474809915216 0 0 0 0 6 0 0 0 0 17 1 0 0 0 0 0 187650405640656 187650405642272 187650405646336 281474809917008 281474809917265 281474809917265 281474809917399 0
VmHWM:	    7924 kB
VmRSS:	    7924 kB
Threads:	2
THREAD 150 (mqmgateway_arm6) R 122 122 120 52288 122 4194304 827 0 1 0 103 416 0 0 20 0 2 0 535 85700608 1981 18446744073709551615 187650405601280 187650405637052 281474809915216 0 0 0 0 6 0 0 0 0 17 1 0 0 0 0 0 187650405640656 187650405642272 187650405646336 281474809917008 281474809917265 281474809917265 281474809917399 0
THREAD 154 (mosquitto loop) S 122 122 120 52288 122 4194368 3 0 1 0 189 337 0 0 20 0 2 0 539 85700608 1981 18446744073709551615 187650405601280 187650405637052 281474809915216 0 0 0 0 6 0 1 0 0 -1 1 0 0 0 0 0 187650405640656 187650405642272 187650405646336 281474809917008 281474809917265 281474809917265 281474809917399 0
SYSTEM cpu  1578 0 1839 876 3 0 306 0 0 0
MemFree:         2003536 kB
MemAvailable:    1973508 kB
SwapFree:              0 kB
METRICS {"enqueued":72398,"dequeued":72397,"current_depth":1,"peak_depth":48,"rejected":0,"processing_latency_ms":0.290488,"published":72418,"publish_failures":0,"command_timeouts":0,"can_errors":0,"telemetry_qos":1,"mqtt_max_inflight":20,"pipeline_metrics_enabled":true,"can_pipeline":{"frames_read":72398,"parsed":72398,"rejected_frames":0,"read_errors":0,"parse":{"count":72398,"mean_us":7.23582,"max_us":3954,"p50_upper_us":4,"p95_upper_us":16,"p99_upper_us":128}},"telemetry_enqueued":72398,"telemetry_dequeued":72397,"telemetry_queue_wait":{"count":72397,"mean_us":288.737,"max_us":9193.42,"p50_upper_us":256,"p95_upper_us":2048,"p99_upper_us":4096},"command_queue_wait":{"count":0,"mean_us":0,"max_us":0,"p50_upper_us":0,"p95_upper_us":0,"p99_upper_us":0},"telemetry_worker_before_publish":{"count":72397,"mean_us":34.6545,"max_us":4908.67,"p50_upper_us":32,"p95_upper_us":128,"p99_upper_us":256},"mqtt_pipeline":{"publish_calls":72418,"publish_accepted":72418,"publish_api_errors":0,"puback_received":39747,"qos0_local_completed":0,"telemetry_accepted":72397,"telemetry_puback_received":39732,"pending_tracked":4096,"pending_peak":4096,"oldest_pending_us":3.26762e+06,"tracking_dropped":28575,"unmatched_callbacks":19594,"tracking_complete":false,"publish_api":{"count":72418,"mean_us":15.9906,"max_us":7831.17,"p50_upper_us":8,"p95_upper_us":64,"p99_upper_us":256},"telemetry_puback":{"count":39732,"mean_us":1.49906e+06,"max_us":3.26672e+06,"p50_upper_us":2.09715e+06,"p95_upper_us":3.26672e+06,"p99_upper_us":3.26672e+06}}}
SAMPLE 28.82
PROCESS 142
142 (mqmgateway_iot) S 122 122 120 52288 122 4194304 1612 0 16 0 925 1017 0 0 20 0 6 0 422 383217664 2245 18446744073709551615 187650569781248 187650569880608 281474665074192 0 0 0 0 4 16386 0 0 0 17 0 0 0 0 0 0 187650569885920 187650569887776 187650569891840 281474665078305 281474665078618 281474665078618 281474665078752 0
VmHWM:	    9108 kB
VmRSS:	    9108 kB
Threads:	6
THREAD 142 (mqmgateway_iot) S 122 122 120 52288 122 4194304 167 0 14 0 2 3 0 0 20 0 6 0 422 383217664 2277 18446744073709551615 187650569781248 187650569880608 281474665074192 0 0 0 0 4 16386 1 0 0 17 0 0 0 0 0 0 187650569885920 187650569887776 187650569891840 281474665078305 281474665078618 281474665078618 281474665078752 0
THREAD 144 (mosquitto loop) R 122 122 120 52288 122 4194368 7 0 0 0 248 409 0 0 20 0 6 0 427 383217664 2277 18446744073709551615 187650569781248 187650569880608 281474665074192 0 0 0 0 4 16386 0 0 0 -1 1 0 0 0 0 0 187650569885920 187650569887776 187650569891840 281474665078305 281474665078618 281474665078618 281474665078752 0
THREAD 145 (mqmgateway_iot) S 122 122 120 52288 122 4194368 132 0 0 0 193 378 0 0 20 0 6 0 427 383217664 2277 18446744073709551615 187650569781248 187650569880608 281474665074192 0 0 0 0 4 16386 1 0 0 -1 0 0 0 0 0 0 187650569885920 187650569887776 187650569891840 281474665078305 281474665078618 281474665078618 281474665078752 0
THREAD 146 (mqmgateway_iot) S 122 122 120 52288 122 4194368 695 0 0 0 248 101 0 0 20 0 6 0 427 383217664 2277 18446744073709551615 187650569781248 187650569880608 281474665074192 0 0 0 0 4 16386 1 0 0 -1 0 0 0 0 0 0 187650569885920 187650569887776 187650569891840 281474665078305 281474665078618 281474665078618 281474665078752 0
THREAD 147 (mqmgateway_iot) S 122 122 120 52288 122 4194368 619 0 0 0 261 100 0 0 20 0 6 0 427 383217664 2277 18446744073709551615 187650569781248 187650569880608 281474665074192 0 0 0 0 4 16386 1 0 0 -1 1 0 0 0 0 0 187650569885920 187650569887776 187650569891840 281474665078305 281474665078618 281474665078618 281474665078752 0
THREAD 148 (mqmgateway_iot) S 122 122 120 52288 122 4194368 8 0 2 0 4 3 0 0 20 0 6 0 427 383217664 2277 18446744073709551615 187650569781248 187650569880608 281474665074192 0 0 0 0 4 16386 1 0 0 -1 0 0 0 0 0 0 187650569885920 187650569887776 187650569891840 281474665078305 281474665078618 281474665078618 281474665078752 0
PROCESS 140
140 (mosquitto) R 122 122 120 52288 122 4194560 265 0 0 0 425 706 0 0 20 0 1 0 321 4313088 605 18446744073709551615 187650666184704 187650666427672 281474056909008 0 0 0 18947 4100 18947 0 0 0 17 1 0 0 0 0 0 187650666432768 187650666434728 187650666463232 281474056912650 281474056912734 281474056912734 281474056912868 0
VmHWM:	    2420 kB
VmRSS:	    2420 kB
Threads:	1
THREAD 140 (mosquitto) R 122 122 120 52288 122 4194560 265 0 0 0 427 708 0 0 20 0 1 0 321 4313088 605 18446744073709551615 187650666184704 187650666427672 281474056909008 0 0 0 0 4100 18947 0 0 0 17 1 0 0 0 0 0 187650666432768 187650666434728 187650666463232 281474056912650 281474056912734 281474056912734 281474056912868 0
PROCESS 150
150 (mqmgateway_arm6) R 122 122 120 52288 122 4194304 830 0 2 0 425 956 0 0 20 0 2 0 535 85700608 1981 18446744073709551615 187650405601280 187650405637052 281474809915216 0 0 0 0 6 0 0 0 0 17 0 0 0 0 0 0 187650405640656 187650405642272 187650405646336 281474809917008 281474809917265 281474809917265 281474809917399 0
VmHWM:	    7924 kB
VmRSS:	    7924 kB
Threads:	2
THREAD 150 (mqmgateway_arm6) R 122 122 120 52288 122 4194304 827 0 1 0 142 534 0 0 20 0 2 0 535 85700608 1981 18446744073709551615 187650405601280 187650405637052 281474809915216 0 0 0 0 6 0 0 0 0 17 0 0 0 0 0 0 187650405640656 187650405642272 187650405646336 281474809917008 281474809917265 281474809917265 281474809917399 0
THREAD 154 (mosquitto loop) R 122 122 120 52288 122 4194368 3 0 1 0 254 455 0 0 20 0 2 0 539 85700608 1981 18446744073709551615 187650405601280 187650405637052 281474809915216 0 0 0 0 6 0 0 0 0 -1 1 0 0 0 0 0 187650405640656 187650405642272 187650405646336 281474809917008 281474809917265 281474809917265 281474809917399 0
SYSTEM cpu  2036 0 2369 912 3 0 393 0 0 0
MemFree:         2003032 kB
MemAvailable:    1973008 kB
SwapFree:              0 kB
METRICS {"enqueued":96691,"dequeued":96691,"current_depth":0,"peak_depth":48,"rejected":0,"processing_latency_ms":0.307177,"published":96718,"publish_failures":0,"command_timeouts":0,"can_errors":0,"telemetry_qos":1,"mqtt_max_inflight":20,"pipeline_metrics_enabled":true,"can_pipeline":{"frames_read":96691,"parsed":96691,"rejected_frames":0,"read_errors":0,"parse":{"count":96691,"mean_us":6.98784,"max_us":5360.03,"p50_upper_us":4,"p95_upper_us":16,"p99_upper_us":128}},"telemetry_enqueued":96691,"telemetry_dequeued":96691,"telemetry_queue_wait":{"count":96691,"mean_us":305.372,"max_us":9193.42,"p50_upper_us":256,"p95_upper_us":2048,"p99_upper_us":4096},"command_queue_wait":{"count":0,"mean_us":0,"max_us":0,"p50_upper_us":0,"p95_upper_us":0,"p99_upper_us":0},"telemetry_worker_before_publish":{"count":96691,"mean_us":34.5947,"max_us":5669.28,"p50_upper_us":32,"p95_upper_us":128,"p99_upper_us":256},"mqtt_pipeline":{"publish_calls":96718,"publish_accepted":96718,"publish_api_errors":0,"puback_received":45245,"qos0_local_completed":0,"telemetry_accepted":96691,"telemetry_puback_received":45228,"pending_tracked":4094,"pending_peak":4096,"oldest_pending_us":4.46863e+06,"tracking_dropped":47379,"unmatched_callbacks":33530,"tracking_complete":false,"publish_api":{"count":96718,"mean_us":16.3374,"max_us":7831.17,"p50_upper_us":8,"p95_upper_us":64,"p99_upper_us":256},"telemetry_puback":{"count":45228,"mean_us":1.77979e+06,"max_us":4.48738e+06,"p50_upper_us":2.09715e+06,"p95_upper_us":4.1943e+06,"p99_upper_us":4.48738e+06}}}
SAMPLE 34.61
PROCESS 142
142 (mqmgateway_iot) S 122 122 120 52288 122 4194304 1986 0 16 0 1144 1254 0 0 20 0 6 0 422 383217664 2629 18446744073709551615 187650569781248 187650569880608 281474665074192 0 0 0 0 4 16386 0 0 0 17 1 0 0 0 0 0 187650569885920 187650569887776 187650569891840 281474665078305 281474665078618 281474665078618 281474665078752 0
VmHWM:	   10516 kB
VmRSS:	   10516 kB
Threads:	6
THREAD 142 (mqmgateway_iot) S 122 122 120 52288 122 4194304 167 0 14 0 2 3 0 0 20 0 6 0 422 383217664 2629 18446744073709551615 187650569781248 187650569880608 281474665074192 0 0 0 0 4 16386 1 0 0 17 1 0 0 0 0 0 187650569885920 187650569887776 187650569891840 281474665078305 281474665078618 281474665078618 281474665078752 0
THREAD 144 (mosquitto loop) S 122 122 120 52288 122 4194368 7 0 0 0 307 508 0 0 20 0 6 0 427 383217664 2629 18446744073709551615 187650569781248 187650569880608 281474665074192 0 0 0 0 4 16386 1 0 0 -1 0 0 0 0 0 0 187650569885920 187650569887776 187650569891840 281474665078305 281474665078618 281474665078618 281474665078752 0
THREAD 145 (mqmgateway_iot) R 122 122 120 52288 122 4194368 165 0 0 0 235 464 0 0 20 0 6 0 427 383217664 2629 18446744073709551615 187650569781248 187650569880608 281474665074192 0 0 0 0 4 16386 0 0 0 -1 1 0 0 0 0 0 187650569885920 187650569887776 187650569891840 281474665078305 281474665078618 281474665078618 281474665078752 0
THREAD 146 (mqmgateway_iot) R 122 122 120 52288 122 4194368 852 0 0 0 306 129 0 0 20 0 6 0 427 383217664 2629 18446744073709551615 187650569781248 187650569880608 281474665074192 0 0 0 0 4 16386 0 0 0 -1 1 0 0 0 0 0 187650569885920 187650569887776 187650569891840 281474665078305 281474665078618 281474665078618 281474665078752 0
THREAD 147 (mqmgateway_iot) R 122 122 120 52288 122 4194368 808 0 0 0 322 122 0 0 20 0 6 0 427 383217664 2629 18446744073709551615 187650569781248 187650569880608 281474665074192 0 0 0 0 4 16386 0 0 0 -1 0 0 0 0 0 0 187650569885920 187650569887776 187650569891840 281474665078305 281474665078618 281474665078618 281474665078752 0
THREAD 148 (mqmgateway_iot) S 122 122 120 52288 122 4194368 8 0 2 0 6 4 0 0 20 0 6 0 427 383217664 2629 18446744073709551615 187650569781248 187650569880608 281474665074192 0 0 0 0 4 16386 1 0 0 -1 0 0 0 0 0 0 187650569885920 187650569887776 187650569891840 281474665078305 281474665078618 281474665078618 281474665078752 0
PROCESS 140
140 (mosquitto) R 122 122 120 52288 122 4194560 265 0 0 0 528 889 0 0 20 0 1 0 321 4313088 605 18446744073709551615 187650666184704 187650666427672 281474056909008 0 0 0 0 4100 18947 0 0 0 17 1 0 0 0 0 0 187650666432768 187650666434728 187650666463232 281474056912650 281474056912734 281474056912734 281474056912868 0
VmHWM:	    2420 kB
VmRSS:	    2420 kB
Threads:	1
THREAD 140 (mosquitto) R 122 122 120 52288 122 4194560 265 0 0 0 531 891 0 0 20 0 1 0 321 4313088 605 18446744073709551615 187650666184704 187650666427672 281474056909008 0 0 0 0 4100 18947 0 0 0 17 1 0 0 0 0 0 187650666432768 187650666434728 187650666463232 281474056912650 281474056912734 281474056912734 281474056912868 0
PROCESS 150
150 (mqmgateway_arm6) S 122 122 120 52288 122 4194304 830 0 2 0 536 1190 0 0 20 0 2 0 535 85700608 1981 18446744073709551615 187650405601280 187650405637052 281474809915216 0 0 0 0 6 0 0 0 0 17 1 0 0 0 0 0 187650405640656 187650405642272 187650405646336 281474809917008 281474809917265 281474809917265 281474809917399 0
VmHWM:	    7924 kB
VmRSS:	    7924 kB
Threads:	2
THREAD 150 (mqmgateway_arm6) R 122 122 120 52288 122 4194304 827 0 1 0 172 668 0 0 20 0 2 0 535 85700608 1981 18446744073709551615 187650405601280 187650405637052 281474809915216 0 0 0 0 6 0 0 0 0 17 1 0 0 0 0 0 187650405640656 187650405642272 187650405646336 281474809917008 281474809917265 281474809917265 281474809917399 0
THREAD 154 (mosquitto loop) R 122 122 120 52288 122 4194368 3 0 1 0 324 567 0 0 20 0 2 0 539 85700608 1981 18446744073709551615 187650405601280 187650405637052 281474809915216 0 0 0 0 6 0 0 0 0 -1 0 0 0 0 0 0 187650405640656 187650405642272 187650405646336 281474809917008 281474809917265 281474809917265 281474809917399 0
SYSTEM cpu  2488 0 2924 945 3 0 496 0 0 0
MemFree:         2001772 kB
MemAvailable:    1971756 kB
SwapFree:              0 kB
METRICS {"enqueued":116971,"dequeued":116956,"current_depth":15,"peak_depth":48,"rejected":0,"processing_latency_ms":0.308866,"published":117002,"publish_failures":0,"command_timeouts":0,"can_errors":0,"telemetry_qos":1,"mqtt_max_inflight":20,"pipeline_metrics_enabled":true,"can_pipeline":{"frames_read":116971,"parsed":116971,"rejected_frames":0,"read_errors":0,"parse":{"count":116971,"mean_us":6.82396,"max_us":5360.03,"p50_upper_us":4,"p95_upper_us":16,"p99_upper_us":128}},"telemetry_enqueued":116971,"telemetry_dequeued":116971,"telemetry_queue_wait":{"count":116971,"mean_us":307.082,"max_us":9193.42,"p50_upper_us":256,"p95_upper_us":2048,"p99_upper_us":4096},"command_queue_wait":{"count":0,"mean_us":0,"max_us":0,"p50_upper_us":0,"p95_upper_us":0,"p99_upper_us":0},"telemetry_worker_before_publish":{"count":116971,"mean_us":34.7736,"max_us":5669.28,"p50_upper_us":32,"p95_upper_us":128,"p99_upper_us":512},"mqtt_pipeline":{"publish_calls":117002,"publish_accepted":117002,"publish_api_errors":0,"puback_received":48988,"qos0_local_completed":0,"telemetry_accepted":116970,"telemetry_puback_received":48970,"pending_tracked":4096,"pending_peak":4096,"oldest_pending_us":5.49958e+06,"tracking_dropped":63918,"unmatched_callbacks":45977,"tracking_complete":false,"publish_api":{"count":117002,"mean_us":16.0705,"max_us":7831.17,"p50_upper_us":8,"p95_upper_us":64,"p99_upper_us":256},"telemetry_puback":{"count":48970,"mean_us":2.02294e+06,"max_us":5.50713e+06,"p50_upper_us":2.09715e+06,"p95_upper_us":5.50713e+06,"p99_upper_us":5.50713e+06}}}
SAMPLE 40.51
PROCESS 142
142 (mqmgateway_iot) S 122 122 120 52288 122 4194304 2378 0 16 0 1356 1521 0 0 20 0 6 0 422 383217664 3013 18446744073709551615 187650569781248 187650569880608 281474665074192 0 0 0 0 4 16386 0 0 0 17 0 0 0 0 0 0 187650569885920 187650569887776 187650569891840 281474665078305 281474665078618 281474665078618 281474665078752 0
VmHWM:	   12052 kB
VmRSS:	   12052 kB
Threads:	6
THREAD 142 (mqmgateway_iot) S 122 122 120 52288 122 4194304 167 0 14 0 2 3 0 0 20 0 6 0 422 383217664 3013 18446744073709551615 187650569781248 187650569880608 281474665074192 0 0 0 0 4 16386 1 0 0 17 0 0 0 0 0 0 187650569885920 187650569887776 187650569891840 281474665078305 281474665078618 281474665078618 281474665078752 0
THREAD 144 (mosquitto loop) R 122 122 120 52288 122 4194368 7 0 0 0 376 635 0 0 20 0 6 0 427 383217664 3013 18446744073709551615 187650569781248 187650569880608 281474665074192 0 0 0 0 4 16386 0 0 0 -1 0 0 0 0 0 0 187650569885920 187650569887776 187650569891840 281474665078305 281474665078618 281474665078618 281474665078752 0
THREAD 145 (mqmgateway_iot) S 122 122 120 52288 122 4194368 188 0 0 0 284 549 0 0 20 0 6 0 427 383217664 3013 18446744073709551615 187650569781248 187650569880608 281474665074192 0 0 0 0 4 16386 1 0 0 -1 1 0 0 0 0 0 187650569885920 187650569887776 187650569891840 281474665078305 281474665078618 281474665078618 281474665078752 0
THREAD 146 (mqmgateway_iot) S 122 122 120 52288 122 4194368 1034 0 0 0 361 147 0 0 20 0 6 0 427 383217664 3013 18446744073709551615 187650569781248 187650569880608 281474665074192 0 0 0 0 4 16386 1 0 0 -1 1 0 0 0 0 0 187650569885920 187650569887776 187650569891840 281474665078305 281474665078618 281474665078618 281474665078752 0
THREAD 147 (mqmgateway_iot) R 122 122 120 52288 122 4194368 992 0 0 0 372 145 0 0 20 0 6 0 427 383217664 3013 18446744073709551615 187650569781248 187650569880608 281474665074192 0 0 0 0 4 16386 0 0 0 -1 0 0 0 0 0 0 187650569885920 187650569887776 187650569891840 281474665078305 281474665078618 281474665078618 281474665078752 0
THREAD 148 (mqmgateway_iot) S 122 122 120 52288 122 4194368 8 0 2 0 6 5 0 0 20 0 6 0 427 383217664 3013 18446744073709551615 187650569781248 187650569880608 281474665074192 0 0 0 0 4 16386 1 0 0 -1 0 0 0 0 0 0 187650569885920 187650569887776 187650569891840 281474665078305 281474665078618 281474665078618 281474665078752 0
PROCESS 140
140 (mosquitto) S 122 122 120 52288 122 4194560 265 0 0 0 630 1079 0 0 20 0 1 0 321 4313088 605 18446744073709551615 187650666184704 187650666427672 281474056909008 0 0 0 18947 4100 18947 1 0 0 17 1 0 0 0 0 0 187650666432768 187650666434728 187650666463232 281474056912650 281474056912734 281474056912734 281474056912868 0
VmHWM:	    2420 kB
VmRSS:	    2420 kB
Threads:	1
THREAD 140 (mosquitto) R 122 122 120 52288 122 4194560 265 0 0 0 633 1081 0 0 20 0 1 0 321 4313088 605 18446744073709551615 187650666184704 187650666427672 281474056909008 0 0 0 0 4100 18947 0 0 0 17 1 0 0 0 0 0 187650666432768 187650666434728 187650666463232 281474056912650 281474056912734 281474056912734 281474056912868 0
PROCESS 150
150 (mqmgateway_arm6) R 122 122 120 52288 122 4194304 830 0 2 0 628 1429 0 0 20 0 2 0 535 85700608 1981 18446744073709551615 187650405601280 187650405637052 281474809915216 0 0 0 0 6 0 0 0 0 17 0 0 0 0 0 0 187650405640656 187650405642272 187650405646336 281474809917008 281474809917265 281474809917265 281474809917399 0
VmHWM:	    7924 kB
VmRSS:	    7924 kB
Threads:	2
THREAD 150 (mqmgateway_arm6) R 122 122 120 52288 122 4194304 827 0 1 0 204 802 0 0 20 0 2 0 535 85700608 1981 18446744073709551615 187650405601280 187650405637052 281474809915216 0 0 0 0 6 0 0 0 0 17 0 0 0 0 0 0 187650405640656 187650405642272 187650405646336 281474809917008 281474809917265 281474809917265 281474809917399 0
THREAD 154 (mosquitto loop) R 122 122 120 52288 122 4194368 3 0 1 0 379 677 0 0 20 0 2 0 539 85700608 1981 18446744073709551615 187650405601280 187650405637052 281474809915216 0 0 0 0 6 0 0 0 0 -1 1 0 0 0 0 0 187650405640656 187650405642272 187650405646336 281474809917008 281474809917265 281474809917265 281474809917399 0
SYSTEM cpu  2912 0 3523 976 3 0 590 0 0 0
MemFree:         2000260 kB
MemAvailable:    1970256 kB
SwapFree:              0 kB
METRICS {"enqueued":141249,"dequeued":141244,"current_depth":5,"peak_depth":48,"rejected":0,"processing_latency_ms":0.320361,"published":141286,"publish_failures":0,"command_timeouts":0,"can_errors":0,"telemetry_qos":1,"mqtt_max_inflight":20,"pipeline_metrics_enabled":true,"can_pipeline":{"frames_read":141249,"parsed":141249,"rejected_frames":0,"read_errors":0,"parse":{"count":141249,"mean_us":6.60124,"max_us":5360.03,"p50_upper_us":4,"p95_upper_us":16,"p99_upper_us":128}},"telemetry_enqueued":141249,"telemetry_dequeued":141249,"telemetry_queue_wait":{"count":141249,"mean_us":318.589,"max_us":9193.42,"p50_upper_us":256,"p95_upper_us":2048,"p99_upper_us":4096},"command_queue_wait":{"count":0,"mean_us":0,"max_us":0,"p50_upper_us":0,"p95_upper_us":0,"p99_upper_us":0},"telemetry_worker_before_publish":{"count":141249,"mean_us":34.2531,"max_us":5669.28,"p50_upper_us":32,"p95_upper_us":128,"p99_upper_us":512},"mqtt_pipeline":{"publish_calls":141286,"publish_accepted":141286,"publish_api_errors":0,"puback_received":52693,"qos0_local_completed":0,"telemetry_accepted":141248,"telemetry_puback_received":52673,"pending_tracked":4096,"pending_peak":4096,"oldest_pending_us":6.78342e+06,"tracking_dropped":84497,"unmatched_callbacks":61430,"tracking_complete":false,"publish_api":{"count":141286,"mean_us":15.8593,"max_us":7831.17,"p50_upper_us":8,"p95_upper_us":64,"p99_upper_us":256},"telemetry_puback":{"count":52673,"mean_us":2.30094e+06,"max_us":6.79091e+06,"p50_upper_us":2.09715e+06,"p95_upper_us":6.79091e+06,"p99_upper_us":6.79091e+06}}}
SAMPLE 46.40
PROCESS 142
142 (mqmgateway_iot) S 122 122 120 52288 122 4194304 2777 0 16 0 1576 1788 0 0 20 0 6 0 422 383217664 3429 18446744073709551615 187650569781248 187650569880608 281474665074192 0 0 0 0 4 16386 0 0 0 17 0 0 0 0 0 0 187650569885920 187650569887776 187650569891840 281474665078305 281474665078618 281474665078618 281474665078752 0
VmHWM:	   13716 kB
VmRSS:	   13716 kB
Threads:	6
THREAD 142 (mqmgateway_iot) S 122 122 120 52288 122 4194304 167 0 14 0 2 4 0 0 20 0 6 0 422 383217664 3429 18446744073709551615 187650569781248 187650569880608 281474665074192 0 0 0 0 4 16386 1 0 0 17 0 0 0 0 0 0 187650569885920 187650569887776 187650569891840 281474665078305 281474665078618 281474665078618 281474665078752 0
THREAD 144 (mosquitto loop) S 122 122 120 52288 122 4194368 8 0 0 0 429 733 0 0 20 0 6 0 427 383217664 3429 18446744073709551615 187650569781248 187650569880608 281474665074192 0 0 0 0 4 16386 1 0 0 -1 0 0 0 0 0 0 187650569885920 187650569887776 187650569891840 281474665078305 281474665078618 281474665078618 281474665078752 0
THREAD 145 (mqmgateway_iot) R 122 122 120 52288 122 4194368 224 0 0 0 331 650 0 0 20 0 6 0 427 383217664 3429 18446744073709551615 187650569781248 187650569880608 281474665074192 0 0 0 0 4 16386 0 0 0 -1 1 0 0 0 0 0 187650569885920 187650569887776 187650569891840 281474665078305 281474665078618 281474665078618 281474665078752 0
THREAD 146 (mqmgateway_iot) S 122 122 120 52288 122 4194368 1232 0 0 0 416 184 0 0 20 0 6 0 427 383217664 3429 18446744073709551615 187650569781248 187650569880608 281474665074192 0 0 0 0 4 16386 1 0 0 -1 1 0 0 0 0 0 187650569885920 187650569887776 187650569891840 281474665078305 281474665078618 281474665078618 281474665078752 0
THREAD 147 (mqmgateway_iot) S 122 122 120 52288 122 4194368 1159 0 0 0 440 170 0 0 20 0 6 0 427 383217664 3429 18446744073709551615 187650569781248 187650569880608 281474665074192 0 0 0 0 4 16386 1 0 0 -1 1 0 0 0 0 0 187650569885920 187650569887776 187650569891840 281474665078305 281474665078618 281474665078618 281474665078752 0
THREAD 148 (mqmgateway_iot) R 122 122 120 52288 122 4194368 8 0 2 0 8 5 0 0 20 0 6 0 427 383217664 3429 18446744073709551615 187650569781248 187650569880608 281474665074192 0 0 0 0 4 16386 0 0 0 -1 1 0 0 0 0 0 187650569885920 187650569887776 187650569891840 281474665078305 281474665078618 281474665078618 281474665078752 0
PROCESS 140
140 (mosquitto) R 122 122 120 52288 122 4194560 265 0 0 0 743 1245 0 0 20 0 1 0 321 4313088 605 18446744073709551615 187650666184704 187650666427672 281474056909008 0 0 0 0 4100 18947 0 0 0 17 1 0 0 0 0 0 187650666432768 187650666434728 187650666463232 281474056912650 281474056912734 281474056912734 281474056912868 0
VmHWM:	    2420 kB
VmRSS:	    2420 kB
Threads:	1
THREAD 140 (mosquitto) R 122 122 120 52288 122 4194560 265 0 0 0 744 1248 0 0 20 0 1 0 321 4313088 605 18446744073709551615 187650666184704 187650666427672 281474056909008 0 0 0 18947 4100 18947 0 0 0 17 1 0 0 0 0 0 187650666432768 187650666434728 187650666463232 281474056912650 281474056912734 281474056912734 281474056912868 0
PROCESS 150
150 (mqmgateway_arm6) R 122 122 120 52288 122 4194304 830 0 2 0 720 1679 0 0 20 0 2 0 535 85700608 1981 18446744073709551615 187650405601280 187650405637052 281474809915216 0 0 0 0 6 0 0 0 0 17 0 0 0 0 0 0 187650405640656 187650405642272 187650405646336 281474809917008 281474809917265 281474809917265 281474809917399 0
VmHWM:	    7924 kB
VmRSS:	    7924 kB
Threads:	2
THREAD 150 (mqmgateway_arm6) R 122 122 120 52288 122 4194304 827 0 1 0 227 949 0 0 20 0 2 0 535 85700608 1981 18446744073709551615 187650405601280 187650405637052 281474809915216 0 0 0 0 6 0 1 0 0 17 0 0 0 0 0 0 187650405640656 187650405642272 187650405646336 281474809917008 281474809917265 281474809917265 281474809917399 0
THREAD 154 (mosquitto loop) S 122 122 120 52288 122 4194368 3 0 1 0 440 787 0 0 20 0 2 0 539 85700608 1981 18446744073709551615 187650405601280 187650405637052 281474809915216 0 0 0 0 6 0 1 0 0 -1 1 0 0 0 0 0 187650405640656 187650405642272 187650405646336 281474809917008 281474809917265 281474809917265 281474809917399 0
SYSTEM cpu  3377 0 4096 1001 3 0 675 0 0 0
MemFree:         1994400 kB
MemAvailable:    1964404 kB
SwapFree:              0 kB
METRICS {"enqueued":165630,"dequeued":165628,"current_depth":2,"peak_depth":101,"rejected":0,"processing_latency_ms":0.314113,"published":165672,"publish_failures":0,"command_timeouts":0,"can_errors":0,"telemetry_qos":1,"mqtt_max_inflight":20,"pipeline_metrics_enabled":true,"can_pipeline":{"frames_read":165633,"parsed":165633,"rejected_frames":0,"read_errors":0,"parse":{"count":165633,"mean_us":6.70776,"max_us":5360.03,"p50_upper_us":4,"p95_upper_us":16,"p99_upper_us":128}},"telemetry_enqueued":165633,"telemetry_dequeued":165628,"telemetry_queue_wait":{"count":165628,"mean_us":312.299,"max_us":23329.1,"p50_upper_us":256,"p95_upper_us":2048,"p99_upper_us":4096},"command_queue_wait":{"count":0,"mean_us":0,"max_us":0,"p50_upper_us":0,"p95_upper_us":0,"p99_upper_us":0},"telemetry_worker_before_publish":{"count":165628,"mean_us":34.3492,"max_us":5669.28,"p50_upper_us":32,"p95_upper_us":128,"p99_upper_us":256},"mqtt_pipeline":{"publish_calls":165672,"publish_accepted":165672,"publish_api_errors":0,"puback_received":56022,"qos0_local_completed":0,"telemetry_accepted":165628,"telemetry_puback_received":56001,"pending_tracked":4096,"pending_peak":4096,"oldest_pending_us":8.06744e+06,"tracking_dropped":105554,"unmatched_callbacks":77146,"tracking_complete":false,"publish_api":{"count":165672,"mean_us":15.8179,"max_us":7831.17,"p50_upper_us":8,"p95_upper_us":64,"p99_upper_us":256},"telemetry_puback":{"count":56001,"mean_us":2.60689e+06,"max_us":8.11219e+06,"p50_upper_us":2.09715e+06,"p95_upper_us":8.11219e+06,"p99_upper_us":8.11219e+06}}}
SAMPLE 52.32
PROCESS 142
142 (mqmgateway_iot) S 122 122 120 52288 122 4194304 3195 0 16 0 1835 2062 0 0 20 0 6 0 422 383217664 3845 18446744073709551615 187650569781248 187650569880608 281474665074192 0 0 0 0 4 16386 0 0 0 17 0 0 0 0 0 0 187650569885920 187650569887776 187650569891840 281474665078305 281474665078618 281474665078618 281474665078752 0
VmHWM:	   15380 kB
VmRSS:	   15380 kB
Threads:	6
THREAD 142 (mqmgateway_iot) S 122 122 120 52288 122 4194304 167 0 14 0 2 4 0 0 20 0 6 0 422 383217664 3845 18446744073709551615 187650569781248 187650569880608 281474665074192 0 0 0 0 4 16386 1 0 0 17 0 0 0 0 0 0 187650569885920 187650569887776 187650569891840 281474665078305 281474665078618 281474665078618 281474665078752 0
THREAD 144 (mosquitto loop) S 122 122 120 52288 122 4194368 8 0 0 0 490 825 0 0 20 0 6 0 427 383217664 3845 18446744073709551615 187650569781248 187650569880608 281474665074192 0 0 0 0 4 16386 1 0 0 -1 0 0 0 0 0 0 187650569885920 187650569887776 187650569891840 281474665078305 281474665078618 281474665078618 281474665078752 0
THREAD 145 (mqmgateway_iot) R 122 122 120 52288 122 4194368 255 0 0 0 384 769 0 0 20 0 6 0 427 383217664 3845 18446744073709551615 187650569781248 187650569880608 281474665074192 0 0 0 0 4 16386 0 0 0 -1 0 0 0 0 0 0 187650569885920 187650569887776 187650569891840 281474665078305 281474665078618 281474665078618 281474665078752 0
THREAD 146 (mqmgateway_iot) S 122 122 120 52288 122 4194368 1404 0 0 0 484 217 0 0 20 0 6 0 427 383217664 3845 18446744073709551615 187650569781248 187650569880608 281474665074192 0 0 0 0 4 16386 1 0 0 -1 0 0 0 0 0 0 187650569885920 187650569887776 187650569891840 281474665078305 281474665078618 281474665078618 281474665078752 0
THREAD 147 (mqmgateway_iot) S 122 122 120 52288 122 4194368 1362 0 0 0 517 199 0 0 20 0 6 0 427 383217664 3845 18446744073709551615 187650569781248 187650569880608 281474665074192 0 0 0 0 4 16386 1 0 0 -1 0 0 0 0 0 0 187650569885920 187650569887776 187650569891840 281474665078305 281474665078618 281474665078618 281474665078752 0
THREAD 148 (mqmgateway_iot) S 122 122 120 52288 122 4194368 8 0 2 0 8 6 0 0 20 0 6 0 427 383217664 3845 18446744073709551615 187650569781248 187650569880608 281474665074192 0 0 0 0 4 16386 1 0 0 -1 1 0 0 0 0 0 187650569885920 187650569887776 187650569891840 281474665078305 281474665078618 281474665078618 281474665078752 0
PROCESS 140
140 (mosquitto) R 122 122 120 52288 122 4194560 265 0 0 0 833 1411 0 0 20 0 1 0 321 4313088 605 18446744073709551615 187650666184704 187650666427672 281474056909008 0 0 0 0 4100 18947 0 0 0 17 1 0 0 0 0 0 187650666432768 187650666434728 187650666463232 281474056912650 281474056912734 281474056912734 281474056912868 0
VmHWM:	    2420 kB
VmRSS:	    2420 kB
Threads:	1
THREAD 140 (mosquitto) R 122 122 120 52288 122 4194560 265 0 0 0 834 1414 0 0 20 0 1 0 321 4313088 605 18446744073709551615 187650666184704 187650666427672 281474056909008 0 0 0 0 4100 18947 0 0 0 17 1 0 0 0 0 0 187650666432768 187650666434728 187650666463232 281474056912650 281474056912734 281474056912734 281474056912868 0
PROCESS 150
150 (mqmgateway_arm6) R 122 122 120 52288 122 4194304 830 0 2 0 815 1912 0 0 20 0 2 0 535 85700608 1981 18446744073709551615 187650405601280 187650405637052 281474809915216 0 0 0 0 6 0 0 0 0 17 1 0 0 0 0 0 187650405640656 187650405642272 187650405646336 281474809917008 281474809917265 281474809917265 281474809917399 0
VmHWM:	    7924 kB
VmRSS:	    7924 kB
Threads:	2
THREAD 150 (mqmgateway_arm6) S 122 122 120 52288 122 4194304 827 0 1 0 255 1094 0 0 20 0 2 0 535 85700608 1981 18446744073709551615 187650405601280 187650405637052 281474809915216 0 0 0 0 6 0 1 0 0 17 1 0 0 0 0 0 187650405640656 187650405642272 187650405646336 281474809917008 281474809917265 281474809917265 281474809917399 0
THREAD 154 (mosquitto loop) S 122 122 120 52288 122 4194368 3 0 1 0 501 881 0 0 20 0 2 0 539 85700608 1981 18446744073709551615 187650405601280 187650405637052 281474809915216 0 0 0 0 6 0 1 0 0 -1 1 0 0 0 0 0 187650405640656 187650405642272 187650405646336 281474809917008 281474809917265 281474809917265 281474809917399 0
SYSTEM cpu  3836 0 4672 1010 3 0 768 0 0 0
MemFree:         1994400 kB
MemAvailable:    1964412 kB
SwapFree:              0 kB
METRICS {"enqueued":189942,"dequeued":189942,"current_depth":0,"peak_depth":101,"rejected":0,"processing_latency_ms":0.304303,"published":189992,"publish_failures":0,"command_timeouts":0,"can_errors":0,"telemetry_qos":1,"mqtt_max_inflight":20,"pipeline_metrics_enabled":true,"can_pipeline":{"frames_read":189942,"parsed":189942,"rejected_frames":0,"read_errors":0,"parse":{"count":189942,"mean_us":6.92873,"max_us":5360.03,"p50_upper_us":4,"p95_upper_us":16,"p99_upper_us":128}},"telemetry_enqueued":189942,"telemetry_dequeued":189942,"telemetry_queue_wait":{"count":189942,"mean_us":302.495,"max_us":23329.1,"p50_upper_us":256,"p95_upper_us":2048,"p99_upper_us":4096},"command_queue_wait":{"count":0,"mean_us":0,"max_us":0,"p50_upper_us":0,"p95_upper_us":0,"p99_upper_us":0},"telemetry_worker_before_publish":{"count":189942,"mean_us":34.7677,"max_us":5669.28,"p50_upper_us":32,"p95_upper_us":128,"p99_upper_us":256},"mqtt_pipeline":{"publish_calls":189992,"publish_accepted":189992,"publish_api_errors":0,"puback_received":58246,"qos0_local_completed":0,"telemetry_accepted":189942,"telemetry_puback_received":58224,"pending_tracked":4096,"pending_peak":4096,"oldest_pending_us":9.41893e+06,"tracking_dropped":127650,"unmatched_callbacks":94067,"tracking_complete":false,"publish_api":{"count":189992,"mean_us":15.857,"max_us":7831.17,"p50_upper_us":8,"p95_upper_us":64,"p99_upper_us":256},"telemetry_puback":{"count":58224,"mean_us":2.85166e+06,"max_us":9.41855e+06,"p50_upper_us":4.1943e+06,"p95_upper_us":8.38861e+06,"p99_upper_us":9.41855e+06}}}
SAMPLE 58.09
PROCESS 142
142 (mqmgateway_iot) S 122 122 120 52288 122 4194304 3435 0 16 0 2041 2297 0 0 20 0 6 0 422 383217664 4069 18446744073709551615 187650569781248 187650569880608 281474665074192 0 0 0 0 4 16386 0 0 0 17 0 0 0 0 0 0 187650569885920 187650569887776 187650569891840 281474665078305 281474665078618 281474665078618 281474665078752 0
VmHWM:	   16276 kB
VmRSS:	   16276 kB
Threads:	6
THREAD 142 (mqmgateway_iot) S 122 122 120 52288 122 4194304 167 0 14 0 2 4 0 0 20 0 6 0 422 383217664 4069 18446744073709551615 187650569781248 187650569880608 281474665074192 0 0 0 0 4 16386 1 0 0 17 0 0 0 0 0 0 187650569885920 187650569887776 187650569891840 281474665078305 281474665078618 281474665078618 281474665078752 0
THREAD 144 (mosquitto loop) R 122 122 120 52288 122 4194368 8 0 0 0 555 921 0 0 20 0 6 0 427 383217664 4069 18446744073709551615 187650569781248 187650569880608 281474665074192 0 0 0 0 4 16386 0 0 0 -1 1 0 0 0 0 0 187650569885920 187650569887776 187650569891840 281474665078305 281474665078618 281474665078618 281474665078752 0
THREAD 145 (mqmgateway_iot) R 122 122 120 52288 122 4194368 271 0 0 0 426 856 0 0 20 0 6 0 427 383217664 4069 18446744073709551615 187650569781248 187650569880608 281474665074192 0 0 0 0 4 16386 0 0 0 -1 0 0 0 0 0 0 187650569885920 187650569887776 187650569891840 281474665078305 281474665078618 281474665078618 281474665078752 0
THREAD 146 (mqmgateway_iot) R 122 122 120 52288 122 4194368 1521 0 0 0 534 239 0 0 20 0 6 0 427 383217664 4069 18446744073709551615 187650569781248 187650569880608 281474665074192 0 0 0 0 4 16386 0 0 0 -1 1 0 0 0 0 0 187650569885920 187650569887776 187650569891840 281474665078305 281474665078618 281474665078618 281474665078752 0
THREAD 147 (mqmgateway_iot) R 122 122 120 52288 122 4194368 1486 0 0 0 569 223 0 0 20 0 6 0 427 383217664 4069 18446744073709551615 187650569781248 187650569880608 281474665074192 0 0 0 0 4 16386 0 0 0 -1 0 0 0 0 0 0 187650569885920 187650569887776 187650569891840 281474665078305 281474665078618 281474665078618 281474665078752 0
THREAD 148 (mqmgateway_iot) S 122 122 120 52288 122 4194368 8 0 2 0 9 7 0 0 20 0 6 0 427 383217664 4101 18446744073709551615 187650569781248 187650569880608 281474665074192 0 0 0 0 4 16386 1 0 0 -1 0 0 0 0 0 0 187650569885920 187650569887776 187650569891840 281474665078305 281474665078618 281474665078618 281474665078752 0
PROCESS 140
140 (mosquitto) R 122 122 120 52288 122 4194560 265 0 0 0 932 1599 0 0 20 0 1 0 321 4313088 605 18446744073709551615 187650666184704 187650666427672 281474056909008 0 0 0 0 4100 18947 0 0 0 17 1 0 0 0 0 0 187650666432768 187650666434728 187650666463232 281474056912650 281474056912734 281474056912734 281474056912868 0
VmHWM:	    2420 kB
VmRSS:	    2420 kB
Threads:	1
THREAD 140 (mosquitto) R 122 122 120 52288 122 4194560 265 0 0 0 933 1601 0 0 20 0 1 0 321 4313088 605 18446744073709551615 187650666184704 187650666427672 281474056909008 0 0 0 18947 4100 18947 0 0 0 17 1 0 0 0 0 0 187650666432768 187650666434728 187650666463232 281474056912650 281474056912734 281474056912734 281474056912868 0
PROCESS 150
150 (mqmgateway_arm6) R 122 122 120 52288 122 4194304 830 0 2 0 915 2145 0 0 20 0 2 0 535 85700608 1981 18446744073709551615 187650405601280 187650405637052 281474809915216 0 0 0 0 6 0 0 0 0 17 0 0 0 0 0 0 187650405640656 187650405642272 187650405646336 281474809917008 281474809917265 281474809917265 281474809917399 0
VmHWM:	    7924 kB
VmRSS:	    7924 kB
Threads:	2
THREAD 150 (mqmgateway_arm6) R 122 122 120 52288 122 4194304 827 0 1 0 278 1229 0 0 20 0 2 0 535 85700608 1981 18446744073709551615 187650405601280 187650405637052 281474809915216 0 0 0 0 6 0 0 0 0 17 0 0 0 0 0 0 187650405640656 187650405642272 187650405646336 281474809917008 281474809917265 281474809917265 281474809917399 0
THREAD 154 (mosquitto loop) R 122 122 120 52288 122 4194368 3 0 1 0 565 993 0 0 20 0 2 0 539 85700608 1981 18446744073709551615 187650405601280 187650405637052 281474809915216 0 0 0 0 6 0 0 0 0 -1 1 0 0 0 0 0 187650405640656 187650405642272 187650405646336 281474809917008 281474809917265 281474809917265 281474809917399 0
SYSTEM cpu  4261 0 5243 1054 3 0 861 0 0 0
MemFree:         1994148 kB
MemAvailable:    1964164 kB
SwapFree:              0 kB
METRICS {"enqueued":210242,"dequeued":210240,"current_depth":2,"peak_depth":101,"rejected":0,"processing_latency_ms":0.307836,"published":210295,"publish_failures":0,"command_timeouts":0,"can_errors":0,"telemetry_qos":1,"mqtt_max_inflight":20,"pipeline_metrics_enabled":true,"can_pipeline":{"frames_read":210243,"parsed":210243,"rejected_frames":0,"read_errors":0,"parse":{"count":210243,"mean_us":6.84276,"max_us":5360.03,"p50_upper_us":4,"p95_upper_us":16,"p99_upper_us":128}},"telemetry_enqueued":210243,"telemetry_dequeued":210240,"telemetry_queue_wait":{"count":210240,"mean_us":306.046,"max_us":23329.1,"p50_upper_us":256,"p95_upper_us":2048,"p99_upper_us":4096},"command_queue_wait":{"count":0,"mean_us":0,"max_us":0,"p50_upper_us":0,"p95_upper_us":0,"p99_upper_us":0},"telemetry_worker_before_publish":{"count":210240,"mean_us":34.2414,"max_us":5669.28,"p50_upper_us":32,"p95_upper_us":128,"p99_upper_us":256},"mqtt_pipeline":{"publish_calls":210295,"publish_accepted":210295,"publish_api_errors":0,"puback_received":60218,"qos0_local_completed":0,"telemetry_accepted":210240,"telemetry_puback_received":60195,"pending_tracked":4096,"pending_peak":4096,"oldest_pending_us":1.00668e+07,"tracking_dropped":145981,"unmatched_callbacks":109786,"tracking_complete":false,"publish_api":{"count":210295,"mean_us":15.5276,"max_us":7831.17,"p50_upper_us":8,"p95_upper_us":64,"p99_upper_us":256},"telemetry_puback":{"count":60195,"mean_us":3.07132e+06,"max_us":1.00662e+07,"p50_upper_us":4.1943e+06,"p95_upper_us":1.00662e+07,"p99_upper_us":1.00662e+07}}}
SAMPLE 63.92
PROCESS 142
142 (mqmgateway_iot) S 122 122 120 52288 122 4194304 3827 0 16 0 2286 2563 0 0 20 0 6 0 422 383217664 4453 18446744073709551615 187650569781248 187650569880608 281474665074192 0 0 0 0 4 16386 0 0 0 17 1 0 0 0 0 0 187650569885920 187650569887776 187650569891840 281474665078305 281474665078618 281474665078618 281474665078752 0
VmHWM:	   17812 kB
VmRSS:	   17812 kB
Threads:	6
THREAD 142 (mqmgateway_iot) S 122 122 120 52288 122 4194304 167 0 14 0 2 4 0 0 20 0 6 0 422 383217664 4453 18446744073709551615 187650569781248 187650569880608 281474665074192 0 0 0 0 4 16386 1 0 0 17 1 0 0 0 0 0 187650569885920 187650569887776 187650569891840 281474665078305 281474665078618 281474665078618 281474665078752 0
THREAD 144 (mosquitto loop) R 122 122 120 52288 122 4194368 8 0 0 0 614 1012 0 0 20 0 6 0 427 383217664 4453 18446744073709551615 187650569781248 187650569880608 281474665074192 0 0 0 0 4 16386 0 0 0 -1 1 0 0 0 0 0 187650569885920 187650569887776 187650569891840 281474665078305 281474665078618 281474665078618 281474665078752 0
THREAD 145 (mqmgateway_iot) R 122 122 120 52288 122 4194368 293 0 0 0 474 970 0 0 20 0 6 0 427 383217664 4453 18446744073709551615 187650569781248 187650569880608 281474665074192 0 0 0 0 4 16386 0 0 0 -1 0 0 0 0 0 0 187650569885920 187650569887776 187650569891840 281474665078305 281474665078618 281474665078618 281474665078752 0
THREAD 146 (mqmgateway_iot) S 122 122 120 52288 122 4194368 1697 0 0 0 608 262 0 0 20 0 6 0 427 383217664 4453 18446744073709551615 187650569781248 187650569880608 281474665074192 0 0 0 0 4 16386 1 0 0 -1 0 0 0 0 0 0 187650569885920 187650569887776 187650569891840 281474665078305 281474665078618 281474665078618 281474665078752 0
THREAD 147 (mqmgateway_iot) S 122 122 120 52288 122 4194368 1674 0 0 0 638 256 0 0 20 0 6 0 427 383217664 4485 18446744073709551615 187650569781248 187650569880608 281474665074192 0 0 0 0 4 16386 1 0 0 -1 0 0 0 0 0 0 187650569885920 187650569887776 187650569891840 281474665078305 281474665078618 281474665078618 281474665078752 0
THREAD 148 (mqmgateway_iot) S 122 122 120 52288 122 4194368 8 0 2 0 10 9 0 0 20 0 6 0 427 383217664 4485 18446744073709551615 187650569781248 187650569880608 281474665074192 0 0 0 0 4 16386 1 0 0 -1 1 0 0 0 0 0 187650569885920 187650569887776 187650569891840 281474665078305 281474665078618 281474665078618 281474665078752 0
PROCESS 140
140 (mosquitto) R 122 122 120 52288 122 4194560 265 0 0 0 1023 1771 0 0 20 0 1 0 321 4313088 605 18446744073709551615 187650666184704 187650666427672 281474056909008 0 0 0 0 4100 18947 0 0 0 17 1 0 0 0 0 0 187650666432768 187650666434728 187650666463232 281474056912650 281474056912734 281474056912734 281474056912868 0
VmHWM:	    2420 kB
VmRSS:	    2420 kB
Threads:	1
THREAD 140 (mosquitto) R 122 122 120 52288 122 4194560 265 0 0 0 1024 1773 0 0 20 0 1 0 321 4313088 605 18446744073709551615 187650666184704 187650666427672 281474056909008 0 0 0 18947 4100 18947 0 0 0 17 1 0 0 0 0 0 187650666432768 187650666434728 187650666463232 281474056912650 281474056912734 281474056912734 281474056912868 0
PROCESS 150
150 (mqmgateway_arm6) R 122 122 120 52288 122 4194304 830 0 2 0 1009 2387 0 0 20 0 2 0 535 85700608 1981 18446744073709551615 187650405601280 187650405637052 281474809915216 0 0 0 0 6 0 0 0 0 17 0 0 0 0 0 0 187650405640656 187650405642272 187650405646336 281474809917008 281474809917265 281474809917265 281474809917399 0
VmHWM:	    7924 kB
VmRSS:	    7924 kB
Threads:	2
THREAD 150 (mqmgateway_arm6) R 122 122 120 52288 122 4194304 827 0 1 0 311 1371 0 0 20 0 2 0 535 85700608 1981 18446744073709551615 187650405601280 187650405637052 281474809915216 0 0 0 0 6 0 0 0 0 17 0 0 0 0 0 0 187650405640656 187650405642272 187650405646336 281474809917008 281474809917265 281474809917265 281474809917399 0
THREAD 154 (mosquitto loop) S 122 122 120 52288 122 4194368 3 0 1 0 624 1095 0 0 20 0 2 0 539 85700608 1981 18446744073709551615 187650405601280 187650405637052 281474809915216 0 0 0 0 6 0 1 0 0 -1 1 0 0 0 0 0 187650405640656 187650405642272 187650405646336 281474809917008 281474809917265 281474809917265 281474809917399 0
SYSTEM cpu  4728 0 5817 1070 3 0 953 0 0 0
MemFree:         1993140 kB
MemAvailable:    1963160 kB
SwapFree:              0 kB
METRICS {"enqueued":234544,"dequeued":234544,"current_depth":0,"peak_depth":101,"rejected":0,"processing_latency_ms":0.299781,"published":234605,"publish_failures":0,"command_timeouts":0,"can_errors":0,"telemetry_qos":1,"mqtt_max_inflight":20,"pipeline_metrics_enabled":true,"can_pipeline":{"frames_read":234544,"parsed":234544,"rejected_frames":0,"read_errors":0,"parse":{"count":234544,"mean_us":7.04076,"max_us":5360.03,"p50_upper_us":4,"p95_upper_us":16,"p99_upper_us":128}},"telemetry_enqueued":234544,"telemetry_dequeued":234544,"telemetry_queue_wait":{"count":234544,"mean_us":297.982,"max_us":23329.1,"p50_upper_us":256,"p95_upper_us":2048,"p99_upper_us":4096},"command_queue_wait":{"count":0,"mean_us":0,"max_us":0,"p50_upper_us":0,"p95_upper_us":0,"p99_upper_us":0},"telemetry_worker_before_publish":{"count":234544,"mean_us":34.6131,"max_us":5669.28,"p50_upper_us":32,"p95_upper_us":128,"p99_upper_us":256},"mqtt_pipeline":{"publish_calls":234605,"publish_accepted":234605,"publish_api_errors":0,"puback_received":62188,"qos0_local_completed":0,"telemetry_accepted":234544,"telemetry_puback_received":62165,"pending_tracked":4096,"pending_peak":4096,"oldest_pending_us":1.14004e+07,"tracking_dropped":168321,"unmatched_callbacks":126781,"tracking_complete":false,"publish_api":{"count":234605,"mean_us":15.6052,"max_us":7831.17,"p50_upper_us":8,"p95_upper_us":64,"p99_upper_us":256},"telemetry_puback":{"count":62165,"mean_us":3.31888e+06,"max_us":1.14031e+07,"p50_upper_us":4.1943e+06,"p95_upper_us":1.14031e+07,"p99_upper_us":1.14031e+07}}}
SAMPLE 69.79
PROCESS 142
142 (mqmgateway_iot) S 122 122 120 52288 122 4194304 3955 0 16 0 2420 2739 0 0 20 0 6 0 422 383217664 4581 18446744073709551615 187650569781248 187650569880608 281474665074192 0 0 0 0 4 16386 0 0 0 17 0 0 0 0 0 0 187650569885920 187650569887776 187650569891840 281474665078305 281474665078618 281474665078618 281474665078752 0
VmHWM:	   18324 kB
VmRSS:	   18324 kB
Threads:	6
THREAD 142 (mqmgateway_iot) S 122 122 120 52288 122 4194304 167 0 14 0 2 5 0 0 20 0 6 0 422 383217664 4581 18446744073709551615 187650569781248 187650569880608 281474665074192 0 0 0 0 4 16386 1 0 0 17 0 0 0 0 0 0 187650569885920 187650569887776 187650569891840 281474665078305 281474665078618 281474665078618 281474665078752 0
THREAD 144 (mosquitto loop) S 122 122 120 52288 122 4194368 9 0 0 0 700 1151 0 0 20 0 6 0 427 383217664 4581 18446744073709551615 187650569781248 187650569880608 281474665074192 0 0 0 0 4 16386 1 0 0 -1 1 0 0 0 0 0 187650569885920 187650569887776 187650569891840 281474665078305 281474665078618 281474665078618 281474665078752 0
THREAD 145 (mqmgateway_iot) S 122 122 120 52288 122 4194368 299 0 0 0 486 991 0 0 20 0 6 0 427 383217664 4581 18446744073709551615 187650569781248 187650569880608 281474665074192 0 0 0 0 4 16386 1 0 0 -1 0 0 0 0 0 0 187650569885920 187650569887776 187650569891840 281474665078305 281474665078618 281474665078618 281474665078752 0
THREAD 146 (mqmgateway_iot) S 122 122 120 52288 122 4194368 1767 0 0 0 618 272 0 0 20 0 6 0 427 383217664 4581 18446744073709551615 187650569781248 187650569880608 281474665074192 0 0 0 0 4 16386 1 0 0 -1 0 0 0 0 0 0 187650569885920 187650569887776 187650569891840 281474665078305 281474665078618 281474665078618 281474665078752 0
THREAD 147 (mqmgateway_iot) S 122 122 120 52288 122 4194368 1705 0 0 0 652 260 0 0 20 0 6 0 427 383217664 4581 18446744073709551615 187650569781248 187650569880608 281474665074192 0 0 0 0 4 16386 1 0 0 -1 0 0 0 0 0 0 187650569885920 187650569887776 187650569891840 281474665078305 281474665078618 281474665078618 281474665078752 0
THREAD 148 (mqmgateway_iot) S 122 122 120 52288 122 4194368 8 0 2 0 10 10 0 0 20 0 6 0 427 383217664 4581 18446744073709551615 187650569781248 187650569880608 281474665074192 0 0 0 0 4 16386 1 0 0 -1 0 0 0 0 0 0 187650569885920 187650569887776 187650569891840 281474665078305 281474665078618 281474665078618 281474665078752 0
PROCESS 140
140 (mosquitto) S 122 122 120 52288 122 4194560 265 0 0 0 1179 2050 0 0 20 0 1 0 321 4313088 605 18446744073709551615 187650666184704 187650666427672 281474056909008 0 0 0 18947 4100 18947 1 0 0 17 1 0 0 0 0 0 187650666432768 187650666434728 187650666463232 281474056912650 281474056912734 281474056912734 281474056912868 0
VmHWM:	    2420 kB
VmRSS:	    2420 kB
Threads:	1
THREAD 140 (mosquitto) R 122 122 120 52288 122 4194560 265 0 0 0 1179 2053 0 0 20 0 1 0 321 4313088 605 18446744073709551615 187650666184704 187650666427672 281474056909008 0 0 0 0 4100 18947 0 0 0 17 1 0 0 0 0 0 187650666432768 187650666434728 187650666463232 281474056912650 281474056912734 281474056912734 281474056912868 0
PROCESS 150
150 (mqmgateway_arm6) S 122 122 120 52288 122 4194304 830 0 2 0 1117 2556 0 0 20 0 2 0 535 85700608 1981 18446744073709551615 187650405601280 187650405637052 281474809915216 0 0 0 0 6 0 0 0 0 17 0 0 0 0 0 0 187650405640656 187650405642272 187650405646336 281474809917008 281474809917265 281474809917265 281474809917399 0
VmHWM:	    7924 kB
VmRSS:	    7924 kB
Threads:	2
THREAD 150 (mqmgateway_arm6) S 122 122 120 52288 122 4194304 827 0 1 0 316 1392 0 0 20 0 2 0 535 85700608 1981 18446744073709551615 187650405601280 187650405637052 281474809915216 0 0 0 0 6 0 1 0 0 17 0 0 0 0 0 0 187650405640656 187650405642272 187650405646336 281474809917008 281474809917265 281474809917265 281474809917399 0
THREAD 154 (mosquitto loop) S 122 122 120 52288 122 4194368 3 0 1 0 717 1250 0 0 20 0 2 0 539 85700608 1981 18446744073709551615 187650405601280 187650405637052 281474809915216 0 0 0 0 6 0 0 0 0 -1 0 0 0 0 0 0 187650405640656 187650405642272 187650405646336 281474809917008 281474809917265 281474809917265 281474809917399 0
SYSTEM cpu  5108 0 6322 1159 3 0 1053 0 0 0
MemFree:         1997432 kB
MemAvailable:    1967460 kB
SwapFree:              0 kB
METRICS {"enqueued":240000,"dequeued":240000,"current_depth":0,"peak_depth":101,"rejected":0,"processing_latency_ms":0.301457,"published":240067,"publish_failures":0,"command_timeouts":0,"can_errors":0,"telemetry_qos":1,"mqtt_max_inflight":20,"pipeline_metrics_enabled":true,"can_pipeline":{"frames_read":240000,"parsed":240000,"rejected_frames":0,"read_errors":0,"parse":{"count":240000,"mean_us":7.06565,"max_us":5360.03,"p50_upper_us":4,"p95_upper_us":16,"p99_upper_us":128}},"telemetry_enqueued":240000,"telemetry_dequeued":240000,"telemetry_queue_wait":{"count":240000,"mean_us":299.664,"max_us":23329.1,"p50_upper_us":256,"p95_upper_us":2048,"p99_upper_us":4096},"command_queue_wait":{"count":0,"mean_us":0,"max_us":0,"p50_upper_us":0,"p95_upper_us":0,"p99_upper_us":0},"telemetry_worker_before_publish":{"count":240000,"mean_us":34.6508,"max_us":5669.28,"p50_upper_us":32,"p95_upper_us":128,"p99_upper_us":256},"mqtt_pipeline":{"publish_calls":240067,"publish_accepted":240067,"publish_api_errors":0,"puback_received":65361,"qos0_local_completed":0,"telemetry_accepted":240000,"telemetry_puback_received":65336,"pending_tracked":2099,"pending_peak":4096,"oldest_pending_us":8.41549e+06,"tracking_dropped":172607,"unmatched_callbacks":159852,"tracking_complete":false,"publish_api":{"count":240067,"mean_us":15.6433,"max_us":7831.17,"p50_upper_us":8,"p95_upper_us":64,"p99_upper_us":256},"telemetry_puback":{"count":65336,"mean_us":3.67426e+06,"max_us":1.18138e+07,"p50_upper_us":4.1943e+06,"p95_upper_us":1.18138e+07,"p99_upper_us":1.18138e+07}}}
