PIDS gateway=142 broker=140 probe=150
CLK_TCK=100 (Linux USER_HZ fallback=100 if getconf unavailable)
SAMPLE 5.30
PROCESS 142
142 (mqmgateway_iot) S 122 122 120 52288 122 4194304 180 0 15 0 3 2 0 0 20 0 6 0 415 181891072 834 18446744073709551615 187650649911296 187650650010656 281474014467840 0 0 0 0 4 16386 0 0 0 17 1 0 0 0 0 0 187650650015968 187650650017824 187650650021888 281474014469665 281474014469978 281474014469978 281474014470112 0
VmHWM:	    3336 kB
VmRSS:	    3336 kB
Threads:	6
THREAD 142 (mqmgateway_iot) S 122 122 120 52288 122 4194304 165 0 13 0 1 2 0 0 20 0 6 0 415 383217664 834 18446744073709551615 187650649911296 187650650010656 281474014467840 0 0 0 0 4 16386 1 0 0 17 1 0 0 0 0 0 187650650015968 187650650017824 187650650021888 281474014469665 281474014469978 281474014469978 281474014470112 0
THREAD 144 (mosquitto loop) S 122 122 120 52288 122 4194368 5 0 0 0 1 1 0 0 20 0 6 0 419 383217664 834 18446744073709551615 187650649911296 187650650010656 281474014467840 0 0 0 0 4 16386 1 0 0 -1 1 0 0 0 0 0 187650650015968 187650650017824 187650650021888 281474014469665 281474014469978 281474014469978 281474014470112 0
THREAD 145 (mqmgateway_iot) S 122 122 120 52288 122 4194368 6 0 0 0 1 0 0 0 20 0 6 0 419 383217664 834 18446744073709551615 187650649911296 187650650010656 281474014467840 0 0 0 0 4 16386 1 0 0 -1 0 0 0 0 0 0 187650650015968 187650650017824 187650650021888 281474014469665 281474014469978 281474014469978 281474014470112 0
THREAD 146 (mqmgateway_iot) S 122 122 120 52288 122 4194368 10 0 0 0 1 0 0 0 20 0 6 0 419 383217664 834 18446744073709551615 187650649911296 187650650010656 281474014467840 0 0 0 0 4 16386 1 0 0 -1 0 0 0 0 0 0 187650650015968 187650650017824 187650650021888 281474014469665 281474014469978 281474014469978 281474014470112 0
THREAD 147 (mqmgateway_iot) S 122 122 120 52288 122 4194368 13 0 0 0 1 0 0 0 20 0 6 0 419 383217664 834 18446744073709551615 187650649911296 187650650010656 281474014467840 0 0 0 0 4 16386 1 0 0 -1 0 0 0 0 0 0 187650650015968 187650650017824 187650650021888 281474014469665 281474014469978 281474014469978 281474014470112 0
THREAD 148 (mqmgateway_iot) S 122 122 120 52288 122 4194368 8 0 2 0 1 0 0 0 20 0 6 0 419 383217664 866 18446744073709551615 187650649911296 187650650010656 281474014467840 0 0 0 0 4 16386 1 0 0 -1 1 0 0 0 0 0 187650650015968 187650650017824 187650650021888 281474014469665 281474014469978 281474014469978 281474014470112 0
PROCESS 140
140 (mosquitto) R 122 122 120 52288 122 4194560 130 0 0 0 4 7 0 0 20 0 1 0 313 3772416 461 18446744073709551615 187650050723840 187650050966808 281473934895264 0 0 0 0 4100 18947 0 0 0 17 1 0 0 0 0 0 187650050971904 187650050973864 187650051002368 281473934896906 281473934896990 281473934896990 281473934897124 0
VmHWM:	    1844 kB
VmRSS:	    1844 kB
Threads:	1
THREAD 140 (mosquitto) R 122 122 120 52288 122 4194560 130 0 0 0 5 9 0 0 20 0 1 0 313 3772416 461 18446744073709551615 187650050723840 187650050966808 281473934895264 0 0 0 18947 4100 18947 0 0 0 17 0 0 0 0 0 0 187650050971904 187650050973864 187650051002368 281473934896906 281473934896990 281473934896990 281473934897124 0
PROCESS 150
150 (mqmgateway_arm6) R 122 122 120 52288 122 4194304 317 0 2 0 7 12 0 0 20 0 2 0 526 85700608 1985 18446744073709551615 187650701631488 187650701667260 281474002489008 0 0 0 0 6 0 0 0 0 17 1 0 0 0 0 0 187650701670864 187650701672480 187650701676544 281474002493007 281474002493265 281474002493265 281474002493399 0
VmHWM:	    7940 kB
VmRSS:	    7940 kB
Threads:	2
THREAD 150 (mqmgateway_arm6) R 122 122 120 52288 122 4194304 315 0 1 0 4 9 0 0 20 0 2 0 526 85700608 1985 18446744073709551615 187650701631488 187650701667260 281474002489008 0 0 0 0 6 0 0 0 0 17 1 0 0 0 0 0 187650701670864 187650701672480 187650701676544 281474002493007 281474002493265 281474002493265 281474002493399 0
THREAD 154 (mosquitto loop) S 122 122 120 52288 122 4194368 2 0 1 0 4 6 0 0 20 0 2 0 530 85700608 1985 18446744073709551615 187650701631488 187650701667260 281474002489008 0 0 0 0 6 0 1 0 0 -1 1 0 0 0 0 0 187650701670864 187650701672480 187650701676544 281474002493007 281474002493265 281474002493265 281474002493399 0
SYSTEM cpu  176 0 135 810 2 0 6 0 0 0
MemFree:          984068 kB
MemAvailable:     954028 kB
SwapFree:              0 kB
METRICS {"enqueued":0,"dequeued":0,"current_depth":0,"peak_depth":0,"rejected":0,"processing_latency_ms":0,"published":3,"publish_failures":0,"command_timeouts":0,"can_errors":0,"telemetry_qos":1,"mqtt_max_inflight":20,"pipeline_metrics_enabled":true,"can_pipeline":{"frames_read":0,"parsed":0,"rejected_frames":0,"read_errors":0,"parse":{"count":0,"mean_us":0,"max_us":0,"p50_upper_us":0,"p95_upper_us":0,"p99_upper_us":0}},"telemetry_enqueued":0,"telemetry_dequeued":0,"telemetry_queue_wait":{"count":0,"mean_us":0,"max_us":0,"p50_upper_us":0,"p95_upper_us":0,"p99_upper_us":0},"command_queue_wait":{"count":0,"mean_us":0,"max_us":0,"p50_upper_us":0,"p95_upper_us":0,"p99_upper_us":0},"telemetry_worker_before_publish":{"count":0,"mean_us":0,"max_us":0,"p50_upper_us":0,"p95_upper_us":0,"p99_upper_us":0},"mqtt_pipeline":{"publish_calls":3,"publish_accepted":3,"publish_api_errors":0,"puback_received":3,"qos0_local_completed":0,"telemetry_accepted":0,"telemetry_puback_received":0,"pending_tracked":0,"pending_peak":1,"oldest_pending_us":0,"tracking_dropped":0,"unmatched_callbacks":0,"tracking_complete":true,"publish_api":{"count":3,"mean_us":289.845,"max_us":647.184,"p50_upper_us":128,"p95_upper_us":647.184,"p99_upper_us":647.184},"telemetry_puback":{"count":0,"mean_us":0,"max_us":0,"p50_upper_us":0,"p95_upper_us":0,"p99_upper_us":0}}}
SAMPLE 11.02
PROCESS 142
142 (mqmgateway_iot) S 122 122 120 52288 122 4194304 631 0 15 0 241 239 0 0 20 0 6 0 415 383217664 1250 18446744073709551615 187650649911296 187650650010656 281474014467840 0 0 0 0 4 16386 0 0 0 17 1 0 0 0 0 0 187650650015968 187650650017824 187650650021888 281474014469665 281474014469978 281474014469978 281474014470112 0
VmHWM:	    5128 kB
VmRSS:	    5128 kB
Threads:	6
THREAD 142 (mqmgateway_iot) S 122 122 120 52288 122 4194304 165 0 13 0 1 2 0 0 20 0 6 0 415 383217664 1282 18446744073709551615 187650649911296 187650650010656 281474014467840 0 0 0 0 4 16386 1 0 0 17 1 0 0 0 0 0 187650650015968 187650650017824 187650650021888 281474014469665 281474014469978 281474014469978 281474014470112 0
THREAD 144 (mosquitto loop) S 122 122 120 52288 122 4194368 5 0 0 0 64 93 0 0 20 0 6 0 419 383217664 1282 18446744073709551615 187650649911296 187650650010656 281474014467840 0 0 0 0 4 16386 1 0 0 -1 1 0 0 0 0 0 187650650015968 187650650017824 187650650021888 281474014469665 281474014469978 281474014469978 281474014470112 0
THREAD 145 (mqmgateway_iot) R 122 122 120 52288 122 4194368 9 0 0 0 50 90 0 0 20 0 6 0 419 383217664 1282 18446744073709551615 187650649911296 187650650010656 281474014467840 0 0 0 0 4 16386 0 0 0 -1 0 0 0 0 0 0 187650650015968 187650650017824 187650650021888 281474014469665 281474014469978 281474014469978 281474014470112 0
THREAD 146 (mqmgateway_iot) S 122 122 120 52288 122 4194368 245 0 0 0 68 21 0 0 20 0 6 0 419 383217664 1282 18446744073709551615 187650649911296 187650650010656 281474014467840 0 0 0 0 4 16386 1 0 0 -1 0 0 0 0 0 0 187650650015968 187650650017824 187650650021888 281474014469665 281474014469978 281474014469978 281474014470112 0
THREAD 147 (mqmgateway_iot) S 122 122 120 52288 122 4194368 221 0 0 0 67 28 0 0 20 0 6 0 419 383217664 1282 18446744073709551615 187650649911296 187650650010656 281474014467840 0 0 0 0 4 16386 1 0 0 -1 1 0 0 0 0 0 187650650015968 187650650017824 187650650021888 281474014469665 281474014469978 281474014469978 281474014470112 0
THREAD 148 (mqmgateway_iot) S 122 122 120 52288 122 4194368 8 0 2 0 1 1 0 0 20 0 6 0 419 383217664 1282 18446744073709551615 187650649911296 187650650010656 281474014467840 0 0 0 0 4 16386 1 0 0 -1 0 0 0 0 0 0 187650650015968 187650650017824 187650650021888 281474014469665 281474014469978 281474014469978 281474014470112 0
PROCESS 140
140 (mosquitto) R 122 122 120 52288 122 4194560 205 0 0 0 99 188 0 0 20 0 1 0 313 4042752 525 18446744073709551615 187650050723840 187650050966808 281473934895264 0 0 0 0 4100 18947 0 0 0 17 1 0 0 0 0 0 187650050971904 187650050973864 187650051002368 281473934896906 281473934896990 281473934896990 281473934897124 0
VmHWM:	    2100 kB
VmRSS:	    2100 kB
Threads:	1
THREAD 140 (mosquitto) R 122 122 120 52288 122 4194560 205 0 0 0 100 191 0 0 20 0 1 0 313 4042752 525 18446744073709551615 187650050723840 187650050966808 281473934895264 0 0 0 18947 4100 18947 0 0 0 17 1 0 0 0 0 0 187650050971904 187650050973864 187650051002368 281473934896906 281473934896990 281473934896990 281473934897124 0
PROCESS 150
150 (mqmgateway_arm6) R 122 122 120 52288 122 4194304 317 0 2 0 115 244 0 0 20 0 2 0 526 85700608 1985 18446744073709551615 187650701631488 187650701667260 281474002489008 0 0 0 0 6 0 0 0 0 17 1 0 0 0 0 0 187650701670864 187650701672480 187650701676544 281474002493007 281474002493265 281474002493265 281474002493399 0
VmHWM:	    7940 kB
VmRSS:	    7940 kB
Threads:	2
THREAD 150 (mqmgateway_arm6) R 122 122 120 52288 122 4194304 315 0 1 0 37 133 0 0 20 0 2 0 526 85700608 1985 18446744073709551615 187650701631488 187650701667260 281474002489008 0 0 0 0 6 0 0 0 0 17 1 0 0 0 0 0 187650701670864 187650701672480 187650701676544 281474002493007 281474002493265 281474002493265 281474002493399 0
THREAD 154 (mosquitto loop) R 122 122 120 52288 122 4194368 2 0 1 0 68 125 0 0 20 0 2 0 530 85700608 1985 18446744073709551615 187650701631488 187650701667260 281474002489008 0 0 0 0 6 0 0 0 0 -1 0 0 0 0 0 0 187650701670864 187650701672480 187650701676544 281474002493007 281474002493265 281474002493265 281474002493399 0
SYSTEM cpu  636 0 680 832 2 0 92 0 0 0
MemFree:          982100 kB
MemAvailable:     952064 kB
SwapFree:              0 kB
METRICS {"enqueued":24249,"dequeued":24249,"current_depth":0,"peak_depth":50,"rejected":0,"processing_latency_ms":0.371708,"published":24258,"publish_failures":0,"command_timeouts":0,"can_errors":0,"telemetry_qos":1,"mqtt_max_inflight":20,"pipeline_metrics_enabled":true,"can_pipeline":{"frames_read":24249,"parsed":24249,"rejected_frames":0,"read_errors":0,"parse":{"count":24249,"mean_us":6.31226,"max_us":2473.79,"p50_upper_us":4,"p95_upper_us":16,"p99_upper_us":128}},"telemetry_enqueued":24249,"telemetry_dequeued":24249,"telemetry_queue_wait":{"count":24249,"mean_us":369.688,"max_us":8544.38,"p50_upper_us":256,"p95_upper_us":2048,"p99_upper_us":4096},"command_queue_wait":{"count":0,"mean_us":0,"max_us":0,"p50_upper_us":0,"p95_upper_us":0,"p99_upper_us":0},"telemetry_worker_before_publish":{"count":24249,"mean_us":34.419,"max_us":3127.52,"p50_upper_us":32,"p95_upper_us":128,"p99_upper_us":256},"mqtt_pipeline":{"publish_calls":24258,"publish_accepted":24258,"publish_api_errors":0,"puback_received":19237,"qos0_local_completed":0,"telemetry_accepted":24249,"telemetry_puback_received":19230,"pending_tracked":4096,"pending_peak":4096,"oldest_pending_us":1.25639e+06,"tracking_dropped":925,"unmatched_callbacks":0,"tracking_complete":false,"publish_api":{"count":24258,"mean_us":18.5281,"max_us":7448.19,"p50_upper_us":8,"p95_upper_us":64,"p99_upper_us":256},"telemetry_puback":{"count":19230,"mean_us":503368,"max_us":1.25453e+06,"p50_upper_us":524288,"p95_upper_us":1.25453e+06,"p99_upper_us":1.25453e+06}}}
SAMPLE 16.78
PROCESS 142
142 (mqmgateway_iot) S 122 122 120 52288 122 4194304 1003 0 15 0 480 502 0 0 20 0 6 0 415 383217664 1634 18446744073709551615 187650649911296 187650650010656 281474014467840 0 0 0 0 4 16386 0 0 0 17 1 0 0 0 0 0 187650650015968 187650650017824 187650650021888 281474014469665 281474014469978 281474014469978 281474014470112 0
VmHWM:	    6536 kB
VmRSS:	    6536 kB
Threads:	6
THREAD 142 (mqmgateway_iot) S 122 122 120 52288 122 4194304 165 0 13 0 2 2 0 0 20 0 6 0 415 383217664 1634 18446744073709551615 187650649911296 187650650010656 281474014467840 0 0 0 0 4 16386 1 0 0 17 1 0 0 0 0 0 187650650015968 187650650017824 187650650021888 281474014469665 281474014469978 281474014469978 281474014470112 0
THREAD 144 (mosquitto loop) S 122 122 120 52288 122 4194368 5 0 0 0 116 192 0 0 20 0 6 0 419 383217664 1634 18446744073709551615 187650649911296 187650650010656 281474014467840 0 0 0 0 4 16386 1 0 0 -1 1 0 0 0 0 0 187650650015968 187650650017824 187650650021888 281474014469665 281474014469978 281474014469978 281474014470112 0
THREAD 145 (mqmgateway_iot) R 122 122 120 52288 122 4194368 13 0 0 0 104 195 0 0 20 0 6 0 419 383217664 1634 18446744073709551615 187650649911296 187650650010656 281474014467840 0 0 0 0 4 16386 0 0 0 -1 0 0 0 0 0 0 187650650015968 187650650017824 187650650021888 281474014469665 281474014469978 281474014469978 281474014470112 0
THREAD 146 (mqmgateway_iot) R 122 122 120 52288 122 4194368 440 0 0 0 134 52 0 0 20 0 6 0 419 383217664 1666 18446744073709551615 187650649911296 187650650010656 281474014467840 0 0 0 0 4 16386 0 0 0 -1 0 0 0 0 0 0 187650650015968 187650650017824 187650650021888 281474014469665 281474014469978 281474014469978 281474014470112 0
THREAD 147 (mqmgateway_iot) R 122 122 120 52288 122 4194368 403 0 0 0 138 56 0 0 20 0 6 0 419 383217664 1666 18446744073709551615 187650649911296 187650650010656 281474014467840 0 0 0 0 4 16386 0 0 0 -1 0 0 0 0 0 0 187650650015968 187650650017824 187650650021888 281474014469665 281474014469978 281474014469978 281474014470112 0
THREAD 148 (mqmgateway_iot) S 122 122 120 52288 122 4194368 8 0 2 0 2 2 0 0 20 0 6 0 419 383217664 1666 18446744073709551615 187650649911296 187650650010656 281474014467840 0 0 0 0 4 16386 1 0 0 -1 0 0 0 0 0 0 187650650015968 187650650017824 187650650021888 281474014469665 281474014469978 281474014469978 281474014470112 0
PROCESS 140
140 (mosquitto) R 122 122 120 52288 122 4194560 245 0 0 0 191 359 0 0 20 0 1 0 313 4177920 557 18446744073709551615 187650050723840 187650050966808 281473934895264 0 0 0 0 4100 18947 0 0 0 17 1 0 0 0 0 0 187650050971904 187650050973864 187650051002368 281473934896906 281473934896990 281473934896990 281473934897124 0
VmHWM:	    2228 kB
VmRSS:	    2228 kB
Threads:	1
THREAD 140 (mosquitto) R 122 122 120 52288 122 4194560 245 0 0 0 192 362 0 0 20 0 1 0 313 4177920 557 18446744073709551615 187650050723840 187650050966808 281473934895264 0 0 0 0 4100 18947 0 0 0 17 1 0 0 0 0 0 187650050971904 187650050973864 187650051002368 281473934896906 281473934896990 281473934896990 281473934897124 0
PROCESS 150
150 (mqmgateway_arm6) S 122 122 120 52288 122 4194304 317 0 2 0 221 473 0 0 20 0 2 0 526 85700608 1985 18446744073709551615 187650701631488 187650701667260 281474002489008 0 0 0 0 6 0 0 0 0 17 0 0 0 0 0 0 187650701670864 187650701672480 187650701676544 281474002493007 281474002493265 281474002493265 281474002493399 0
VmHWM:	    7940 kB
VmRSS:	    7940 kB
Threads:	2
THREAD 150 (mqmgateway_arm6) R 122 122 120 52288 122 4194304 315 0 1 0 65 278 0 0 20 0 2 0 526 85700608 1985 18446744073709551615 187650701631488 187650701667260 281474002489008 0 0 0 0 6 0 0 0 0 17 0 0 0 0 0 0 187650701670864 187650701672480 187650701676544 281474002493007 281474002493265 281474002493265 281474002493399 0
THREAD 154 (mosquitto loop) R 122 122 120 52288 122 4194368 2 0 1 0 129 227 0 0 20 0 2 0 530 85700608 1985 18446744073709551615 187650701631488 187650701667260 281474002489008 0 0 0 0 6 0 0 0 0 -1 1 0 0 0 0 0 187650701670864 187650701672480 187650701676544 281474002493007 281474002493265 281474002493265 281474002493399 0
SYSTEM cpu  1108 0 1243 844 2 0 164 0 0 0
MemFree:          980036 kB
MemAvailable:     950004 kB
SwapFree:              0 kB
METRICS {"enqueued":48515,"dequeued":48515,"current_depth":0,"peak_depth":50,"rejected":0,"processing_latency_ms":0.294779,"published":48530,"publish_failures":0,"command_timeouts":0,"can_errors":0,"telemetry_qos":1,"mqtt_max_inflight":20,"pipeline_metrics_enabled":true,"can_pipeline":{"frames_read":48515,"parsed":48515,"rejected_frames":0,"read_errors":0,"parse":{"count":48515,"mean_us":7.03425,"max_us":2473.79,"p50_upper_us":4,"p95_upper_us":16,"p99_upper_us":128}},"telemetry_enqueued":48515,"telemetry_dequeued":48515,"telemetry_queue_wait":{"count":48515,"mean_us":292.853,"max_us":8544.38,"p50_upper_us":256,"p95_upper_us":2048,"p99_upper_us":4096},"command_queue_wait":{"count":0,"mean_us":0,"max_us":0,"p50_upper_us":0,"p95_upper_us":0,"p99_upper_us":0},"telemetry_worker_before_publish":{"count":48515,"mean_us":36.0578,"max_us":5565.89,"p50_upper_us":32,"p95_upper_us":128,"p99_upper_us":256},"mqtt_pipeline":{"publish_calls":48530,"publish_accepted":48530,"publish_api_errors":0,"puback_received":31848,"qos0_local_completed":0,"telemetry_accepted":48515,"telemetry_puback_received":31838,"pending_tracked":4088,"pending_peak":4096,"oldest_pending_us":2.51293e+06,"tracking_dropped":12594,"unmatched_callbacks":6628,"tracking_complete":false,"publish_api":{"count":48530,"mean_us":17.4056,"max_us":7448.19,"p50_upper_us":8,"p95_upper_us":64,"p99_upper_us":256},"telemetry_puback":{"count":31838,"mean_us":988194,"max_us":2.51472e+06,"p50_upper_us":1.04858e+06,"p95_upper_us":2.51472e+06,"p99_upper_us":2.51472e+06}}}
SAMPLE 22.66
PROCESS 142
142 (mqmgateway_iot) S 122 122 120 52288 122 4194304 1366 0 15 0 717 745 0 0 20 0 6 0 415 383217664 2018 18446744073709551615 187650649911296 187650650010656 281474014467840 0 0 0 0 4 16386 0 0 0 17 1 0 0 0 0 0 187650650015968 187650650017824 187650650021888 281474014469665 281474014469978 281474014469978 281474014470112 0
VmHWM:	    8072 kB
VmRSS:	    8072 kB
Threads:	6
THREAD 142 (mqmgateway_iot) S 122 122 120 52288 122 4194304 165 0 13 0 2 2 0 0 20 0 6 0 415 383217664 2018 18446744073709551615 187650649911296 187650650010656 281474014467840 0 0 0 0 4 16386 1 0 0 17 1 0 0 0 0 0 187650650015968 187650650017824 187650650021888 281474014469665 281474014469978 281474014469978 281474014470112 0
THREAD 144 (mosquitto loop) R 122 122 120 52288 122 4194368 5 0 0 0 175 290 0 0 20 0 6 0 419 383217664 2018 18446744073709551615 187650649911296 187650650010656 281474014467840 0 0 0 0 4 16386 0 0 0 -1 0 0 0 0 0 0 187650650015968 187650650017824 187650650021888 281474014469665 281474014469978 281474014469978 281474014470112 0
THREAD 145 (mqmgateway_iot) R 122 122 120 52288 122 4194368 17 0 0 0 161 274 0 0 20 0 6 0 419 383217664 2018 18446744073709551615 187650649911296 187650650010656 281474014467840 0 0 0 0 4 16386 0 0 0 -1 1 0 0 0 0 0 187650650015968 187650650017824 187650650021888 281474014469665 281474014469978 281474014469978 281474014470112 0
THREAD 146 (mqmgateway_iot) S 122 122 120 52288 122 4194368 561 0 0 0 195 79 0 0 20 0 6 0 419 383217664 2018 18446744073709551615 187650649911296 187650650010656 281474014467840 0 0 0 0 4 16386 1 0 0 -1 1 0 0 0 0 0 187650650015968 187650650017824 187650650021888 281474014469665 281474014469978 281474014469978 281474014470112 0
THREAD 147 (mqmgateway_iot) S 122 122 120 52288 122 4194368 619 0 0 0 207 78 0 0 20 0 6 0 419 383217664 2018 18446744073709551615 187650649911296 187650650010656 281474014467840 0 0 0 0 4 16386 1 0 0 -1 1 0 0 0 0 0 187650650015968 187650650017824 187650650021888 281474014469665 281474014469978 281474014469978 281474014470112 0
THREAD 148 (mqmgateway_iot) S 122 122 120 52288 122 4194368 8 0 2 0 2 3 0 0 20 0 6 0 419 383217664 2018 18446744073709551615 187650649911296 187650650010656 281474014467840 0 0 0 0 4 16386 1 0 0 -1 1 0 0 0 0 0 187650650015968 187650650017824 187650650021888 281474014469665 281474014469978 281474014469978 281474014470112 0
PROCESS 140
140 (mosquitto) R 122 122 120 52288 122 4194560 245 0 0 0 289 548 0 0 20 0 1 0 313 4177920 557 18446744073709551615 187650050723840 187650050966808 281473934895264 0 0 0 18947 4100 18947 0 0 0 17 0 0 0 0 0 0 187650050971904 187650050973864 187650051002368 281473934896906 281473934896990 281473934896990 281473934897124 0
VmHWM:	    2228 kB
VmRSS:	    2228 kB
Threads:	1
THREAD 140 (mosquitto) R 122 122 120 52288 122 4194560 245 0 0 0 290 550 0 0 20 0 1 0 313 4177920 557 18446744073709551615 187650050723840 187650050966808 281473934895264 0 0 0 0 4100 18947 0 0 0 17 0 0 0 0 0 0 187650050971904 187650050973864 187650051002368 281473934896906 281473934896990 281473934896990 281473934897124 0
PROCESS 150
150 (mqmgateway_arm6) R 122 122 120 52288 122 4194304 317 0 2 0 335 695 0 0 20 0 2 0 526 85700608 1985 18446744073709551615 187650701631488 187650701667260 281474002489008 0 0 0 0 6 0 0 0 0 17 1 0 0 0 0 0 187650701670864 187650701672480 187650701676544 281474002493007 281474002493265 281474002493265 281474002493399 0
VmHWM:	    7940 kB
VmRSS:	    7940 kB
Threads:	2
THREAD 150 (mqmgateway_arm6) R 122 122 120 52288 122 4194304 315 0 1 0 89 403 0 0 20 0 2 0 526 85700608 1985 18446744073709551615 187650701631488 187650701667260 281474002489008 0 0 0 0 6 0 0 0 0 17 1 0 0 0 0 0 187650701670864 187650701672480 187650701676544 281474002493007 281474002493265 281474002493265 281474002493399 0
THREAD 154 (mosquitto loop) R 122 122 120 52288 122 4194368 2 0 1 0 201 341 0 0 20 0 2 0 530 85700608 1985 18446744073709551615 187650701631488 187650701667260 281474002489008 0 0 0 0 6 0 0 0 0 -1 0 0 0 0 0 0 187650701670864 187650701672480 187650701676544 281474002493007 281474002493265 281474002493265 281474002493399 0
SYSTEM cpu  1576 0 1774 870 2 0 266 0 0 0
MemFree:          978776 kB
MemAvailable:     948748 kB
SwapFree:              0 kB
METRICS {"enqueued":68748,"dequeued":68742,"current_depth":6,"peak_depth":50,"rejected":0,"processing_latency_ms":0.306858,"published":68762,"publish_failures":0,"command_timeouts":0,"can_errors":0,"telemetry_qos":1,"mqtt_max_inflight":20,"pipeline_metrics_enabled":true,"can_pipeline":{"frames_read":68748,"parsed":68748,"rejected_frames":0,"read_errors":0,"parse":{"count":68748,"mean_us":6.90739,"max_us":2473.79,"p50_upper_us":4,"p95_upper_us":16,"p99_upper_us":128}},"telemetry_enqueued":68748,"telemetry_dequeued":68744,"telemetry_queue_wait":{"count":68744,"mean_us":304.995,"max_us":8544.38,"p50_upper_us":256,"p95_upper_us":2048,"p99_upper_us":4096},"command_queue_wait":{"count":0,"mean_us":0,"max_us":0,"p50_upper_us":0,"p95_upper_us":0,"p99_upper_us":0},"telemetry_worker_before_publish":{"count":68743,"mean_us":36.2303,"max_us":5641.17,"p50_upper_us":32,"p95_upper_us":128,"p99_upper_us":512},"mqtt_pipeline":{"publish_calls":68762,"publish_accepted":68762,"publish_api_errors":0,"puback_received":38804,"qos0_local_completed":0,"telemetry_accepted":68742,"telemetry_puback_received":38793,"pending_tracked":4096,"pending_peak":4096,"oldest_pending_us":3.35409e+06,"tracking_dropped":25862,"unmatched_callbacks":16534,"tracking_complete":false,"publish_api":{"count":68762,"mean_us":17.5978,"max_us":7448.19,"p50_upper_us":8,"p95_upper_us":64,"p99_upper_us":256},"telemetry_puback":{"count":38793,"mean_us":1.32658e+06,"max_us":3.35301e+06,"p50_upper_us":2.09715e+06,"p95_upper_us":3.35301e+06,"p99_upper_us":3.35301e+06}}}
SAMPLE 28.43
PROCESS 142
142 (mqmgateway_iot) S 122 122 120 52288 122 4194304 1682 0 15 0 966 1021 0 0 20 0 6 0 415 383217664 2338 18446744073709551615 187650649911296 187650650010656 281474014467840 0 0 0 0 4 16386 0 0 0 17 1 0 0 0 0 0 187650650015968 187650650017824 187650650021888 281474014469665 281474014469978 281474014469978 281474014470112 0
VmHWM:	    9352 kB
VmRSS:	    9352 kB
Threads:	6
THREAD 142 (mqmgateway_iot) S 122 122 120 52288 122 4194304 165 0 13 0 2 2 0 0 20 0 6 0 415 383217664 2338 18446744073709551615 187650649911296 187650650010656 281474014467840 0 0 0 0 4 16386 1 0 0 17 1 0 0 0 0 0 187650650015968 187650650017824 187650650021888 281474014469665 281474014469978 281474014469978 281474014470112 0
THREAD 144 (mosquitto loop) S 122 122 120 52288 122 4194368 6 0 0 0 227 387 0 0 20 0 6 0 419 383217664 2338 18446744073709551615 187650649911296 187650650010656 281474014467840 0 0 0 0 4 16386 1 0 0 -1 0 0 0 0 0 0 187650650015968 187650650017824 187650650021888 281474014469665 281474014469978 281474014469978 281474014470112 0
THREAD 145 (mqmgateway_iot) R 122 122 120 52288 122 4194368 20 0 0 0 214 394 0 0 20 0 6 0 419 383217664 2338 18446744073709551615 187650649911296 187650650010656 281474014467840 0 0 0 0 4 16386 0 0 0 -1 1 0 0 0 0 0 187650650015968 187650650017824 187650650021888 281474014469665 281474014469978 281474014469978 281474014470112 0
THREAD 146 (mqmgateway_iot) R 122 122 120 52288 122 4194368 770 0 0 0 263 113 0 0 20 0 6 0 419 383217664 2338 18446744073709551615 187650649911296 187650650010656 281474014467840 0 0 0 0 4 16386 0 0 0 -1 1 0 0 0 0 0 187650650015968 187650650017824 187650650021888 281474014469665 281474014469978 281474014469978 281474014470112 0
THREAD 147 (mqmgateway_iot) R 122 122 120 52288 122 4194368 732 0 0 0 283 104 0 0 20 0 6 0 419 383217664 2338 18446744073709551615 187650649911296 187650650010656 281474014467840 0 0 0 0 4 16386 0 0 0 -1 1 0 0 0 0 0 187650650015968 187650650017824 187650650021888 281474014469665 281474014469978 281474014469978 281474014470112 0
THREAD 148 (mqmgateway_iot) S 122 122 120 52288 122 4194368 8 0 2 0 2 5 0 0 20 0 6 0 419 383217664 2338 18446744073709551615 187650649911296 187650650010656 281474014467840 0 0 0 0 4 16386 1 0 0 -1 0 0 0 0 0 0 187650650015968 187650650017824 187650650021888 281474014469665 281474014469978 281474014469978 281474014470112 0
PROCESS 140
140 (mosquitto) R 122 122 120 52288 122 4194560 245 0 0 0 379 706 0 0 20 0 1 0 313 4177920 557 18446744073709551615 187650050723840 187650050966808 281473934895264 0 0 0 18947 4100 18947 0 0 0 17 0 0 0 0 0 0 187650050971904 187650050973864 187650051002368 281473934896906 281473934896990 281473934896990 281473934897124 0
VmHWM:	    2228 kB
VmRSS:	    2228 kB
Threads:	1
THREAD 140 (mosquitto) R 122 122 120 52288 122 4194560 245 0 0 0 380 709 0 0 20 0 1 0 313 4177920 557 18446744073709551615 187650050723840 187650050966808 281473934895264 0 0 0 18947 4100 18947 0 0 0 17 0 0 0 0 0 0 187650050971904 187650050973864 187650051002368 281473934896906 281473934896990 281473934896990 281473934897124 0
PROCESS 150
150 (mqmgateway_arm6) R 122 122 120 52288 122 4194304 317 0 2 0 439 926 0 0 20 0 2 0 526 85700608 1985 18446744073709551615 187650701631488 187650701667260 281474002489008 0 0 0 0 6 0 0 0 0 17 1 0 0 0 0 0 187650701670864 187650701672480 187650701676544 281474002493007 281474002493265 281474002493265 281474002493399 0
VmHWM:	    7940 kB
VmRSS:	    7940 kB
Threads:	2
THREAD 150 (mqmgateway_arm6) S 122 122 120 52288 122 4194304 315 0 1 0 109 560 0 0 20 0 2 0 526 85700608 1985 18446744073709551615 187650701631488 187650701667260 281474002489008 0 0 0 0 6 0 1 0 0 17 1 0 0 0 0 0 187650701670864 187650701672480 187650701676544 281474002493007 281474002493265 281474002493265 281474002493399 0
THREAD 154 (mosquitto loop) S 122 122 120 52288 122 4194368 2 0 1 0 262 440 0 0 20 0 2 0 530 85700608 1985 18446744073709551615 187650701631488 187650701667260 281474002489008 0 0 0 0 6 0 1 0 0 -1 0 0 0 0 0 0 187650701670864 187650701672480 187650701676544 281474002493007 281474002493265 281474002493265 281474002493399 0
SYSTEM cpu  2053 0 2356 878 2 0 325 0 0 0
MemFree:          974176 kB
MemAvailable:     944156 kB
SwapFree:              0 kB
METRICS {"enqueued":93058,"dequeued":93058,"current_depth":0,"peak_depth":50,"rejected":0,"processing_latency_ms":0.273664,"published":93084,"publish_failures":0,"command_timeouts":0,"can_errors":0,"telemetry_qos":1,"mqtt_max_inflight":20,"pipeline_metrics_enabled":true,"can_pipeline":{"frames_read":93065,"parsed":93065,"rejected_frames":0,"read_errors":0,"parse":{"count":93065,"mean_us":7.34693,"max_us":4246.72,"p50_upper_us":4,"p95_upper_us":16,"p99_upper_us":128}},"telemetry_enqueued":93065,"telemetry_dequeued":93059,"telemetry_queue_wait":{"count":93059,"mean_us":271.777,"max_us":8544.38,"p50_upper_us":256,"p95_upper_us":1024,"p99_upper_us":4096},"command_queue_wait":{"count":0,"mean_us":0,"max_us":0,"p50_upper_us":0,"p95_upper_us":0,"p99_upper_us":0},"telemetry_worker_before_publish":{"count":93059,"mean_us":36.6129,"max_us":5641.17,"p50_upper_us":32,"p95_upper_us":128,"p99_upper_us":512},"mqtt_pipeline":{"publish_calls":93085,"publish_accepted":93085,"publish_api_errors":0,"puback_received":44361,"qos0_local_completed":0,"telemetry_accepted":93059,"telemetry_puback_received":44349,"pending_tracked":4096,"pending_peak":4096,"oldest_pending_us":4.36989e+06,"tracking_dropped":44628,"unmatched_callbacks":31243,"tracking_complete":false,"publish_api":{"count":93085,"mean_us":17.2734,"max_us":7448.19,"p50_upper_us":8,"p95_upper_us":64,"p99_upper_us":256},"telemetry_puback":{"count":44349,"mean_us":1.64738e+06,"max_us":4.36718e+06,"p50_upper_us":2.09715e+06,"p95_upper_us":4.1943e+06,"p99_upper_us":4.36718e+06}}}
SAMPLE 34.29
PROCESS 142
142 (mqmgateway_iot) S 122 122 120 52288 122 4194304 1980 0 15 0 1199 1283 0 0 20 0 6 0 415 383217664 2626 18446744073709551615 187650649911296 187650650010656 281474014467840 0 0 0 0 4 16386 0 0 0 17 1 0 0 0 0 0 187650650015968 187650650017824 187650650021888 281474014469665 281474014469978 281474014469978 281474014470112 0
VmHWM:	   10504 kB
VmRSS:	   10504 kB
Threads:	6
THREAD 142 (mqmgateway_iot) S 122 122 120 52288 122 4194304 165 0 13 0 2 3 0 0 20 0 6 0 415 383217664 2626 18446744073709551615 187650649911296 187650650010656 281474014467840 0 0 0 0 4 16386 1 0 0 17 1 0 0 0 0 0 187650650015968 187650650017824 187650650021888 281474014469665 281474014469978 281474014469978 281474014470112 0
THREAD 144 (mosquitto loop) R 122 122 120 52288 122 4194368 6 0 0 0 285 483 0 0 20 0 6 0 419 383217664 2626 18446744073709551615 187650649911296 187650650010656 281474014467840 0 0 0 0 4 16386 0 0 0 -1 1 0 0 0 0 0 187650650015968 187650650017824 187650650021888 281474014469665 281474014469978 281474014469978 281474014470112 0
THREAD 145 (mqmgateway_iot) S 122 122 120 52288 122 4194368 23 0 0 0 264 499 0 0 20 0 6 0 419 383217664 2626 18446744073709551615 187650649911296 187650650010656 281474014467840 0 0 0 0 4 16386 1 0 0 -1 1 0 0 0 0 0 187650650015968 187650650017824 187650650021888 281474014469665 281474014469978 281474014469978 281474014470112 0
THREAD 146 (mqmgateway_iot) S 122 122 120 52288 122 4194368 921 0 0 0 324 141 0 0 20 0 6 0 419 383217664 2626 18446744073709551615 187650649911296 187650650010656 281474014467840 0 0 0 0 4 16386 1 0 0 -1 1 0 0 0 0 0 187650650015968 187650650017824 187650650021888 281474014469665 281474014469978 281474014469978 281474014470112 0
THREAD 147 (mqmgateway_iot) S 122 122 120 52288 122 4194368 872 0 0 0 350 129 0 0 20 0 6 0 419 383217664 2626 18446744073709551615 187650649911296 187650650010656 281474014467840 0 0 0 0 4 16386 1 0 0 -1 1 0 0 0 0 0 187650650015968 187650650017824 187650650021888 281474014469665 281474014469978 281474014469978 281474014470112 0
THREAD 148 (mqmgateway_iot) S 122 122 120 52288 122 4194368 8 0 2 0 3 6 0 0 20 0 6 0 419 383217664 2626 18446744073709551615 187650649911296 187650650010656 281474014467840 0 0 0 0 4 16386 1 0 0 -1 1 0 0 0 0 0 187650650015968 187650650017824 187650650021888 281474014469665 281474014469978 281474014469978 281474014470112 0
PROCESS 140
140 (mosquitto) R 122 122 120 52288 122 4194560 245 0 0 0 470 876 0 0 20 0 1 0 313 4177920 557 18446744073709551615 187650050723840 187650050966808 281473934895264 0 0 0 0 4100 18947 0 0 0 17 1 0 0 0 0 0 187650050971904 187650050973864 187650051002368 281473934896906 281473934896990 281473934896990 281473934897124 0
VmHWM:	    2228 kB
VmRSS:	    2228 kB
Threads:	1
THREAD 140 (mosquitto) R 122 122 120 52288 122 4194560 245 0 0 0 470 879 0 0 20 0 1 0 313 4177920 557 18446744073709551615 187650050723840 187650050966808 281473934895264 0 0 0 0 4100 18947 0 0 0 17 1 0 0 0 0 0 187650050971904 187650050973864 187650051002368 281473934896906 281473934896990 281473934896990 281473934897124 0
PROCESS 150
150 (mqmgateway_arm6) S 122 122 120 52288 122 4194304 317 0 2 0 555 1153 0 0 20 0 2 0 526 85700608 1985 18446744073709551615 187650701631488 187650701667260 281474002489008 0 0 0 0 6 0 0 0 0 17 0 0 0 0 0 0 187650701670864 187650701672480 187650701676544 281474002493007 281474002493265 281474002493265 281474002493399 0
VmHWM:	    7940 kB
VmRSS:	    7940 kB
Threads:	2
THREAD 150 (mqmgateway_arm6) R 122 122 120 52288 122 4194304 315 0 1 0 148 692 0 0 20 0 2 0 526 85700608 1985 18446744073709551615 187650701631488 187650701667260 281474002489008 0 0 0 0 6 0 0 0 0 17 0 0 0 0 0 0 187650701670864 187650701672480 187650701676544 281474002493007 281474002493265 281474002493265 281474002493399 0
THREAD 154 (mosquitto loop) S 122 122 120 52288 122 4194368 2 0 1 0 327 546 0 0 20 0 2 0 530 85700608 1985 18446744073709551615 187650701631488 187650701667260 281474002489008 0 0 0 0 6 0 1 0 0 -1 1 0 0 0 0 0 187650701670864 187650701672480 187650701676544 281474002493007 281474002493265 281474002493265 281474002493399 0
SYSTEM cpu  2505 0 2908 905 2 0 390 0 0 0
MemFree:          974176 kB
MemAvailable:     944160 kB
SwapFree:              0 kB
METRICS {"enqueued":117429,"dequeued":117429,"current_depth":0,"peak_depth":50,"rejected":0,"processing_latency_ms":0.268554,"published":117461,"publish_failures":0,"command_timeouts":0,"can_errors":0,"telemetry_qos":1,"mqtt_max_inflight":20,"pipeline_metrics_enabled":true,"can_pipeline":{"frames_read":117429,"parsed":117429,"rejected_frames":0,"read_errors":0,"parse":{"count":117429,"mean_us":7.21828,"max_us":4246.72,"p50_upper_us":4,"p95_upper_us":16,"p99_upper_us":128}},"telemetry_enqueued":117429,"telemetry_dequeued":117429,"telemetry_queue_wait":{"count":117429,"mean_us":266.706,"max_us":8544.38,"p50_upper_us":256,"p95_upper_us":1024,"p99_upper_us":4096},"command_queue_wait":{"count":0,"mean_us":0,"max_us":0,"p50_upper_us":0,"p95_upper_us":0,"p99_upper_us":0},"telemetry_worker_before_publish":{"count":117429,"mean_us":36.2551,"max_us":5641.17,"p50_upper_us":32,"p95_upper_us":128,"p99_upper_us":256},"mqtt_pipeline":{"publish_calls":117461,"publish_accepted":117461,"publish_api_errors":0,"puback_received":49099,"qos0_local_completed":0,"telemetry_accepted":117429,"telemetry_puback_received":49085,"pending_tracked":4096,"pending_peak":4096,"oldest_pending_us":5.32502e+06,"tracking_dropped":64266,"unmatched_callbacks":47038,"tracking_complete":false,"publish_api":{"count":117461,"mean_us":16.5763,"max_us":7448.19,"p50_upper_us":8,"p95_upper_us":64,"p99_upper_us":256},"telemetry_puback":{"count":49085,"mean_us":1.95628e+06,"max_us":5.33186e+06,"p50_upper_us":2.09715e+06,"p95_upper_us":5.33186e+06,"p99_upper_us":5.33186e+06}}}
SAMPLE 40.07
PROCESS 142
142 (mqmgateway_iot) S 122 122 120 52288 122 4194304 2323 0 15 0 1432 1534 0 0 20 0 6 0 415 383217664 2946 18446744073709551615 187650649911296 187650650010656 281474014467840 0 0 0 0 4 16386 0 0 0 17 1 0 0 0 0 0 187650650015968 187650650017824 187650650021888 281474014469665 281474014469978 281474014469978 281474014470112 0
VmHWM:	   11784 kB
VmRSS:	   11784 kB
Threads:	6
THREAD 142 (mqmgateway_iot) S 122 122 120 52288 122 4194304 165 0 13 0 2 3 0 0 20 0 6 0 415 383217664 2978 18446744073709551615 187650649911296 187650650010656 281474014467840 0 0 0 0 4 16386 1 0 0 17 1 0 0 0 0 0 187650650015968 187650650017824 187650650021888 281474014469665 281474014469978 281474014469978 281474014470112 0
THREAD 144 (mosquitto loop) R 122 122 120 52288 122 4194368 6 0 0 0 350 578 0 0 20 0 6 0 419 383217664 2978 18446744073709551615 187650649911296 187650650010656 281474014467840 0 0 0 0 4 16386 0 0 0 -1 1 0 0 0 0 0 187650650015968 187650650017824 187650650021888 281474014469665 281474014469978 281474014469978 281474014470112 0
THREAD 145 (mqmgateway_iot) S 122 122 120 52288 122 4194368 27 0 0 0 311 596 0 0 20 0 6 0 419 383217664 2978 18446744073709551615 187650649911296 187650650010656 281474014467840 0 0 0 0 4 16386 1 0 0 -1 0 0 0 0 0 0 187650650015968 187650650017824 187650650021888 281474014469665 281474014469978 281474014469978 281474014470112 0
THREAD 146 (mqmgateway_iot) S 122 122 120 52288 122 4194368 1128 0 0 0 387 168 0 0 20 0 6 0 419 383217664 2978 18446744073709551615 187650649911296 187650650010656 281474014467840 0 0 0 0 4 16386 1 0 0 -1 1 0 0 0 0 0 187650650015968 187650650017824 187650650021888 281474014469665 281474014469978 281474014469978 281474014470112 0
THREAD 147 (mqmgateway_iot) S 122 122 120 52288 122 4194368 1017 0 0 0 413 160 0 0 20 0 6 0 419 383217664 2978 18446744073709551615 187650649911296 187650650010656 281474014467840 0 0 0 0 4 16386 1 0 0 -1 0 0 0 0 0 0 187650650015968 187650650017824 187650650021888 281474014469665 281474014469978 281474014469978 281474014470112 0
THREAD 148 (mqmgateway_iot) S 122 122 120 52288 122 4194368 8 0 2 0 4 7 0 0 20 0 6 0 419 383217664 2978 18446744073709551615 187650649911296 187650650010656 281474014467840 0 0 0 0 4 16386 1 0 0 -1 1 0 0 0 0 0 187650650015968 187650650017824 187650650021888 281474014469665 281474014469978 281474014469978 281474014470112 0
PROCESS 140
140 (mosquitto) R 122 122 120 52288 122 4194560 268 0 0 0 574 1049 0 0 20 0 1 0 313 4313088 589 18446744073709551615 187650050723840 187650050966808 281473934895264 0 0 0 0 4100 18947 0 0 0 17 1 0 0 0 0 0 187650050971904 187650050973864 187650051002368 281473934896906 281473934896990 281473934896990 281473934897124 0
VmHWM:	    2356 kB
VmRSS:	    2356 kB
Threads:	1
THREAD 140 (mosquitto) R 122 122 120 52288 122 4194560 268 0 0 0 576 1051 0 0 20 0 1 0 313 4313088 589 18446744073709551615 187650050723840 187650050966808 281473934895264 0 0 0 0 4100 18947 0 0 0 17 1 0 0 0 0 0 187650050971904 187650050973864 187650051002368 281473934896906 281473934896990 281473934896990 281473934897124 0
PROCESS 150
150 (mqmgateway_arm6) R 122 122 120 52288 122 4194304 317 0 2 0 669 1369 0 0 20 0 2 0 526 85700608 1985 18446744073709551615 187650701631488 187650701667260 281474002489008 0 0 0 0 6 0 0 0 0 17 0 0 0 0 0 0 187650701670864 187650701672480 187650701676544 281474002493007 281474002493265 281474002493265 281474002493399 0
VmHWM:	    7940 kB
VmRSS:	    7940 kB
Threads:	2
THREAD 150 (mqmgateway_arm6) R 122 122 120 52288 122 4194304 315 0 1 0 170 830 0 0 20 0 2 0 526 85700608 1985 18446744073709551615 187650701631488 187650701667260 281474002489008 0 0 0 0 6 0 0 0 0 17 0 0 0 0 0 0 187650701670864 187650701672480 187650701676544 281474002493007 281474002493265 281474002493265 281474002493399 0
THREAD 154 (mosquitto loop) R 122 122 120 52288 122 4194368 2 0 1 0 396 647 0 0 20 0 2 0 530 85700608 1985 18446744073709551615 187650701631488 187650701667260 281474002489008 0 0 0 0 6 0 0 0 0 -1 1 0 0 0 0 0 187650701670864 187650701672480 187650701676544 281474002493007 281474002493265 281474002493265 281474002493399 0
SYSTEM cpu  2979 0 3465 926 2 0 460 0 0 0
MemFree:          973672 kB
MemAvailable:     943664 kB
SwapFree:              0 kB
METRICS {"enqueued":141743,"dequeued":141743,"current_depth":0,"peak_depth":50,"rejected":0,"processing_latency_ms":0.277353,"published":141781,"publish_failures":0,"command_timeouts":0,"can_errors":0,"telemetry_qos":1,"mqtt_max_inflight":20,"pipeline_metrics_enabled":true,"can_pipeline":{"frames_read":141744,"parsed":141744,"rejected_frames":0,"read_errors":0,"parse":{"count":141744,"mean_us":7.22012,"max_us":5044.53,"p50_upper_us":4,"p95_upper_us":16,"p99_upper_us":128}},"telemetry_enqueued":141744,"telemetry_dequeued":141743,"telemetry_queue_wait":{"count":141743,"mean_us":275.495,"max_us":8544.38,"p50_upper_us":256,"p95_upper_us":1024,"p99_upper_us":4096},"command_queue_wait":{"count":0,"mean_us":0,"max_us":0,"p50_upper_us":0,"p95_upper_us":0,"p99_upper_us":0},"telemetry_worker_before_publish":{"count":141743,"mean_us":36.1174,"max_us":5641.17,"p50_upper_us":32,"p95_upper_us":128,"p99_upper_us":256},"mqtt_pipeline":{"publish_calls":141781,"publish_accepted":141781,"publish_api_errors":0,"puback_received":52911,"qos0_local_completed":0,"telemetry_accepted":141743,"telemetry_puback_received":52896,"pending_tracked":4096,"pending_peak":4096,"oldest_pending_us":6.47374e+06,"tracking_dropped":84774,"unmatched_callbacks":62958,"tracking_complete":false,"publish_api":{"count":141781,"mean_us":16.7945,"max_us":7448.19,"p50_upper_us":8,"p95_upper_us":64,"p99_upper_us":256},"telemetry_puback":{"count":52896,"mean_us":2.23774e+06,"max_us":6.47456e+06,"p50_upper_us":2.09715e+06,"p95_upper_us":6.47456e+06,"p99_upper_us":6.47456e+06}}}
SAMPLE 45.95
PROCESS 142
142 (mqmgateway_iot) S 122 122 120 52288 122 4194304 2674 0 15 0 1667 1775 0 0 20 0 6 0 415 383217664 3298 18446744073709551615 187650649911296 187650650010656 281474014467840 0 0 0 0 4 16386 0 0 0 17 1 0 0 0 0 0 187650650015968 187650650017824 187650650021888 281474014469665 281474014469978 281474014469978 281474014470112 0
VmHWM:	   13320 kB
VmRSS:	   13320 kB
Threads:	6
THREAD 142 (mqmgateway_iot) S 122 122 120 52288 122 4194304 165 0 13 0 2 3 0 0 20 0 6 0 415 383217664 3330 18446744073709551615 187650649911296 187650650010656 281474014467840 0 0 0 0 4 16386 1 0 0 17 1 0 0 0 0 0 187650650015968 187650650017824 187650650021888 281474014469665 281474014469978 281474014469978 281474014470112 0
THREAD 144 (mosquitto loop) R 122 122 120 52288 122 4194368 7 0 0 0 413 674 0 0 20 0 6 0 419 383217664 3330 18446744073709551615 187650649911296 187650650010656 281474014467840 0 0 0 0 4 16386 0 0 0 -1 1 0 0 0 0 0 187650650015968 187650650017824 187650650021888 281474014469665 281474014469978 281474014469978 281474014470112 0
THREAD 145 (mqmgateway_iot) R 122 122 120 52288 122 4194368 31 0 0 0 365 689 0 0 20 0 6 0 419 383217664 3330 18446744073709551615 187650649911296 187650650010656 281474014467840 0 0 0 0 4 16386 0 0 0 -1 0 0 0 0 0 0 187650650015968 187650650017824 187650650021888 281474014469665 281474014469978 281474014469978 281474014470112 0
THREAD 146 (mqmgateway_iot) S 122 122 120 52288 122 4194368 1245 0 0 0 445 191 0 0 20 0 6 0 419 383217664 3330 18446744073709551615 187650649911296 187650650010656 281474014467840 0 0 0 0 4 16386 1 0 0 -1 0 0 0 0 0 0 187650650015968 187650650017824 187650650021888 281474014469665 281474014469978 281474014469978 281474014470112 0
THREAD 147 (mqmgateway_iot) R 122 122 120 52288 122 4194368 1254 0 0 0 484 180 0 0 20 0 6 0 419 383217664 3362 18446744073709551615 187650649911296 187650650010656 281474014467840 0 0 0 0 4 16386 0 0 0 -1 0 0 0 0 0 0 187650650015968 187650650017824 187650650021888 281474014469665 281474014469978 281474014469978 281474014470112 0
THREAD 148 (mqmgateway_iot) S 122 122 120 52288 122 4194368 8 0 2 0 5 8 0 0 20 0 6 0 419 383217664 3362 18446744073709551615 187650649911296 187650650010656 281474014467840 0 0 0 0 4 16386 1 0 0 -1 0 0 0 0 0 0 187650650015968 187650650017824 187650650021888 281474014469665 281474014469978 281474014469978 281474014470112 0
PROCESS 140
140 (mosquitto) R 122 122 120 52288 122 4194560 268 0 0 0 679 1226 0 0 20 0 1 0 313 4313088 589 18446744073709551615 187650050723840 187650050966808 281473934895264 0 0 0 18947 4100 18947 0 0 0 17 1 0 0 0 0 0 187650050971904 187650050973864 187650051002368 281473934896906 281473934896990 281473934896990 281473934897124 0
VmHWM:	    2356 kB
VmRSS:	    2356 kB
Threads:	1
THREAD 140 (mosquitto) R 122 122 120 52288 122 4194560 268 0 0 0 681 1228 0 0 20 0 1 0 313 4313088 589 18446744073709551615 187650050723840 187650050966808 281473934895264 0 0 0 18947 4100 18947 0 0 0 17 1 0 0 0 0 0 187650050971904 187650050973864 187650051002368 281473934896906 281473934896990 281473934896990 281473934897124 0
PROCESS 150
150 (mqmgateway_arm6) R 122 122 120 52288 122 4194304 317 0 2 0 772 1610 0 0 20 0 2 0 526 85700608 1985 18446744073709551615 187650701631488 187650701667260 281474002489008 0 0 0 0 6 0 0 0 0 17 0 0 0 0 0 0 187650701670864 187650701672480 187650701676544 281474002493007 281474002493265 281474002493265 281474002493399 0
VmHWM:	    7940 kB
VmRSS:	    7940 kB
Threads:	2
THREAD 150 (mqmgateway_arm6) S 122 122 120 52288 122 4194304 315 0 1 0 189 971 0 0 20 0 2 0 526 85700608 1985 18446744073709551615 187650701631488 187650701667260 281474002489008 0 0 0 0 6 0 1 0 0 17 0 0 0 0 0 0 187650701670864 187650701672480 187650701676544 281474002493007 281474002493265 281474002493265 281474002493399 0
THREAD 154 (mosquitto loop) R 122 122 120 52288 122 4194368 2 0 1 0 459 767 0 0 20 0 2 0 530 85700608 1985 18446744073709551615 187650701631488 187650701667260 281474002489008 0 0 0 0 6 0 0 0 0 -1 1 0 0 0 0 0 187650701670864 187650701672480 187650701676544 281474002493007 281474002493265 281474002493265 281474002493399 0
SYSTEM cpu  3452 0 4012 957 2 0 556 0 0 0
MemFree:          969120 kB
MemAvailable:     939116 kB
SwapFree:              0 kB
METRICS {"enqueued":162041,"dequeued":162039,"current_depth":2,"peak_depth":50,"rejected":0,"processing_latency_ms":0.291289,"published":162084,"publish_failures":0,"command_timeouts":0,"can_errors":0,"telemetry_qos":1,"mqtt_max_inflight":20,"pipeline_metrics_enabled":true,"can_pipeline":{"frames_read":162041,"parsed":162041,"rejected_frames":0,"read_errors":0,"parse":{"count":162041,"mean_us":7.14476,"max_us":5044.53,"p50_upper_us":4,"p95_upper_us":16,"p99_upper_us":128}},"telemetry_enqueued":162041,"telemetry_dequeued":162041,"telemetry_queue_wait":{"count":162041,"mean_us":289.442,"max_us":8544.38,"p50_upper_us":256,"p95_upper_us":2048,"p99_upper_us":4096},"command_queue_wait":{"count":0,"mean_us":0,"max_us":0,"p50_upper_us":0,"p95_upper_us":0,"p99_upper_us":0},"telemetry_worker_before_publish":{"count":162041,"mean_us":35.5437,"max_us":5641.17,"p50_upper_us":32,"p95_upper_us":128,"p99_upper_us":256},"mqtt_pipeline":{"publish_calls":162084,"publish_accepted":162084,"publish_api_errors":0,"puback_received":55889,"qos0_local_completed":0,"telemetry_accepted":162041,"telemetry_puback_received":55874,"pending_tracked":4096,"pending_peak":4096,"oldest_pending_us":7.27812e+06,"tracking_dropped":102099,"unmatched_callbacks":77064,"tracking_complete":false,"publish_api":{"count":162084,"mean_us":16.429,"max_us":7448.19,"p50_upper_us":8,"p95_upper_us":64,"p99_upper_us":256},"telemetry_puback":{"count":55874,"mean_us":2.49336e+06,"max_us":7.28068e+06,"p50_upper_us":2.09715e+06,"p95_upper_us":7.28068e+06,"p99_upper_us":7.28068e+06}}}
SAMPLE 51.85
PROCESS 142
142 (mqmgateway_iot) S 122 122 120 52288 122 4194304 2995 0 15 0 1938 2037 0 0 20 0 6 0 415 383217664 3618 18446744073709551615 187650649911296 187650650010656 281474014467840 0 0 0 0 4 16386 0 0 0 17 1 0 0 0 0 0 187650650015968 187650650017824 187650650021888 281474014469665 281474014469978 281474014469978 281474014470112 0
VmHWM:	   14600 kB
VmRSS:	   14600 kB
Threads:	6
THREAD 142 (mqmgateway_iot) S 122 122 120 52288 122 4194304 165 0 13 0 2 4 0 0 20 0 6 0 415 383217664 3650 18446744073709551615 187650649911296 187650650010656 281474014467840 0 0 0 0 4 16386 1 0 0 17 1 0 0 0 0 0 187650650015968 187650650017824 187650650021888 281474014469665 281474014469978 281474014469978 281474014470112 0
THREAD 144 (mosquitto loop) R 122 122 120 52288 122 4194368 7 0 0 0 477 762 0 0 20 0 6 0 419 383217664 3650 18446744073709551615 187650649911296 187650650010656 281474014467840 0 0 0 0 4 16386 0 0 0 -1 0 0 0 0 0 0 187650650015968 187650650017824 187650650021888 281474014469665 281474014469978 281474014469978 281474014470112 0
THREAD 145 (mqmgateway_iot) S 122 122 120 52288 122 4194368 34 0 0 0 429 798 0 0 20 0 6 0 419 383217664 3650 18446744073709551615 187650649911296 187650650010656 281474014467840 0 0 0 0 4 16386 1 0 0 -1 1 0 0 0 0 0 187650650015968 187650650017824 187650650021888 281474014469665 281474014469978 281474014469978 281474014470112 0
THREAD 146 (mqmgateway_iot) S 122 122 120 52288 122 4194368 1433 0 0 0 518 216 0 0 20 0 6 0 419 383217664 3650 18446744073709551615 187650649911296 187650650010656 281474014467840 0 0 0 0 4 16386 1 0 0 -1 1 0 0 0 0 0 187650650015968 187650650017824 187650650021888 281474014469665 281474014469978 281474014469978 281474014470112 0
THREAD 147 (mqmgateway_iot) S 122 122 120 52288 122 4194368 1367 0 0 0 553 210 0 0 20 0 6 0 419 383217664 3650 18446744073709551615 187650649911296 187650650010656 281474014467840 0 0 0 0 4 16386 1 0 0 -1 0 0 0 0 0 0 187650650015968 187650650017824 187650650021888 281474014469665 281474014469978 281474014469978 281474014470112 0
THREAD 148 (mqmgateway_iot) S 122 122 120 52288 122 4194368 8 0 2 0 5 10 0 0 20 0 6 0 419 383217664 3650 18446744073709551615 187650649911296 187650650010656 281474014467840 0 0 0 0 4 16386 1 0 0 -1 0 0 0 0 0 0 187650650015968 187650650017824 187650650021888 281474014469665 281474014469978 281474014469978 281474014470112 0
PROCESS 140
140 (mosquitto) R 122 122 120 52288 122 4194560 268 0 0 0 769 1386 0 0 20 0 1 0 313 4313088 589 18446744073709551615 187650050723840 187650050966808 281473934895264 0 0 0 18947 4100 18947 0 0 0 17 0 0 0 0 0 0 187650050971904 187650050973864 187650051002368 281473934896906 281473934896990 281473934896990 281473934897124 0
VmHWM:	    2356 kB
VmRSS:	    2356 kB
Threads:	1
THREAD 140 (mosquitto) R 122 122 120 52288 122 4194560 268 0 0 0 770 1387 0 0 20 0 1 0 313 4313088 589 18446744073709551615 187650050723840 187650050966808 281473934895264 0 0 0 18947 4100 18947 0 0 0 17 0 0 0 0 0 0 187650050971904 187650050973864 187650051002368 281473934896906 281473934896990 281473934896990 281473934897124 0
PROCESS 150
150 (mqmgateway_arm6) R 122 122 120 52288 122 4194304 317 0 2 0 873 1842 0 0 20 0 2 0 526 85700608 1985 18446744073709551615 187650701631488 187650701667260 281474002489008 0 0 0 0 6 0 0 0 0 17 1 0 0 0 0 0 187650701670864 187650701672480 187650701676544 281474002493007 281474002493265 281474002493265 281474002493399 0
VmHWM:	    7940 kB
VmRSS:	    7940 kB
Threads:	2
THREAD 150 (mqmgateway_arm6) R 122 122 120 52288 122 4194304 315 0 1 0 214 1118 0 0 20 0 2 0 526 85700608 1985 18446744073709551615 187650701631488 187650701667260 281474002489008 0 0 0 0 6 0 0 0 0 17 1 0 0 0 0 0 187650701670864 187650701672480 187650701676544 281474002493007 281474002493265 281474002493265 281474002493399 0
THREAD 154 (mosquitto loop) R 122 122 120 52288 122 4194368 2 0 1 0 519 869 0 0 20 0 2 0 530 85700608 1985 18446744073709551615 187650701631488 187650701667260 281474002489008 0 0 0 0 6 0 0 0 0 -1 0 0 0 0 0 0 187650701670864 187650701672480 187650701676544 281474002493007 281474002493265 281474002493265 281474002493399 0
SYSTEM cpu  3940 0 4564 968 2 0 611 0 0 0
MemFree:          968316 kB
MemAvailable:     938316 kB
SwapFree:              0 kB
METRICS {"enqueued":186358,"dequeued":186358,"current_depth":0,"peak_depth":50,"rejected":0,"processing_latency_ms":0.275684,"published":186407,"publish_failures":0,"command_timeouts":0,"can_errors":0,"telemetry_qos":1,"mqtt_max_inflight":20,"pipeline_metrics_enabled":true,"can_pipeline":{"frames_read":186359,"parsed":186359,"rejected_frames":0,"read_errors":0,"parse":{"count":186359,"mean_us":7.29682,"max_us":5044.53,"p50_upper_us":4,"p95_upper_us":16,"p99_upper_us":128}},"telemetry_enqueued":186359,"telemetry_dequeued":186358,"telemetry_queue_wait":{"count":186358,"mean_us":273.855,"max_us":8544.38,"p50_upper_us":256,"p95_upper_us":1024,"p99_upper_us":4096},"command_queue_wait":{"count":0,"mean_us":0,"max_us":0,"p50_upper_us":0,"p95_upper_us":0,"p99_upper_us":0},"telemetry_worker_before_publish":{"count":186358,"mean_us":35.8239,"max_us":5641.17,"p50_upper_us":32,"p95_upper_us":128,"p99_upper_us":256},"mqtt_pipeline":{"publish_calls":186407,"publish_accepted":186407,"publish_api_errors":0,"puback_received":58705,"qos0_local_completed":0,"telemetry_accepted":186358,"telemetry_puback_received":58690,"pending_tracked":4096,"pending_peak":4096,"oldest_pending_us":8.32636e+06,"tracking_dropped":123606,"unmatched_callbacks":94341,"tracking_complete":false,"publish_api":{"count":186407,"mean_us":16.2894,"max_us":7448.19,"p50_upper_us":8,"p95_upper_us":64,"p99_upper_us":256},"telemetry_puback":{"count":58690,"mean_us":2.75418e+06,"max_us":8.33747e+06,"p50_upper_us":2.09715e+06,"p95_upper_us":8.33747e+06,"p99_upper_us":8.33747e+06}}}
SAMPLE 57.65
PROCESS 142
142 (mqmgateway_iot) S 122 122 120 52288 122 4194304 3322 0 15 0 2194 2302 0 0 20 0 6 0 415 383217664 3938 18446744073709551615 187650649911296 187650650010656 281474014467840 0 0 0 0 4 16386 0 0 0 17 1 0 0 0 0 0 187650650015968 187650650017824 187650650021888 281474014469665 281474014469978 281474014469978 281474014470112 0
VmHWM:	   15752 kB
VmRSS:	   15752 kB
Threads:	6
THREAD 142 (mqmgateway_iot) S 122 122 120 52288 122 4194304 165 0 13 0 2 4 0 0 20 0 6 0 415 383217664 3970 18446744073709551615 187650649911296 187650650010656 281474014467840 0 0 0 0 4 16386 1 0 0 17 1 0 0 0 0 0 187650650015968 187650650017824 187650650021888 281474014469665 281474014469978 281474014469978 281474014470112 0
THREAD 144 (mosquitto loop) S 122 122 120 52288 122 4194368 7 0 0 0 535 850 0 0 20 0 6 0 419 383217664 3970 18446744073709551615 187650649911296 187650650010656 281474014467840 0 0 0 0 4 16386 1 0 0 -1 0 0 0 0 0 0 187650650015968 187650650017824 187650650021888 281474014469665 281474014469978 281474014469978 281474014470112 0
THREAD 145 (mqmgateway_iot) R 122 122 120 52288 122 4194368 36 0 0 0 486 914 0 0 20 0 6 0 419 383217664 3970 18446744073709551615 187650649911296 187650650010656 281474014467840 0 0 0 0 4 16386 0 0 0 -1 1 0 0 0 0 0 187650650015968 187650650017824 187650650021888 281474014469665 281474014469978 281474014469978 281474014470112 0
THREAD 146 (mqmgateway_iot) R 122 122 120 52288 122 4194368 1626 0 0 0 590 246 0 0 20 0 6 0 419 383217664 3970 18446744073709551615 187650649911296 187650650010656 281474014467840 0 0 0 0 4 16386 0 0 0 -1 1 0 0 0 0 0 187650650015968 187650650017824 187650650021888 281474014469665 281474014469978 281474014469978 281474014470112 0
THREAD 147 (mqmgateway_iot) R 122 122 120 52288 122 4194368 1516 0 0 0 622 243 0 0 20 0 6 0 419 383217664 3970 18446744073709551615 187650649911296 187650650010656 281474014467840 0 0 0 0 4 16386 0 0 0 -1 0 0 0 0 0 0 187650650015968 187650650017824 187650650021888 281474014469665 281474014469978 281474014469978 281474014470112 0
THREAD 148 (mqmgateway_iot) S 122 122 120 52288 122 4194368 8 0 2 0 6 11 0 0 20 0 6 0 419 383217664 3970 18446744073709551615 187650649911296 187650650010656 281474014467840 0 0 0 0 4 16386 1 0 0 -1 0 0 0 0 0 0 187650650015968 187650650017824 187650650021888 281474014469665 281474014469978 281474014469978 281474014470112 0
PROCESS 140
140 (mosquitto) R 122 122 120 52288 122 4194560 268 0 0 0 858 1546 0 0 20 0 1 0 313 4313088 589 18446744073709551615 187650050723840 187650050966808 281473934895264 0 0 0 18947 4100 18947 0 0 0 17 0 0 0 0 0 0 187650050971904 187650050973864 187650051002368 281473934896906 281473934896990 281473934896990 281473934897124 0
VmHWM:	    2356 kB
VmRSS:	    2356 kB
Threads:	1
THREAD 140 (mosquitto) R 122 122 120 52288 122 4194560 268 0 0 0 859 1548 0 0 20 0 1 0 313 4313088 589 18446744073709551615 187650050723840 187650050966808 281473934895264 0 0 0 18947 4100 18947 0 0 0 17 0 0 0 0 0 0 187650050971904 187650050973864 187650051002368 281473934896906 281473934896990 281473934896990 281473934897124 0
PROCESS 150
150 (mqmgateway_arm6) S 122 122 120 52288 122 4194304 317 0 2 0 989 2065 0 0 20 0 2 0 526 85700608 1985 18446744073709551615 187650701631488 187650701667260 281474002489008 0 0 0 0 6 0 0 0 0 17 1 0 0 0 0 0 187650701670864 187650701672480 187650701676544 281474002493007 281474002493265 281474002493265 281474002493399 0
VmHWM:	    7940 kB
VmRSS:	    7940 kB
Threads:	2
THREAD 150 (mqmgateway_arm6) R 122 122 120 52288 122 4194304 315 0 1 0 240 1269 0 0 20 0 2 0 526 85700608 1985 18446744073709551615 187650701631488 187650701667260 281474002489008 0 0 0 0 6 0 0 0 0 17 1 0 0 0 0 0 187650701670864 187650701672480 187650701676544 281474002493007 281474002493265 281474002493265 281474002493399 0
THREAD 154 (mosquitto loop) S 122 122 120 52288 122 4194368 2 0 1 0 584 966 0 0 20 0 2 0 530 85700608 1985 18446744073709551615 187650701631488 187650701667260 281474002489008 0 0 0 0 6 0 1 0 0 -1 1 0 0 0 0 0 187650701670864 187650701672480 187650701676544 281474002493007 281474002493265 281474002493265 281474002493399 0
SYSTEM cpu  4424 0 5136 981 2 0 666 0 0 0
MemFree:          962456 kB
MemAvailable:     932468 kB
SwapFree:              0 kB
METRICS {"enqueued":210673,"dequeued":210673,"current_depth":0,"peak_depth":50,"rejected":0,"processing_latency_ms":0.264561,"published":210728,"publish_failures":0,"command_timeouts":0,"can_errors":0,"telemetry_qos":1,"mqtt_max_inflight":20,"pipeline_metrics_enabled":true,"can_pipeline":{"frames_read":210673,"parsed":210673,"rejected_frames":0,"read_errors":0,"parse":{"count":210673,"mean_us":7.43206,"max_us":5044.53,"p50_upper_us":4,"p95_upper_us":16,"p99_upper_us":128}},"telemetry_enqueued":210673,"telemetry_dequeued":210673,"telemetry_queue_wait":{"count":210673,"mean_us":262.731,"max_us":8544.38,"p50_upper_us":256,"p95_upper_us":1024,"p99_upper_us":4096},"command_queue_wait":{"count":0,"mean_us":0,"max_us":0,"p50_upper_us":0,"p95_upper_us":0,"p99_upper_us":0},"telemetry_worker_before_publish":{"count":210673,"mean_us":36.0112,"max_us":5641.17,"p50_upper_us":32,"p95_upper_us":128,"p99_upper_us":256},"mqtt_pipeline":{"publish_calls":210728,"publish_accepted":210728,"publish_api_errors":0,"puback_received":61090,"qos0_local_completed":0,"telemetry_accepted":210673,"telemetry_puback_received":61075,"pending_tracked":4096,"pending_peak":4096,"oldest_pending_us":9.46392e+06,"tracking_dropped":145542,"unmatched_callbacks":111772,"tracking_complete":false,"publish_api":{"count":210728,"mean_us":16.265,"max_us":7448.19,"p50_upper_us":8,"p95_upper_us":64,"p99_upper_us":256},"telemetry_puback":{"count":61075,"mean_us":2.9895e+06,"max_us":9.46194e+06,"p50_upper_us":4.1943e+06,"p95_upper_us":8.38861e+06,"p99_upper_us":9.46194e+06}}}
SAMPLE 63.54
PROCESS 142
142 (mqmgateway_iot) S 122 122 120 52288 122 4194304 3527 0 15 0 2408 2542 0 0 20 0 6 0 415 383217664 4130 18446744073709551615 187650649911296 187650650010656 281474014467840 0 0 0 0 4 16386 0 0 0 17 1 0 0 0 0 0 187650650015968 187650650017824 187650650021888 281474014469665 281474014469978 281474014469978 281474014470112 0
VmHWM:	   16648 kB
VmRSS:	   16648 kB
Threads:	6
THREAD 142 (mqmgateway_iot) S 122 122 120 52288 122 4194304 165 0 13 0 2 4 0 0 20 0 6 0 415 383217664 4162 18446744073709551615 187650649911296 187650650010656 281474014467840 0 0 0 0 4 16386 1 0 0 17 1 0 0 0 0 0 187650650015968 187650650017824 187650650021888 281474014469665 281474014469978 281474014469978 281474014470112 0
THREAD 144 (mosquitto loop) R 122 122 120 52288 122 4194368 7 0 0 0 599 952 0 0 20 0 6 0 419 383217664 4162 18446744073709551615 187650649911296 187650650010656 281474014467840 0 0 0 0 4 16386 0 0 0 -1 1 0 0 0 0 0 187650650015968 187650650017824 187650650021888 281474014469665 281474014469978 281474014469978 281474014470112 0
THREAD 145 (mqmgateway_iot) S 122 122 120 52288 122 4194368 38 0 0 0 535 1000 0 0 20 0 6 0 419 383217664 4162 18446744073709551615 187650649911296 187650650010656 281474014467840 0 0 0 0 4 16386 1 0 0 -1 0 0 0 0 0 0 187650650015968 187650650017824 187650650021888 281474014469665 281474014469978 281474014469978 281474014470112 0
THREAD 146 (mqmgateway_iot) S 122 122 120 52288 122 4194368 1706 0 0 0 641 269 0 0 20 0 6 0 419 383217664 4162 18446744073709551615 187650649911296 187650650010656 281474014467840 0 0 0 0 4 16386 1 0 0 -1 0 0 0 0 0 0 187650650015968 187650650017824 187650650021888 281474014469665 281474014469978 281474014469978 281474014470112 0
THREAD 147 (mqmgateway_iot) S 122 122 120 52288 122 4194368 1611 0 0 0 676 262 0 0 20 0 6 0 419 383217664 4162 18446744073709551615 187650649911296 187650650010656 281474014467840 0 0 0 0 4 16386 1 0 0 -1 1 0 0 0 0 0 187650650015968 187650650017824 187650650021888 281474014469665 281474014469978 281474014469978 281474014470112 0
THREAD 148 (mqmgateway_iot) S 122 122 120 52288 122 4194368 8 0 2 0 6 12 0 0 20 0 6 0 419 383217664 4162 18446744073709551615 187650649911296 187650650010656 281474014467840 0 0 0 0 4 16386 1 0 0 -1 1 0 0 0 0 0 187650650015968 187650650017824 187650650021888 281474014469665 281474014469978 281474014469978 281474014470112 0
PROCESS 140
140 (mosquitto) R 122 122 120 52288 122 4194560 268 0 0 0 965 1733 0 0 20 0 1 0 313 4313088 589 18446744073709551615 187650050723840 187650050966808 281473934895264 0 0 0 0 4100 18947 0 0 0 17 1 0 0 0 0 0 187650050971904 187650050973864 187650051002368 281473934896906 281473934896990 281473934896990 281473934897124 0
VmHWM:	    2356 kB
VmRSS:	    2356 kB
Threads:	1
THREAD 140 (mosquitto) R 122 122 120 52288 122 4194560 268 0 0 0 965 1736 0 0 20 0 1 0 313 4313088 589 18446744073709551615 187650050723840 187650050966808 281473934895264 0 0 0 18947 4100 18947 0 0 0 17 1 0 0 0 0 0 187650050971904 187650050973864 187650051002368 281473934896906 281473934896990 281473934896990 281473934897124 0
PROCESS 150
150 (mqmgateway_arm6) R 122 122 120 52288 122 4194304 317 0 2 0 1098 2297 0 0 20 0 2 0 526 85700608 1985 18446744073709551615 187650701631488 187650701667260 281474002489008 0 0 0 0 6 0 0 0 0 17 0 0 0 0 0 0 187650701670864 187650701672480 187650701676544 281474002493007 281474002493265 281474002493265 281474002493399 0
VmHWM:	    7940 kB
VmRSS:	    7940 kB
Threads:	2
THREAD 150 (mqmgateway_arm6) R 122 122 120 52288 122 4194304 315 0 1 0 265 1394 0 0 20 0 2 0 526 85700608 1985 18446744073709551615 187650701631488 187650701667260 281474002489008 0 0 0 0 6 0 0 0 0 17 1 0 0 0 0 0 187650701670864 187650701672480 187650701676544 281474002493007 281474002493265 281474002493265 281474002493399 0
THREAD 154 (mosquitto loop) S 122 122 120 52288 122 4194368 2 0 1 0 649 1090 0 0 20 0 2 0 530 85700608 1985 18446744073709551615 187650701631488 187650701667260 281474002489008 0 0 0 0 6 0 1 0 0 -1 1 0 0 0 0 0 187650701670864 187650701672480 187650701676544 281474002493007 281474002493265 281474002493265 281474002493399 0
SYSTEM cpu  4864 0 5700 1018 2 0 752 0 0 0
MemFree:          962456 kB
MemAvailable:     932480 kB
SwapFree:              0 kB
METRICS {"enqueued":235002,"dequeued":235002,"current_depth":0,"peak_depth":50,"rejected":0,"processing_latency_ms":0.27328,"published":235065,"publish_failures":0,"command_timeouts":0,"can_errors":0,"telemetry_qos":1,"mqtt_max_inflight":20,"pipeline_metrics_enabled":true,"can_pipeline":{"frames_read":235005,"parsed":235005,"rejected_frames":0,"read_errors":0,"parse":{"count":235005,"mean_us":7.25456,"max_us":5044.53,"p50_upper_us":4,"p95_upper_us":16,"p99_upper_us":128}},"telemetry_enqueued":235005,"telemetry_dequeued":235005,"telemetry_queue_wait":{"count":235005,"mean_us":271.451,"max_us":8544.38,"p50_upper_us":256,"p95_upper_us":1024,"p99_upper_us":4096},"command_queue_wait":{"count":0,"mean_us":0,"max_us":0,"p50_upper_us":0,"p95_upper_us":0,"p99_upper_us":0},"telemetry_worker_before_publish":{"count":235005,"mean_us":35.2252,"max_us":5641.17,"p50_upper_us":32,"p95_upper_us":128,"p99_upper_us":256},"mqtt_pipeline":{"publish_calls":235066,"publish_accepted":235066,"publish_api_errors":0,"puback_received":63885,"qos0_local_completed":0,"telemetry_accepted":235005,"telemetry_puback_received":63870,"pending_tracked":4096,"pending_peak":4096,"oldest_pending_us":9.94547e+06,"tracking_dropped":167085,"unmatched_callbacks":131383,"tracking_complete":false,"publish_api":{"count":235066,"mean_us":15.6622,"max_us":7448.19,"p50_upper_us":8,"p95_upper_us":64,"p99_upper_us":256},"telemetry_puback":{"count":63870,"mean_us":3.28281e+06,"max_us":9.94852e+06,"p50_upper_us":4.1943e+06,"p95_upper_us":9.94852e+06,"p99_upper_us":9.94852e+06}}}
SAMPLE 69.31
PROCESS 142
142 (mqmgateway_iot) S 122 122 120 52288 122 4194304 3595 0 15 0 2545 2710 0 0 20 0 6 0 415 383217664 4226 18446744073709551615 187650649911296 187650650010656 281474014467840 0 0 0 0 4 16386 0 0 0 17 1 0 0 0 0 0 187650650015968 187650650017824 187650650021888 281474014469665 281474014469978 281474014469978 281474014470112 0
VmHWM:	   16904 kB
VmRSS:	   16904 kB
Threads:	6
THREAD 142 (mqmgateway_iot) S 122 122 120 52288 122 4194304 165 0 13 0 2 4 0 0 20 0 6 0 415 383217664 4226 18446744073709551615 187650649911296 187650650010656 281474014467840 0 0 0 0 4 16386 1 0 0 17 1 0 0 0 0 0 187650650015968 187650650017824 187650650021888 281474014469665 281474014469978 281474014469978 281474014470112 0
THREAD 144 (mosquitto loop) R 122 122 120 52288 122 4194368 7 0 0 0 675 1084 0 0 20 0 6 0 419 383217664 4226 18446744073709551615 187650649911296 187650650010656 281474014467840 0 0 0 0 4 16386 0 0 0 -1 1 0 0 0 0 0 187650650015968 187650650017824 187650650021888 281474014469665 281474014469978 281474014469978 281474014470112 0
THREAD 145 (mqmgateway_iot) S 122 122 120 52288 122 4194368 39 0 0 0 552 1023 0 0 20 0 6 0 419 383217664 4226 18446744073709551615 187650649911296 187650650010656 281474014467840 0 0 0 0 4 16386 1 0 0 -1 0 0 0 0 0 0 187650650015968 187650650017824 187650650021888 281474014469665 281474014469978 281474014469978 281474014470112 0
THREAD 146 (mqmgateway_iot) S 122 122 120 52288 122 4194368 1731 0 0 0 658 275 0 0 20 0 6 0 419 383217664 4226 18446744073709551615 187650649911296 187650650010656 281474014467840 0 0 0 0 4 16386 1 0 0 -1 1 0 0 0 0 0 187650650015968 187650650017824 187650650021888 281474014469665 281474014469978 281474014469978 281474014470112 0
THREAD 147 (mqmgateway_iot) S 122 122 120 52288 122 4194368 1645 0 0 0 692 268 0 0 20 0 6 0 419 383217664 4226 18446744073709551615 187650649911296 187650650010656 281474014467840 0 0 0 0 4 16386 1 0 0 -1 1 0 0 0 0 0 187650650015968 187650650017824 187650650021888 281474014469665 281474014469978 281474014469978 281474014470112 0
THREAD 148 (mqmgateway_iot) S 122 122 120 52288 122 4194368 8 0 2 0 7 13 0 0 20 0 6 0 419 383217664 4226 18446744073709551615 187650649911296 187650650010656 281474014467840 0 0 0 0 4 16386 1 0 0 -1 1 0 0 0 0 0 187650650015968 187650650017824 187650650021888 281474014469665 281474014469978 281474014469978 281474014470112 0
PROCESS 140
140 (mosquitto) R 122 122 120 52288 122 4194560 269 0 0 0 1103 1999 0 0 20 0 1 0 313 4313088 589 18446744073709551615 187650050723840 187650050966808 281473934895264 0 0 0 0 4100 18947 0 0 0 17 1 0 0 0 0 0 187650050971904 187650050973864 187650051002368 281473934896906 281473934896990 281473934896990 281473934897124 0
VmHWM:	    2356 kB
VmRSS:	    2356 kB
Threads:	1
THREAD 140 (mosquitto) R 122 122 120 52288 122 4194560 269 0 0 0 1104 2002 0 0 20 0 1 0 313 4313088 589 18446744073709551615 187650050723840 187650050966808 281473934895264 0 0 0 0 4100 18947 0 0 0 17 1 0 0 0 0 0 187650050971904 187650050973864 187650051002368 281473934896906 281473934896990 281473934896990 281473934897124 0
PROCESS 150
150 (mqmgateway_arm6) S 122 122 120 52288 122 4194304 317 0 2 0 1197 2473 0 0 20 0 2 0 526 85700608 1985 18446744073709551615 187650701631488 187650701667260 281474002489008 0 0 0 0 6 0 0 0 0 17 1 0 0 0 0 0 187650701670864 187650701672480 187650701676544 281474002493007 281474002493265 281474002493265 281474002493399 0
VmHWM:	    7940 kB
VmRSS:	    7940 kB
Threads:	2
THREAD 150 (mqmgateway_arm6) S 122 122 120 52288 122 4194304 315 0 1 0 271 1426 0 0 20 0 2 0 526 85700608 1985 18446744073709551615 187650701631488 187650701667260 281474002489008 0 0 0 0 6 0 1 0 0 17 1 0 0 0 0 0 187650701670864 187650701672480 187650701676544 281474002493007 281474002493265 281474002493265 281474002493399 0
THREAD 154 (mosquitto loop) S 122 122 120 52288 122 4194368 2 0 1 0 734 1241 0 0 20 0 2 0 530 85700608 1985 18446744073709551615 187650701631488 187650701667260 281474002489008 0 0 0 0 6 0 1 0 0 -1 0 0 0 0 0 0 187650701670864 187650701672480 187650701676544 281474002493007 281474002493265 281474002493265 281474002493399 0
SYSTEM cpu  5226 0 6182 1132 2 0 860 0 0 0
MemFree:          971020 kB
MemAvailable:     941048 kB
SwapFree:              0 kB
METRICS {"enqueued":240000,"dequeued":240000,"current_depth":0,"peak_depth":56,"rejected":0,"processing_latency_ms":0.274311,"published":240066,"publish_failures":0,"command_timeouts":0,"can_errors":0,"telemetry_qos":1,"mqtt_max_inflight":20,"pipeline_metrics_enabled":true,"can_pipeline":{"frames_read":240000,"parsed":240000,"rejected_frames":0,"read_errors":0,"parse":{"count":240000,"mean_us":7.25351,"max_us":5044.53,"p50_upper_us":4,"p95_upper_us":16,"p99_upper_us":128}},"telemetry_enqueued":240000,"telemetry_dequeued":240000,"telemetry_queue_wait":{"count":240000,"mean_us":272.487,"max_us":8544.38,"p50_upper_us":256,"p95_upper_us":1024,"p99_upper_us":4096},"command_queue_wait":{"count":0,"mean_us":0,"max_us":0,"p50_upper_us":0,"p95_upper_us":0,"p99_upper_us":0},"telemetry_worker_before_publish":{"count":240000,"mean_us":35.2423,"max_us":6692.45,"p50_upper_us":32,"p95_upper_us":128,"p99_upper_us":256},"mqtt_pipeline":{"publish_calls":240066,"publish_accepted":240066,"publish_api_errors":0,"puback_received":66549,"qos0_local_completed":0,"telemetry_accepted":240000,"telemetry_puback_received":66533,"pending_tracked":1739,"pending_peak":4096,"oldest_pending_us":7.97571e+06,"tracking_dropped":171778,"unmatched_callbacks":156927,"tracking_complete":false,"publish_api":{"count":240066,"mean_us":15.674,"max_us":7448.19,"p50_upper_us":8,"p95_upper_us":64,"p99_upper_us":256},"telemetry_puback":{"count":66533,"mean_us":3.51441e+06,"max_us":1.01985e+07,"p50_upper_us":4.1943e+06,"p95_upper_us":1.01985e+07,"p99_upper_us":1.01985e+07}}}
