PIDS gateway=142 broker=140 probe=150
CLK_TCK=100 (Linux USER_HZ fallback=100 if getconf unavailable)
SAMPLE 5.25
PROCESS 142
142 (mqmgateway_iot) S 122 122 120 52288 122 4194304 179 0 16 0 3 3 0 0 20 0 6 0 409 181891072 833 18446744073709551615 187650023526400 187650023625760 281474045682720 0 0 0 0 4 16386 0 0 0 17 1 0 0 0 0 0 187650023631072 187650023632928 187650023636992 281474045685281 281474045685594 281474045685594 281474045685728 0
VmHWM:	    3332 kB
VmRSS:	    3332 kB
Threads:	6
THREAD 142 (mqmgateway_iot) S 122 122 120 52288 122 4194304 164 0 14 0 1 2 0 0 20 0 6 0 409 383217664 833 18446744073709551615 187650023526400 187650023625760 281474045682720 0 0 0 0 4 16386 1 0 0 17 1 0 0 0 0 0 187650023631072 187650023632928 187650023636992 281474045685281 281474045685594 281474045685594 281474045685728 0
THREAD 144 (mosquitto loop) S 122 122 120 52288 122 4194368 4 0 0 0 1 0 0 0 20 0 6 0 413 383217664 833 18446744073709551615 187650023526400 187650023625760 281474045682720 0 0 0 0 4 16386 1 0 0 -1 1 0 0 0 0 0 187650023631072 187650023632928 187650023636992 281474045685281 281474045685594 281474045685594 281474045685728 0
THREAD 145 (mqmgateway_iot) S 122 122 120 52288 122 4194368 4 0 0 0 0 1 0 0 20 0 6 0 413 383217664 833 18446744073709551615 187650023526400 187650023625760 281474045682720 0 0 0 0 4 16386 1 0 0 -1 0 0 0 0 0 0 187650023631072 187650023632928 187650023636992 281474045685281 281474045685594 281474045685594 281474045685728 0
THREAD 146 (mqmgateway_iot) S 122 122 120 52288 122 4194368 5 0 0 0 0 0 0 0 20 0 6 0 413 383217664 833 18446744073709551615 187650023526400 187650023625760 281474045682720 0 0 0 0 4 16386 1 0 0 -1 0 0 0 0 0 0 187650023631072 187650023632928 187650023636992 281474045685281 281474045685594 281474045685594 281474045685728 0
THREAD 147 (mqmgateway_iot) R 122 122 120 52288 122 4194368 5 0 0 0 0 0 0 0 20 0 6 0 413 383217664 833 18446744073709551615 187650023526400 187650023625760 281474045682720 0 0 0 0 4 16386 0 0 0 -1 0 0 0 0 0 0 187650023631072 187650023632928 187650023636992 281474045685281 281474045685594 281474045685594 281474045685728 0
THREAD 148 (mqmgateway_iot) S 122 122 120 52288 122 4194368 8 0 2 0 1 0 0 0 20 0 6 0 413 383217664 833 18446744073709551615 187650023526400 187650023625760 281474045682720 0 0 0 0 4 16386 1 0 0 -1 1 0 0 0 0 0 187650023631072 187650023632928 187650023636992 281474045685281 281474045685594 281474045685594 281474045685728 0
PROCESS 140
140 (mosquitto) S 122 122 120 52288 122 4194560 123 0 0 0 5 3 0 0 20 0 1 0 307 3772416 460 18446744073709551615 187650766544896 187650766787864 281474802419040 0 0 0 18947 4100 18947 1 0 0 17 0 0 0 0 0 0 187650766792960 187650766794920 187650766823424 281474802421514 281474802421598 281474802421598 281474802421732 0
VmHWM:	    1840 kB
VmRSS:	    1840 kB
Threads:	1
THREAD 140 (mosquitto) R 122 122 120 52288 122 4194560 123 0 0 0 6 4 0 0 20 0 1 0 307 3772416 460 18446744073709551615 187650766544896 187650766787864 281474802419040 0 0 0 0 4100 18947 0 0 0 17 0 0 0 0 0 0 187650766792960 187650766794920 187650766823424 281474802421514 281474802421598 281474802421598 281474802421732 0
PROCESS 150
150 (mqmgateway_arm6) R 122 122 120 52288 122 4194304 829 0 2 0 4 7 0 0 20 0 2 0 521 85700608 1998 18446744073709551615 187650287878144 187650287913916 281474829659408 0 0 0 0 6 0 0 0 0 17 0 0 0 0 0 0 187650287917520 187650287919136 187650287923200 281474829663824 281474829664081 281474829664081 281474829664215 0
VmHWM:	    7992 kB
VmRSS:	    7992 kB
Threads:	2
THREAD 150 (mqmgateway_arm6) S 122 122 120 52288 122 4194304 827 0 1 0 2 6 0 0 20 0 2 0 521 85700608 1998 18446744073709551615 187650287878144 187650287913916 281474829659408 0 0 0 0 6 0 1 0 0 17 0 0 0 0 0 0 187650287917520 187650287919136 187650287923200 281474829663824 281474829664081 281474829664081 281474829664215 0
THREAD 154 (mosquitto loop) R 122 122 120 52288 122 4194368 2 0 1 0 2 3 0 0 20 0 2 0 525 85700608 1998 18446744073709551615 187650287878144 187650287913916 281474829659408 0 0 0 0 6 0 0 0 0 -1 1 0 0 0 0 0 187650287917520 187650287919136 187650287923200 281474829663824 281474829664081 281474829664081 281474829664215 0
SYSTEM cpu  155 0 107 811 1 0 3 0 0 0
MemFree:          981544 kB
MemAvailable:     951476 kB
SwapFree:              0 kB
METRICS {"enqueued":0,"dequeued":0,"current_depth":0,"peak_depth":0,"rejected":0,"processing_latency_ms":0,"published":3,"publish_failures":0,"command_timeouts":0,"can_errors":0,"telemetry_qos":1,"mqtt_max_inflight":20,"pipeline_metrics_enabled":true,"can_pipeline":{"frames_read":0,"parsed":0,"rejected_frames":0,"read_errors":0,"parse":{"count":0,"mean_us":0,"max_us":0,"p50_upper_us":0,"p95_upper_us":0,"p99_upper_us":0}},"telemetry_enqueued":0,"telemetry_dequeued":0,"telemetry_queue_wait":{"count":0,"mean_us":0,"max_us":0,"p50_upper_us":0,"p95_upper_us":0,"p99_upper_us":0},"command_queue_wait":{"count":0,"mean_us":0,"max_us":0,"p50_upper_us":0,"p95_upper_us":0,"p99_upper_us":0},"telemetry_worker_before_publish":{"count":0,"mean_us":0,"max_us":0,"p50_upper_us":0,"p95_upper_us":0,"p99_upper_us":0},"mqtt_pipeline":{"publish_calls":3,"publish_accepted":3,"publish_api_errors":0,"puback_received":2,"qos0_local_completed":0,"telemetry_accepted":0,"telemetry_puback_received":0,"pending_tracked":1,"pending_peak":2,"oldest_pending_us":2452.42,"tracking_dropped":0,"unmatched_callbacks":0,"tracking_complete":true,"publish_api":{"count":3,"mean_us":473.077,"max_us":1008.13,"p50_upper_us":512,"p95_upper_us":1008.13,"p99_upper_us":1008.13},"telemetry_puback":{"count":0,"mean_us":0,"max_us":0,"p50_upper_us":0,"p95_upper_us":0,"p99_upper_us":0}}}
SAMPLE 10.64
PROCESS 142
142 (mqmgateway_iot) S 122 122 120 52288 122 4194304 190 0 16 0 125 236 0 0 20 0 6 0 409 383217664 833 18446744073709551615 187650023526400 187650023625760 281474045682720 0 0 0 0 4 16386 0 0 0 17 1 0 0 0 0 0 187650023631072 187650023632928 187650023636992 281474045685281 281474045685594 281474045685594 281474045685728 0
VmHWM:	    3332 kB
VmRSS:	    3332 kB
Threads:	6
THREAD 142 (mqmgateway_iot) S 122 122 120 52288 122 4194304 164 0 14 0 1 2 0 0 20 0 6 0 409 383217664 833 18446744073709551615 187650023526400 187650023625760 281474045682720 0 0 0 0 4 16386 1 0 0 17 1 0 0 0 0 0 187650023631072 187650023632928 187650023636992 281474045685281 281474045685594 281474045685594 281474045685728 0
THREAD 144 (mosquitto loop) R 122 122 120 52288 122 4194368 4 0 0 0 32 141 0 0 20 0 6 0 413 383217664 833 18446744073709551615 187650023526400 187650023625760 281474045682720 0 0 0 0 4 16386 0 0 0 -1 1 0 0 0 0 0 187650023631072 187650023632928 187650023636992 281474045685281 281474045685594 281474045685594 281474045685728 0
THREAD 145 (mqmgateway_iot) R 122 122 120 52288 122 4194368 4 0 0 0 21 57 0 0 20 0 6 0 413 383217664 833 18446744073709551615 187650023526400 187650023625760 281474045682720 0 0 0 0 4 16386 0 0 0 -1 0 0 0 0 0 0 187650023631072 187650023632928 187650023636992 281474045685281 281474045685594 281474045685594 281474045685728 0
THREAD 146 (mqmgateway_iot) R 122 122 120 52288 122 4194368 6 0 0 0 29 22 0 0 20 0 6 0 413 383217664 833 18446744073709551615 187650023526400 187650023625760 281474045682720 0 0 0 0 4 16386 0 0 0 -1 0 0 0 0 0 0 187650023631072 187650023632928 187650023636992 281474045685281 281474045685594 281474045685594 281474045685728 0
THREAD 147 (mqmgateway_iot) R 122 122 120 52288 122 4194368 5 0 0 0 32 20 0 0 20 0 6 0 413 383217664 833 18446744073709551615 187650023526400 187650023625760 281474045682720 0 0 0 0 4 16386 0 0 0 -1 0 0 0 0 0 0 187650023631072 187650023632928 187650023636992 281474045685281 281474045685594 281474045685594 281474045685728 0
THREAD 148 (mqmgateway_iot) S 122 122 120 52288 122 4194368 8 0 2 0 1 1 0 0 20 0 6 0 413 383217664 833 18446744073709551615 187650023526400 187650023625760 281474045682720 0 0 0 0 4 16386 1 0 0 -1 0 0 0 0 0 0 187650023631072 187650023632928 187650023636992 281474045685281 281474045685594 281474045685594 281474045685728 0
PROCESS 140
140 (mosquitto) R 122 122 120 52288 122 4194560 123 0 0 0 77 158 0 0 20 0 1 0 307 3772416 460 18446744073709551615 187650766544896 187650766787864 281474802419040 0 0 0 18947 4100 18947 0 0 0 17 0 0 0 0 0 0 187650766792960 187650766794920 187650766823424 281474802421514 281474802421598 281474802421598 281474802421732 0
VmHWM:	    1840 kB
VmRSS:	    1840 kB
Threads:	1
THREAD 140 (mosquitto) R 122 122 120 52288 122 4194560 123 0 0 0 78 158 0 0 20 0 1 0 307 3772416 460 18446744073709551615 187650766544896 187650766787864 281474802419040 0 0 0 0 4100 18947 0 0 0 17 0 0 0 0 0 0 187650766792960 187650766794920 187650766823424 281474802421514 281474802421598 281474802421598 281474802421732 0
PROCESS 150
150 (mqmgateway_arm6) S 122 122 120 52288 122 4194304 829 0 2 0 66 180 0 0 20 0 2 0 521 85700608 1998 18446744073709551615 187650287878144 187650287913916 281474829659408 0 0 0 0 6 0 0 0 0 17 0 0 0 0 0 0 187650287917520 187650287919136 187650287923200 281474829663824 281474829664081 281474829664081 281474829664215 0
VmHWM:	    7992 kB
VmRSS:	    7992 kB
Threads:	2
THREAD 150 (mqmgateway_arm6) S 122 122 120 52288 122 4194304 827 0 1 0 17 92 0 0 20 0 2 0 521 85700608 1998 18446744073709551615 187650287878144 187650287913916 281474829659408 0 0 0 0 6 0 1 0 0 17 0 0 0 0 0 0 187650287917520 187650287919136 187650287923200 281474829663824 281474829664081 281474829664081 281474829664215 0
THREAD 154 (mosquitto loop) S 122 122 120 52288 122 4194368 2 0 1 0 43 96 0 0 20 0 2 0 525 85700608 1998 18446744073709551615 187650287878144 187650287913916 281474829659408 0 0 0 0 6 0 1 0 0 -1 1 0 0 0 0 0 187650287917520 187650287919136 187650287923200 281474829663824 281474829664081 281474829664081 281474829664215 0
SYSTEM cpu  412 0 485 993 1 0 116 0 0 0
MemFree:          981544 kB
MemAvailable:     951520 kB
SwapFree:              0 kB
METRICS {"enqueued":7400,"dequeued":7400,"current_depth":0,"peak_depth":8,"rejected":0,"processing_latency_ms":0.116447,"published":7408,"publish_failures":0,"command_timeouts":0,"can_errors":0,"telemetry_qos":1,"mqtt_max_inflight":20,"pipeline_metrics_enabled":true,"can_pipeline":{"frames_read":7400,"parsed":7400,"rejected_frames":0,"read_errors":0,"parse":{"count":7400,"mean_us":7.89258,"max_us":552.512,"p50_upper_us":8,"p95_upper_us":16,"p99_upper_us":32}},"telemetry_enqueued":7400,"telemetry_dequeued":7400,"telemetry_queue_wait":{"count":7400,"mean_us":114.71,"max_us":3863.42,"p50_upper_us":128,"p95_upper_us":512,"p99_upper_us":1024},"command_queue_wait":{"count":0,"mean_us":0,"max_us":0,"p50_upper_us":0,"p95_upper_us":0,"p99_upper_us":0},"telemetry_worker_before_publish":{"count":7400,"mean_us":39.0513,"max_us":3512.21,"p50_upper_us":64,"p95_upper_us":64,"p99_upper_us":256},"mqtt_pipeline":{"publish_calls":7408,"publish_accepted":7408,"publish_api_errors":0,"puback_received":7405,"qos0_local_completed":0,"telemetry_accepted":7400,"telemetry_puback_received":7398,"pending_tracked":3,"pending_peak":14,"oldest_pending_us":1332.56,"tracking_dropped":0,"unmatched_callbacks":0,"tracking_complete":true,"publish_api":{"count":7408,"mean_us":61.0161,"max_us":1310.98,"p50_upper_us":64,"p95_upper_us":256,"p99_upper_us":512},"telemetry_puback":{"count":7398,"mean_us":1169.1,"max_us":9003.31,"p50_upper_us":2048,"p95_upper_us":2048,"p99_upper_us":4096}}}
