PIDS gateway=160 broker=158 probe=169
CLK_TCK=100 (Linux USER_HZ fallback=100 if getconf unavailable)
SAMPLE 5.58
PROCESS 160
160 (mqmgateway_iot) S 138 138 136 52288 138 4194304 179 0 15 0 4 3 0 0 20 0 6 0 445 181891072 820 18446744073709551615 187650450833408 187650450932768 281474288686096 0 0 0 0 4 16386 0 0 0 17 0 0 0 0 0 0 187650450938080 187650450939936 187650450944000 281474288688673 281474288688986 281474288688986 281474288689120 0
VmHWM:	    3280 kB
VmRSS:	    3280 kB
Threads:	6
THREAD 160 (mqmgateway_iot) S 138 138 136 52288 138 4194304 165 0 13 0 2 1 0 0 20 0 6 0 445 383217664 820 18446744073709551615 187650450833408 187650450932768 281474288686096 0 0 0 0 4 16386 1 0 0 17 3 0 0 0 0 0 187650450938080 187650450939936 187650450944000 281474288688673 281474288688986 281474288688986 281474288689120 0
THREAD 162 (mosquitto loop) R 138 138 136 52288 138 4194368 4 0 0 0 1 1 0 0 20 0 6 0 448 383217664 820 18446744073709551615 187650450833408 187650450932768 281474288686096 0 0 0 0 4 16386 0 0 0 -1 3 0 0 0 0 0 187650450938080 187650450939936 187650450944000 281474288688673 281474288688986 281474288688986 281474288689120 0
THREAD 163 (mqmgateway_iot) S 138 138 136 52288 138 4194368 5 0 0 0 0 3 0 0 20 0 6 0 449 383217664 820 18446744073709551615 187650450833408 187650450932768 281474288686096 0 0 0 0 4 16386 1 0 0 -1 3 0 0 0 0 0 187650450938080 187650450939936 187650450944000 281474288688673 281474288688986 281474288688986 281474288689120 0
THREAD 164 (mqmgateway_iot) R 138 138 136 52288 138 4194368 12 0 0 0 1 0 0 0 20 0 6 0 449 383217664 820 18446744073709551615 187650450833408 187650450932768 281474288686096 0 0 0 0 4 16386 0 0 0 -1 3 0 0 0 0 0 187650450938080 187650450939936 187650450944000 281474288688673 281474288688986 281474288688986 281474288689120 0
THREAD 165 (mqmgateway_iot) S 138 138 136 52288 138 4194368 14 0 0 0 1 1 0 0 20 0 6 0 449 383217664 820 18446744073709551615 187650450833408 187650450932768 281474288686096 0 0 0 0 4 16386 1 0 0 -1 3 0 0 0 0 0 187650450938080 187650450939936 187650450944000 281474288688673 281474288688986 281474288688986 281474288689120 0
THREAD 166 (mqmgateway_iot) S 138 138 136 52288 138 4194368 8 0 2 0 1 1 0 0 20 0 6 0 449 383217664 820 18446744073709551615 187650450833408 187650450932768 281474288686096 0 0 0 0 4 16386 1 0 0 -1 3 0 0 0 0 0 187650450938080 187650450939936 187650450944000 281474288688673 281474288688986 281474288688986 281474288689120 0
PROCESS 158
158 (mosquitto) R 138 138 136 52288 138 4194560 132 0 0 0 7 11 0 0 20 0 1 0 342 3772416 461 18446744073709551615 187650512461824 187650512704792 281474304366608 0 0 0 0 4100 18947 0 0 0 17 2 0 0 0 0 0 187650512709888 187650512711848 187650512740352 281474304368394 281474304368478 281474304368478 281474304368612 0
VmHWM:	    1844 kB
VmRSS:	    1844 kB
Threads:	1
THREAD 158 (mosquitto) R 138 138 136 52288 138 4194560 132 0 0 0 8 13 0 0 20 0 1 0 342 3772416 461 18446744073709551615 187650512461824 187650512704792 281474304366608 0 0 0 0 4100 18947 0 0 0 17 2 0 0 0 0 0 187650512709888 187650512711848 187650512740352 281474304368394 281474304368478 281474304368478 281474304368612 0
PROCESS 169
169 (mqmgateway_arm6) S 138 138 136 52288 138 4194304 319 0 2 0 10 14 0 0 20 0 2 0 555 85700608 1985 18446744073709551615 187650665742336 187650665778108 281474344742272 0 0 0 0 6 0 0 0 0 17 3 0 0 0 0 0 187650665781712 187650665783328 187650665787392 281474344746576 281474344746833 281474344746833 281474344746967 0
VmHWM:	    7940 kB
VmRSS:	    7940 kB
Threads:	2
THREAD 169 (mqmgateway_arm6) S 138 138 136 52288 138 4194304 317 0 1 0 5 9 0 0 20 0 2 0 555 85700608 1985 18446744073709551615 187650665742336 187650665778108 281474344742272 0 0 0 0 6 0 1 0 0 17 3 0 0 0 0 0 187650665781712 187650665783328 187650665787392 281474344746576 281474344746833 281474344746833 281474344746967 0
THREAD 173 (mosquitto loop) R 138 138 136 52288 138 4194368 2 0 1 0 8 7 0 0 20 0 2 0 559 85700608 1985 18446744073709551615 187650665742336 187650665778108 281474344742272 0 0 0 0 6 0 0 0 0 -1 1 0 0 0 0 0 187650665781712 187650665783328 187650665787392 281474344746576 281474344746833 281474344746833 281474344746967 0
SYSTEM cpu  190 0 155 1929 3 0 9 0 0 0
MemFree:          978724 kB
MemAvailable:     948848 kB
SwapFree:              0 kB
METRICS {"enqueued":0,"dequeued":0,"current_depth":0,"peak_depth":0,"rejected":0,"processing_latency_ms":0,"published":3,"publish_failures":0,"command_timeouts":0,"can_errors":0,"telemetry_qos":1,"mqtt_max_inflight":20,"pipeline_metrics_enabled":true,"can_pipeline":{"frames_read":0,"parsed":0,"rejected_frames":0,"read_errors":0,"parse":{"count":0,"mean_us":0,"max_us":0,"p50_upper_us":0,"p95_upper_us":0,"p99_upper_us":0}},"telemetry_enqueued":0,"telemetry_dequeued":0,"telemetry_queue_wait":{"count":0,"mean_us":0,"max_us":0,"p50_upper_us":0,"p95_upper_us":0,"p99_upper_us":0},"command_queue_wait":{"count":0,"mean_us":0,"max_us":0,"p50_upper_us":0,"p95_upper_us":0,"p99_upper_us":0},"telemetry_worker_before_publish":{"count":0,"mean_us":0,"max_us":0,"p50_upper_us":0,"p95_upper_us":0,"p99_upper_us":0},"mqtt_pipeline":{"publish_calls":3,"publish_accepted":3,"publish_api_errors":0,"puback_received":2,"qos0_local_completed":0,"telemetry_accepted":0,"telemetry_puback_received":0,"pending_tracked":1,"pending_peak":2,"oldest_pending_us":995.04,"tracking_dropped":0,"unmatched_callbacks":0,"tracking_complete":true,"publish_api":{"count":3,"mean_us":212.08,"max_us":393.696,"p50_upper_us":256,"p95_upper_us":393.696,"p99_upper_us":393.696},"telemetry_puback":{"count":0,"mean_us":0,"max_us":0,"p50_upper_us":0,"p95_upper_us":0,"p99_upper_us":0}}}
SAMPLE 11.05
PROCESS 160
160 (mqmgateway_iot) S 138 138 136 52288 138 4194304 252 0 15 0 366 434 0 0 20 0 6 0 445 383217664 884 18446744073709551615 187650450833408 187650450932768 281474288686096 0 0 0 0 4 16386 0 0 0 17 0 0 0 0 0 0 187650450938080 187650450939936 187650450944000 281474288688673 281474288688986 281474288688986 281474288689120 0
VmHWM:	    3536 kB
VmRSS:	    3536 kB
Threads:	6
THREAD 160 (mqmgateway_iot) S 138 138 136 52288 138 4194304 165 0 13 0 2 1 0 0 20 0 6 0 445 383217664 884 18446744073709551615 187650450833408 187650450932768 281474288686096 0 0 0 0 4 16386 1 0 0 17 3 0 0 0 0 0 187650450938080 187650450939936 187650450944000 281474288688673 281474288688986 281474288688986 281474288689120 0
THREAD 162 (mosquitto loop) R 138 138 136 52288 138 4194368 4 0 0 0 112 213 0 0 20 0 6 0 448 383217664 884 18446744073709551615 187650450833408 187650450932768 281474288686096 0 0 0 0 4 16386 0 0 0 -1 1 0 0 0 0 0 187650450938080 187650450939936 187650450944000 281474288688673 281474288688986 281474288688986 281474288689120 0
THREAD 163 (mqmgateway_iot) R 138 138 136 52288 138 4194368 9 0 0 0 85 129 0 0 20 0 6 0 449 383217664 884 18446744073709551615 187650450833408 187650450932768 281474288686096 0 0 0 0 4 16386 0 0 0 -1 1 0 0 0 0 0 187650450938080 187650450939936 187650450944000 281474288688673 281474288688986 281474288688986 281474288689120 0
THREAD 164 (mqmgateway_iot) S 138 138 136 52288 138 4194368 35 0 0 0 87 44 0 0 20 0 6 0 449 383217664 884 18446744073709551615 187650450833408 187650450932768 281474288686096 0 0 0 0 4 16386 1 0 0 -1 3 0 0 0 0 0 187650450938080 187650450939936 187650450944000 281474288688673 281474288688986 281474288688986 281474288689120 0
THREAD 165 (mqmgateway_iot) S 138 138 136 52288 138 4194368 31 0 0 0 89 44 0 0 20 0 6 0 449 383217664 884 18446744073709551615 187650450833408 187650450932768 281474288686096 0 0 0 0 4 16386 1 0 0 -1 1 0 0 0 0 0 187650450938080 187650450939936 187650450944000 281474288688673 281474288688986 281474288688986 281474288689120 0
THREAD 166 (mqmgateway_iot) S 138 138 136 52288 138 4194368 8 0 2 0 1 2 0 0 20 0 6 0 449 383217664 884 18446744073709551615 187650450833408 187650450932768 281474288686096 0 0 0 0 4 16386 1 0 0 -1 3 0 0 0 0 0 187650450938080 187650450939936 187650450944000 281474288688673 281474288688986 281474288688986 281474288689120 0
PROCESS 158
158 (mosquitto) R 138 138 136 52288 138 4194560 265 0 0 0 181 358 0 0 20 0 1 0 342 4313088 592 18446744073709551615 187650512461824 187650512704792 281474304366608 0 0 0 0 4100 18947 0 0 0 17 0 0 0 0 0 0 187650512709888 187650512711848 187650512740352 281474304368394 281474304368478 281474304368478 281474304368612 0
VmHWM:	    2368 kB
VmRSS:	    2368 kB
Threads:	1
THREAD 158 (mosquitto) R 138 138 136 52288 138 4194560 265 0 0 0 183 360 0 0 20 0 1 0 342 4313088 592 18446744073709551615 187650512461824 187650512704792 281474304366608 0 0 0 0 4100 18947 0 0 0 17 3 0 0 0 0 0 187650512709888 187650512711848 187650512740352 281474304368394 281474304368478 281474304368478 281474304368612 0
PROCESS 169
169 (mqmgateway_arm6) R 138 138 136 52288 138 4194304 319 0 2 0 211 400 0 0 20 0 2 0 555 85700608 1985 18446744073709551615 187650665742336 187650665778108 281474344742272 0 0 0 0 6 0 0 0 0 17 1 0 0 0 0 0 187650665781712 187650665783328 187650665787392 281474344746576 281474344746833 281474344746833 281474344746967 0
VmHWM:	    7940 kB
VmRSS:	    7940 kB
Threads:	2
THREAD 169 (mqmgateway_arm6) S 138 138 136 52288 138 4194304 317 0 1 0 64 177 0 0 20 0 2 0 555 85700608 1985 18446744073709551615 187650665742336 187650665778108 281474344742272 0 0 0 0 6 0 1 0 0 17 0 0 0 0 0 0 187650665781712 187650665783328 187650665787392 281474344746576 281474344746833 281474344746833 281474344746967 0
THREAD 173 (mosquitto loop) R 138 138 136 52288 138 4194368 2 0 1 0 140 236 0 0 20 0 2 0 559 85700608 1985 18446744073709551615 187650665742336 187650665778108 281474344742272 0 0 0 0 6 0 0 0 0 -1 2 0 0 0 0 0 187650665781712 187650665783328 187650665787392 281474344746576 281474344746833 281474344746833 281474344746967 0
SYSTEM cpu  909 0 1068 2123 3 0 194 0 0 0
MemFree:          978472 kB
MemAvailable:     948612 kB
SwapFree:              0 kB
METRICS {"enqueued":23866,"dequeued":23866,"current_depth":0,"peak_depth":29,"rejected":0,"processing_latency_ms":0.241798,"published":23875,"publish_failures":0,"command_timeouts":0,"can_errors":0,"telemetry_qos":1,"mqtt_max_inflight":20,"pipeline_metrics_enabled":true,"can_pipeline":{"frames_read":23868,"parsed":23868,"rejected_frames":0,"read_errors":0,"parse":{"count":23868,"mean_us":11.521,"max_us":2109.41,"p50_upper_us":8,"p95_upper_us":32,"p99_upper_us":256}},"telemetry_enqueued":23867,"telemetry_dequeued":23866,"telemetry_queue_wait":{"count":23866,"mean_us":239.115,"max_us":5870.42,"p50_upper_us":128,"p95_upper_us":1024,"p99_upper_us":4096},"command_queue_wait":{"count":0,"mean_us":0,"max_us":0,"p50_upper_us":0,"p95_upper_us":0,"p99_upper_us":0},"telemetry_worker_before_publish":{"count":23866,"mean_us":36.86,"max_us":4355.65,"p50_upper_us":32,"p95_upper_us":128,"p99_upper_us":512},"mqtt_pipeline":{"publish_calls":23875,"publish_accepted":23875,"publish_api_errors":0,"puback_received":23420,"qos0_local_completed":0,"telemetry_accepted":23866,"telemetry_puback_received":23412,"pending_tracked":455,"pending_peak":641,"oldest_pending_us":113984,"tracking_dropped":0,"unmatched_callbacks":0,"tracking_complete":true,"publish_api":{"count":23875,"mean_us":25.9609,"max_us":5823.52,"p50_upper_us":16,"p95_upper_us":128,"p99_upper_us":512},"telemetry_puback":{"count":23412,"mean_us":41092.8,"max_us":160077,"p50_upper_us":32768,"p95_upper_us":131072,"p99_upper_us":160077}}}
SAMPLE 16.64
PROCESS 160
160 (mqmgateway_iot) S 138 138 136 52288 138 4194304 258 0 15 0 743 870 0 0 20 0 6 0 445 383217664 884 18446744073709551615 187650450833408 187650450932768 281474288686096 0 0 0 0 4 16386 0 0 0 17 1 0 0 0 0 0 187650450938080 187650450939936 187650450944000 281474288688673 281474288688986 281474288688986 281474288689120 0
VmHWM:	    3536 kB
VmRSS:	    3536 kB
Threads:	6
THREAD 160 (mqmgateway_iot) S 138 138 136 52288 138 4194304 165 0 13 0 2 2 0 0 20 0 6 0 445 383217664 884 18446744073709551615 187650450833408 187650450932768 281474288686096 0 0 0 0 4 16386 1 0 0 17 1 0 0 0 0 0 187650450938080 187650450939936 187650450944000 281474288688673 281474288688986 281474288688986 281474288689120 0
THREAD 162 (mosquitto loop) R 138 138 136 52288 138 4194368 4 0 0 0 236 421 0 0 20 0 6 0 448 383217664 884 18446744073709551615 187650450833408 187650450932768 281474288686096 0 0 0 0 4 16386 0 0 0 -1 2 0 0 0 0 0 187650450938080 187650450939936 187650450944000 281474288688673 281474288688986 281474288688986 281474288689120 0
THREAD 163 (mqmgateway_iot) R 138 138 136 52288 138 4194368 9 0 0 0 169 266 0 0 20 0 6 0 449 383217664 884 18446744073709551615 187650450833408 187650450932768 281474288686096 0 0 0 0 4 16386 0 0 0 -1 0 0 0 0 0 0 187650450938080 187650450939936 187650450944000 281474288688673 281474288688986 281474288688986 281474288689120 0
THREAD 164 (mqmgateway_iot) R 138 138 136 52288 138 4194368 36 0 0 0 175 82 0 0 20 0 6 0 449 383217664 884 18446744073709551615 187650450833408 187650450932768 281474288686096 0 0 0 0 4 16386 0 0 0 -1 3 0 0 0 0 0 187650450938080 187650450939936 187650450944000 281474288688673 281474288688986 281474288688986 281474288689120 0
THREAD 165 (mqmgateway_iot) R 138 138 136 52288 138 4194368 36 0 0 0 181 87 0 0 20 0 6 0 449 383217664 884 18446744073709551615 187650450833408 187650450932768 281474288686096 0 0 0 0 4 16386 0 0 0 -1 1 0 0 0 0 0 187650450938080 187650450939936 187650450944000 281474288688673 281474288688986 281474288688986 281474288689120 0
THREAD 166 (mqmgateway_iot) S 138 138 136 52288 138 4194368 8 0 2 0 1 3 0 0 20 0 6 0 449 383217664 884 18446744073709551615 187650450833408 187650450932768 281474288686096 0 0 0 0 4 16386 1 0 0 -1 3 0 0 0 0 0 187650450938080 187650450939936 187650450944000 281474288688673 281474288688986 281474288688986 281474288689120 0
PROCESS 158
158 (mosquitto) R 138 138 136 52288 138 4194560 265 0 0 0 365 700 0 0 20 0 1 0 342 4313088 592 18446744073709551615 187650512461824 187650512704792 281474304366608 0 0 0 0 4100 18947 0 0 0 17 1 0 0 0 0 0 187650512709888 187650512711848 187650512740352 281474304368394 281474304368478 281474304368478 281474304368612 0
VmHWM:	    2368 kB
VmRSS:	    2368 kB
Threads:	1
THREAD 158 (mosquitto) R 138 138 136 52288 138 4194560 265 0 0 0 368 701 0 0 20 0 1 0 342 4313088 592 18446744073709551615 187650512461824 187650512704792 281474304366608 0 0 0 0 4100 18947 0 0 0 17 1 0 0 0 0 0 187650512709888 187650512711848 187650512740352 281474304368394 281474304368478 281474304368478 281474304368612 0
PROCESS 169
169 (mqmgateway_arm6) R 138 138 136 52288 138 4194304 319 0 2 0 409 795 0 0 20 0 2 0 555 85700608 1985 18446744073709551615 187650665742336 187650665778108 281474344742272 0 0 0 0 6 0 0 0 0 17 0 0 0 0 0 0 187650665781712 187650665783328 187650665787392 281474344746576 281474344746833 281474344746833 281474344746967 0
VmHWM:	    7940 kB
VmRSS:	    7940 kB
Threads:	2
THREAD 169 (mqmgateway_arm6) S 138 138 136 52288 138 4194304 317 0 1 0 139 332 0 0 20 0 2 0 555 85700608 1985 18446744073709551615 187650665742336 187650665778108 281474344742272 0 0 0 0 6 0 1 0 0 17 0 0 0 0 0 0 187650665781712 187650665783328 187650665787392 281474344746576 281474344746833 281474344746833 281474344746967 0
THREAD 173 (mosquitto loop) R 138 138 136 52288 138 4194368 2 0 1 0 262 480 0 0 20 0 2 0 559 85700608 1985 18446744073709551615 187650665742336 187650665778108 281474344742272 0 0 0 0 6 0 0 0 0 -1 2 0 0 0 0 0 187650665781712 187650665783328 187650665787392 281474344746576 281474344746833 281474344746833 281474344746967 0
SYSTEM cpu  1656 0 1992 2316 3 0 371 0 0 0
MemFree:          977224 kB
MemAvailable:     947368 kB
SwapFree:              0 kB
METRICS {"enqueued":44055,"dequeued":44055,"current_depth":0,"peak_depth":29,"rejected":0,"processing_latency_ms":0.235095,"published":44068,"publish_failures":0,"command_timeouts":0,"can_errors":0,"telemetry_qos":1,"mqtt_max_inflight":20,"pipeline_metrics_enabled":true,"can_pipeline":{"frames_read":44058,"parsed":44058,"rejected_frames":0,"read_errors":0,"parse":{"count":44058,"mean_us":11.9551,"max_us":2109.41,"p50_upper_us":8,"p95_upper_us":32,"p99_upper_us":256}},"telemetry_enqueued":44058,"telemetry_dequeued":44056,"telemetry_queue_wait":{"count":44056,"mean_us":232.382,"max_us":6291.46,"p50_upper_us":128,"p95_upper_us":1024,"p99_upper_us":4096},"command_queue_wait":{"count":0,"mean_us":0,"max_us":0,"p50_upper_us":0,"p95_upper_us":0,"p99_upper_us":0},"telemetry_worker_before_publish":{"count":44056,"mean_us":36.4943,"max_us":4355.65,"p50_upper_us":32,"p95_upper_us":128,"p99_upper_us":512},"mqtt_pipeline":{"publish_calls":44069,"publish_accepted":44069,"publish_api_errors":0,"puback_received":44067,"qos0_local_completed":0,"telemetry_accepted":44055,"telemetry_puback_received":44054,"pending_tracked":2,"pending_peak":679,"oldest_pending_us":465.872,"tracking_dropped":0,"unmatched_callbacks":0,"tracking_complete":true,"publish_api":{"count":44069,"mean_us":25.9048,"max_us":6220.45,"p50_upper_us":8,"p95_upper_us":128,"p99_upper_us":512},"telemetry_puback":{"count":44054,"mean_us":53759.8,"max_us":169368,"p50_upper_us":65536,"p95_upper_us":169368,"p99_upper_us":169368}}}
SAMPLE 22.29
PROCESS 160
160 (mqmgateway_iot) S 138 138 136 52288 138 4194304 421 0 15 0 1134 1273 0 0 20 0 6 0 445 383217664 1012 18446744073709551615 187650450833408 187650450932768 281474288686096 0 0 0 0 4 16386 0 0 0 17 3 0 0 0 0 0 187650450938080 187650450939936 187650450944000 281474288688673 281474288688986 281474288688986 281474288689120 0
VmHWM:	    4048 kB
VmRSS:	    4048 kB
Threads:	6
THREAD 160 (mqmgateway_iot) S 138 138 136 52288 138 4194304 165 0 13 0 2 2 0 0 20 0 6 0 445 383217664 1012 18446744073709551615 187650450833408 187650450932768 281474288686096 0 0 0 0 4 16386 1 0 0 17 3 0 0 0 0 0 187650450938080 187650450939936 187650450944000 281474288688673 281474288688986 281474288688986 281474288689120 0
THREAD 162 (mosquitto loop) R 138 138 136 52288 138 4194368 4 0 0 0 351 614 0 0 20 0 6 0 448 383217664 1012 18446744073709551615 187650450833408 187650450932768 281474288686096 0 0 0 0 4 16386 0 0 0 -1 2 0 0 0 0 0 187650450938080 187650450939936 187650450944000 281474288688673 281474288688986 281474288688986 281474288689120 0
THREAD 163 (mqmgateway_iot) R 138 138 136 52288 138 4194368 23 0 0 0 258 387 0 0 20 0 6 0 449 383217664 1012 18446744073709551615 187650450833408 187650450932768 281474288686096 0 0 0 0 4 16386 0 0 0 -1 2 0 0 0 0 0 187650450938080 187650450939936 187650450944000 281474288688673 281474288688986 281474288688986 281474288689120 0
THREAD 164 (mqmgateway_iot) R 138 138 136 52288 138 4194368 104 0 0 0 271 123 0 0 20 0 6 0 449 383217664 1012 18446744073709551615 187650450833408 187650450932768 281474288686096 0 0 0 0 4 16386 0 0 0 -1 1 0 0 0 0 0 187650450938080 187650450939936 187650450944000 281474288688673 281474288688986 281474288688986 281474288689120 0
THREAD 165 (mqmgateway_iot) R 138 138 136 52288 138 4194368 117 0 0 0 268 130 0 0 20 0 6 0 449 383217664 1012 18446744073709551615 187650450833408 187650450932768 281474288686096 0 0 0 0 4 16386 0 0 0 -1 0 0 0 0 0 0 187650450938080 187650450939936 187650450944000 281474288688673 281474288688986 281474288688986 281474288689120 0
THREAD 166 (mqmgateway_iot) S 138 138 136 52288 138 4194368 8 0 2 0 1 5 0 0 20 0 6 0 449 383217664 1012 18446744073709551615 187650450833408 187650450932768 281474288686096 0 0 0 0 4 16386 1 0 0 -1 3 0 0 0 0 0 187650450938080 187650450939936 187650450944000 281474288688673 281474288688986 281474288688986 281474288689120 0
PROCESS 158
158 (mosquitto) R 138 138 136 52288 138 4194560 265 0 0 0 540 1048 0 0 20 0 1 0 342 4313088 592 18446744073709551615 187650512461824 187650512704792 281474304366608 0 0 0 0 4100 18947 0 0 0 17 1 0 0 0 0 0 187650512709888 187650512711848 187650512740352 281474304368394 281474304368478 281474304368478 281474304368612 0
VmHWM:	    2368 kB
VmRSS:	    2368 kB
Threads:	1
THREAD 158 (mosquitto) R 138 138 136 52288 138 4194560 265 0 0 0 542 1051 0 0 20 0 1 0 342 4313088 592 18446744073709551615 187650512461824 187650512704792 281474304366608 0 0 0 0 4100 18947 0 0 0 17 1 0 0 0 0 0 187650512709888 187650512711848 187650512740352 281474304368394 281474304368478 281474304368478 281474304368612 0
PROCESS 169
169 (mqmgateway_arm6) R 138 138 136 52288 138 4194304 319 0 2 0 610 1186 0 0 20 0 2 0 555 85700608 1985 18446744073709551615 187650665742336 187650665778108 281474344742272 0 0 0 0 6 0 0 0 0 17 2 0 0 0 0 0 187650665781712 187650665783328 187650665787392 281474344746576 281474344746833 281474344746833 281474344746967 0
VmHWM:	    7940 kB
VmRSS:	    7940 kB
Threads:	2
THREAD 169 (mqmgateway_arm6) S 138 138 136 52288 138 4194304 317 0 1 0 207 490 0 0 20 0 2 0 555 85700608 1985 18446744073709551615 187650665742336 187650665778108 281474344742272 0 0 0 0 6 0 0 0 0 17 2 0 0 0 0 0 187650665781712 187650665783328 187650665787392 281474344746576 281474344746833 281474344746833 281474344746967 0
THREAD 173 (mosquitto loop) R 138 138 136 52288 138 4194368 2 0 1 0 390 715 0 0 20 0 2 0 559 85700608 1985 18446744073709551615 187650665742336 187650665778108 281474344742272 0 0 0 0 6 0 0 0 0 -1 0 0 0 0 0 0 187650665781712 187650665783328 187650665787392 281474344746576 281474344746833 281474344746833 281474344746967 0
SYSTEM cpu  2387 0 2880 2520 3 0 540 0 0 0
MemFree:          976044 kB
MemAvailable:     946192 kB
SwapFree:              0 kB
METRICS {"enqueued":68291,"dequeued":68291,"current_depth":0,"peak_depth":29,"rejected":0,"processing_latency_ms":0.247644,"published":68310,"publish_failures":0,"command_timeouts":0,"can_errors":0,"telemetry_qos":1,"mqtt_max_inflight":20,"pipeline_metrics_enabled":true,"can_pipeline":{"frames_read":68291,"parsed":68291,"rejected_frames":0,"read_errors":0,"parse":{"count":68291,"mean_us":11.6088,"max_us":2109.41,"p50_upper_us":8,"p95_upper_us":32,"p99_upper_us":256}},"telemetry_enqueued":68291,"telemetry_dequeued":68291,"telemetry_queue_wait":{"count":68291,"mean_us":244.782,"max_us":6501.82,"p50_upper_us":128,"p95_upper_us":1024,"p99_upper_us":4096},"command_queue_wait":{"count":0,"mean_us":0,"max_us":0,"p50_upper_us":0,"p95_upper_us":0,"p99_upper_us":0},"telemetry_worker_before_publish":{"count":68291,"mean_us":37.077,"max_us":5657.9,"p50_upper_us":32,"p95_upper_us":128,"p99_upper_us":512},"mqtt_pipeline":{"publish_calls":68311,"publish_accepted":68311,"publish_api_errors":0,"puback_received":66052,"qos0_local_completed":0,"telemetry_accepted":68291,"telemetry_puback_received":66033,"pending_tracked":2259,"pending_peak":2300,"oldest_pending_us":565000,"tracking_dropped":0,"unmatched_callbacks":0,"tracking_complete":true,"publish_api":{"count":68311,"mean_us":25.6695,"max_us":6220.45,"p50_upper_us":8,"p95_upper_us":128,"p99_upper_us":512},"telemetry_puback":{"count":66033,"mean_us":182440,"max_us":575091,"p50_upper_us":131072,"p95_upper_us":575091,"p99_upper_us":575091}}}
SAMPLE 27.82
PROCESS 160
160 (mqmgateway_iot) S 138 138 136 52288 138 4194304 622 0 15 0 1532 1665 0 0 20 0 6 0 445 383217664 1236 18446744073709551615 187650450833408 187650450932768 281474288686096 0 0 0 0 4 16386 0 0 0 17 3 0 0 0 0 0 187650450938080 187650450939936 187650450944000 281474288688673 281474288688986 281474288688986 281474288689120 0
VmHWM:	    4944 kB
VmRSS:	    4944 kB
Threads:	6
THREAD 160 (mqmgateway_iot) S 138 138 136 52288 138 4194304 165 0 13 0 3 2 0 0 20 0 6 0 445 383217664 1236 18446744073709551615 187650450833408 187650450932768 281474288686096 0 0 0 0 4 16386 1 0 0 17 3 0 0 0 0 0 187650450938080 187650450939936 187650450944000 281474288688673 281474288688986 281474288688986 281474288689120 0
THREAD 162 (mosquitto loop) S 138 138 136 52288 138 4194368 4 0 0 0 478 813 0 0 20 0 6 0 448 383217664 1236 18446744073709551615 187650450833408 187650450932768 281474288686096 0 0 0 0 4 16386 1 0 0 -1 3 0 0 0 0 0 187650450938080 187650450939936 187650450944000 281474288688673 281474288688986 281474288688986 281474288689120 0
THREAD 163 (mqmgateway_iot) R 138 138 136 52288 138 4194368 40 0 0 0 350 505 0 0 20 0 6 0 449 383217664 1236 18446744073709551615 187650450833408 187650450932768 281474288686096 0 0 0 0 4 16386 0 0 0 -1 2 0 0 0 0 0 187650450938080 187650450939936 187650450944000 281474288688673 281474288688986 281474288688986 281474288689120 0
THREAD 164 (mqmgateway_iot) S 138 138 136 52288 138 4194368 211 0 0 0 365 160 0 0 20 0 6 0 449 383217664 1236 18446744073709551615 187650450833408 187650450932768 281474288686096 0 0 0 0 4 16386 1 0 0 -1 1 0 0 0 0 0 187650450938080 187650450939936 187650450944000 281474288688673 281474288688986 281474288688986 281474288689120 0
THREAD 165 (mqmgateway_iot) S 138 138 136 52288 138 4194368 194 0 0 0 362 168 0 0 20 0 6 0 449 383217664 1236 18446744073709551615 187650450833408 187650450932768 281474288686096 0 0 0 0 4 16386 0 0 0 -1 3 0 0 0 0 0 187650450938080 187650450939936 187650450944000 281474288688673 281474288688986 281474288688986 281474288689120 0
THREAD 166 (mqmgateway_iot) S 138 138 136 52288 138 4194368 8 0 2 0 3 5 0 0 20 0 6 0 449 383217664 1236 18446744073709551615 187650450833408 187650450932768 281474288686096 0 0 0 0 4 16386 1 0 0 -1 3 0 0 0 0 0 187650450938080 187650450939936 187650450944000 281474288688673 281474288688986 281474288688986 281474288689120 0
PROCESS 158
158 (mosquitto) R 138 138 136 52288 138 4194560 265 0 0 0 716 1408 0 0 20 0 1 0 342 4313088 592 18446744073709551615 187650512461824 187650512704792 281474304366608 0 0 0 0 4100 18947 0 0 0 17 0 0 0 0 0 0 187650512709888 187650512711848 187650512740352 281474304368394 281474304368478 281474304368478 281474304368612 0
VmHWM:	    2368 kB
VmRSS:	    2368 kB
Threads:	1
THREAD 158 (mosquitto) S 138 138 136 52288 138 4194560 265 0 0 0 717 1410 0 0 20 0 1 0 342 4313088 592 18446744073709551615 187650512461824 187650512704792 281474304366608 0 0 0 18947 4100 18947 1 0 0 17 0 0 0 0 0 0 187650512709888 187650512711848 187650512740352 281474304368394 281474304368478 281474304368478 281474304368612 0
PROCESS 169
169 (mqmgateway_arm6) R 138 138 136 52288 138 4194304 319 0 2 0 794 1575 0 0 20 0 2 0 555 85700608 1985 18446744073709551615 187650665742336 187650665778108 281474344742272 0 0 0 0 6 0 0 0 0 17 2 0 0 0 0 0 187650665781712 187650665783328 187650665787392 281474344746576 281474344746833 281474344746833 281474344746967 0
VmHWM:	    7940 kB
VmRSS:	    7940 kB
Threads:	2
THREAD 169 (mqmgateway_arm6) S 138 138 136 52288 138 4194304 317 0 1 0 269 653 0 0 20 0 2 0 555 85700608 1985 18446744073709551615 187650665742336 187650665778108 281474344742272 0 0 0 0 6 0 1 0 0 17 1 0 0 0 0 0 187650665781712 187650665783328 187650665787392 281474344746576 281474344746833 281474344746833 281474344746967 0
THREAD 173 (mosquitto loop) R 138 138 136 52288 138 4194368 2 0 1 0 507 947 0 0 20 0 2 0 559 85700608 1985 18446744073709551615 187650665742336 187650665778108 281474344742272 0 0 0 0 6 0 0 0 0 -1 1 0 0 0 0 0 187650665781712 187650665783328 187650665787392 281474344746576 281474344746833 281474344746833 281474344746967 0
SYSTEM cpu  3118 0 3760 2736 3 0 731 0 0 0
MemFree:          974484 kB
MemAvailable:     944644 kB
SwapFree:              0 kB
METRICS {"enqueued":88521,"dequeued":88521,"current_depth":0,"peak_depth":29,"rejected":0,"processing_latency_ms":0.246312,"published":88552,"publish_failures":0,"command_timeouts":0,"can_errors":0,"telemetry_qos":1,"mqtt_max_inflight":20,"pipeline_metrics_enabled":true,"can_pipeline":{"frames_read":88527,"parsed":88527,"rejected_frames":0,"read_errors":0,"parse":{"count":88527,"mean_us":11.3117,"max_us":2109.41,"p50_upper_us":8,"p95_upper_us":32,"p99_upper_us":256}},"telemetry_enqueued":88527,"telemetry_dequeued":88527,"telemetry_queue_wait":{"count":88527,"mean_us":243.367,"max_us":6501.82,"p50_upper_us":128,"p95_upper_us":1024,"p99_upper_us":4096},"command_queue_wait":{"count":0,"mean_us":0,"max_us":0,"p50_upper_us":0,"p95_upper_us":0,"p99_upper_us":0},"telemetry_worker_before_publish":{"count":88527,"mean_us":37.4092,"max_us":5657.9,"p50_upper_us":32,"p95_upper_us":128,"p99_upper_us":512},"mqtt_pipeline":{"publish_calls":88552,"publish_accepted":88552,"publish_api_errors":0,"puback_received":84036,"qos0_local_completed":0,"telemetry_accepted":88527,"telemetry_puback_received":84013,"pending_tracked":4025,"pending_peak":4096,"oldest_pending_us":1.04047e+06,"tracking_dropped":491,"unmatched_callbacks":351,"tracking_complete":false,"publish_api":{"count":88552,"mean_us":25.419,"max_us":6220.45,"p50_upper_us":8,"p95_upper_us":128,"p99_upper_us":512},"telemetry_puback":{"count":84013,"mean_us":338177,"max_us":1.11141e+06,"p50_upper_us":262144,"p95_upper_us":1.11141e+06,"p99_upper_us":1.11141e+06}}}
SAMPLE 33.48
PROCESS 160
160 (mqmgateway_iot) S 138 138 136 52288 138 4194304 733 0 15 0 1912 2064 0 0 20 0 6 0 445 383217664 1300 18446744073709551615 187650450833408 187650450932768 281474288686096 0 0 0 0 4 16386 0 0 0 17 0 0 0 0 0 0 187650450938080 187650450939936 187650450944000 281474288688673 281474288688986 281474288688986 281474288689120 0
VmHWM:	    5200 kB
VmRSS:	    5200 kB
Threads:	6
THREAD 160 (mqmgateway_iot) S 138 138 136 52288 138 4194304 165 0 13 0 3 2 0 0 20 0 6 0 445 383217664 1332 18446744073709551615 187650450833408 187650450932768 281474288686096 0 0 0 0 4 16386 1 0 0 17 0 0 0 0 0 0 187650450938080 187650450939936 187650450944000 281474288688673 281474288688986 281474288688986 281474288689120 0
THREAD 162 (mosquitto loop) R 138 138 136 52288 138 4194368 4 0 0 0 602 1007 0 0 20 0 6 0 448 383217664 1332 18446744073709551615 187650450833408 187650450932768 281474288686096 0 0 0 0 4 16386 0 0 0 -1 1 0 0 0 0 0 187650450938080 187650450939936 187650450944000 281474288688673 281474288688986 281474288688986 281474288689120 0
THREAD 163 (mqmgateway_iot) R 138 138 136 52288 138 4194368 51 0 0 0 438 623 0 0 20 0 6 0 449 383217664 1332 18446744073709551615 187650450833408 187650450932768 281474288686096 0 0 0 0 4 16386 1 0 0 -1 0 0 0 0 0 0 187650450938080 187650450939936 187650450944000 281474288688673 281474288688986 281474288688986 281474288689120 0
THREAD 164 (mqmgateway_iot) S 138 138 136 52288 138 4194368 280 0 0 0 448 201 0 0 20 0 6 0 449 383217664 1332 18446744073709551615 187650450833408 187650450932768 281474288686096 0 0 0 0 4 16386 1 0 0 -1 2 0 0 0 0 0 187650450938080 187650450939936 187650450944000 281474288688673 281474288688986 281474288688986 281474288689120 0
THREAD 165 (mqmgateway_iot) S 138 138 136 52288 138 4194368 237 0 0 0 446 208 0 0 20 0 6 0 449 383217664 1332 18446744073709551615 187650450833408 187650450932768 281474288686096 0 0 0 0 4 16386 1 0 0 -1 3 0 0 0 0 0 187650450938080 187650450939936 187650450944000 281474288688673 281474288688986 281474288688986 281474288689120 0
THREAD 166 (mqmgateway_iot) S 138 138 136 52288 138 4194368 8 0 2 0 4 5 0 0 20 0 6 0 449 383217664 1364 18446744073709551615 187650450833408 187650450932768 281474288686096 0 0 0 0 4 16386 1 0 0 -1 3 0 0 0 0 0 187650450938080 187650450939936 187650450944000 281474288688673 281474288688986 281474288688986 281474288689120 0
PROCESS 158
158 (mosquitto) R 138 138 136 52288 138 4194560 265 0 0 0 898 1745 0 0 20 0 1 0 342 4313088 592 18446744073709551615 187650512461824 187650512704792 281474304366608 0 0 0 0 4100 18947 0 0 0 17 0 0 0 0 0 0 187650512709888 187650512711848 187650512740352 281474304368394 281474304368478 281474304368478 281474304368612 0
VmHWM:	    2368 kB
VmRSS:	    2368 kB
Threads:	1
THREAD 158 (mosquitto) R 138 138 136 52288 138 4194560 265 0 0 0 898 1750 0 0 20 0 1 0 342 4313088 592 18446744073709551615 187650512461824 187650512704792 281474304366608 0 0 0 0 4100 18947 0 0 0 17 0 0 0 0 0 0 187650512709888 187650512711848 187650512740352 281474304368394 281474304368478 281474304368478 281474304368612 0
PROCESS 169
169 (mqmgateway_arm6) R 138 138 136 52288 138 4194304 319 0 2 0 1014 1930 0 0 20 0 2 0 555 85700608 1985 18446744073709551615 187650665742336 187650665778108 281474344742272 0 0 0 0 6 0 0 0 0 17 1 0 0 0 0 0 187650665781712 187650665783328 187650665787392 281474344746576 281474344746833 281474344746833 281474344746967 0
VmHWM:	    7940 kB
VmRSS:	    7940 kB
Threads:	2
THREAD 169 (mqmgateway_arm6) S 138 138 136 52288 138 4194304 317 0 1 0 339 807 0 0 20 0 2 0 555 85700608 1985 18446744073709551615 187650665742336 187650665778108 281474344742272 0 0 0 0 6 0 1 0 0 17 1 0 0 0 0 0 187650665781712 187650665783328 187650665787392 281474344746576 281474344746833 281474344746833 281474344746967 0
THREAD 173 (mosquitto loop) R 138 138 136 52288 138 4194368 2 0 1 0 651 1156 0 0 20 0 2 0 559 85700608 1985 18446744073709551615 187650665742336 187650665778108 281474344742272 0 0 0 0 6 0 0 0 0 -1 2 0 0 0 0 0 187650665781712 187650665783328 187650665787392 281474344746576 281474344746833 281474344746833 281474344746967 0
SYSTEM cpu  3861 0 4603 2985 3 0 902 0 0 0
MemFree:          973768 kB
MemAvailable:     943932 kB
SwapFree:              0 kB
METRICS {"enqueued":112774,"dequeued":112770,"current_depth":4,"peak_depth":35,"rejected":0,"processing_latency_ms":0.247053,"published":112801,"publish_failures":0,"command_timeouts":0,"can_errors":0,"telemetry_qos":1,"mqtt_max_inflight":20,"pipeline_metrics_enabled":true,"can_pipeline":{"frames_read":112777,"parsed":112777,"rejected_frames":0,"read_errors":0,"parse":{"count":112777,"mean_us":11.0541,"max_us":2109.41,"p50_upper_us":8,"p95_upper_us":32,"p99_upper_us":256}},"telemetry_enqueued":112777,"telemetry_dequeued":112773,"telemetry_queue_wait":{"count":112773,"mean_us":244.152,"max_us":6601.52,"p50_upper_us":128,"p95_upper_us":1024,"p99_upper_us":4096},"command_queue_wait":{"count":0,"mean_us":0,"max_us":0,"p50_upper_us":0,"p95_upper_us":0,"p99_upper_us":0},"telemetry_worker_before_publish":{"count":112772,"mean_us":37.0569,"max_us":5657.9,"p50_upper_us":32,"p95_upper_us":128,"p99_upper_us":512},"mqtt_pipeline":{"publish_calls":112804,"publish_accepted":112804,"publish_api_errors":0,"puback_received":103389,"qos0_local_completed":0,"telemetry_accepted":112773,"telemetry_puback_received":103360,"pending_tracked":4096,"pending_peak":4096,"oldest_pending_us":1.58738e+06,"tracking_dropped":5319,"unmatched_callbacks":3065,"tracking_complete":false,"publish_api":{"count":112804,"mean_us":25.2082,"max_us":6220.45,"p50_upper_us":8,"p95_upper_us":128,"p99_upper_us":512},"telemetry_puback":{"count":103360,"mean_us":501840,"max_us":1.58382e+06,"p50_upper_us":524288,"p95_upper_us":1.58382e+06,"p99_upper_us":1.58382e+06}}}
SAMPLE 39.12
PROCESS 160
160 (mqmgateway_iot) S 138 138 136 52288 138 4194304 847 0 15 0 2282 2512 0 0 20 0 6 0 445 383217664 1428 18446744073709551615 187650450833408 187650450932768 281474288686096 0 0 0 0 4 16386 0 0 0 17 3 0 0 0 0 0 187650450938080 187650450939936 187650450944000 281474288688673 281474288688986 281474288688986 281474288689120 0
VmHWM:	    5712 kB
VmRSS:	    5712 kB
Threads:	6
THREAD 160 (mqmgateway_iot) S 138 138 136 52288 138 4194304 165 0 13 0 3 2 0 0 20 0 6 0 445 383217664 1428 18446744073709551615 187650450833408 187650450932768 281474288686096 0 0 0 0 4 16386 1 0 0 17 3 0 0 0 0 0 187650450938080 187650450939936 187650450944000 281474288688673 281474288688986 281474288688986 281474288689120 0
THREAD 162 (mosquitto loop) S 138 138 136 52288 138 4194368 4 0 0 0 722 1227 0 0 20 0 6 0 448 383217664 1428 18446744073709551615 187650450833408 187650450932768 281474288686096 0 0 0 0 4 16386 1 0 0 -1 1 0 0 0 0 0 187650450938080 187650450939936 187650450944000 281474288688673 281474288688986 281474288688986 281474288689120 0
THREAD 163 (mqmgateway_iot) S 138 138 136 52288 138 4194368 60 0 0 0 527 753 0 0 20 0 6 0 449 383217664 1428 18446744073709551615 187650450833408 187650450932768 281474288686096 0 0 0 0 4 16386 1 0 0 -1 1 0 0 0 0 0 187650450938080 187650450939936 187650450944000 281474288688673 281474288688986 281474288688986 281474288689120 0
THREAD 164 (mqmgateway_iot) R 138 138 136 52288 138 4194368 305 0 0 0 535 245 0 0 20 0 6 0 449 383217664 1428 18446744073709551615 187650450833408 187650450932768 281474288686096 0 0 0 0 4 16386 0 0 0 -1 3 0 0 0 0 0 187650450938080 187650450939936 187650450944000 281474288688673 281474288688986 281474288688986 281474288689120 0
THREAD 165 (mqmgateway_iot) R 138 138 136 52288 138 4194368 305 0 0 0 528 250 0 0 20 0 6 0 449 383217664 1428 18446744073709551615 187650450833408 187650450932768 281474288686096 0 0 0 0 4 16386 0 0 0 -1 1 0 0 0 0 0 187650450938080 187650450939936 187650450944000 281474288688673 281474288688986 281474288688986 281474288689120 0
THREAD 166 (mqmgateway_iot) S 138 138 136 52288 138 4194368 8 0 2 0 5 6 0 0 20 0 6 0 449 383217664 1428 18446744073709551615 187650450833408 187650450932768 281474288686096 0 0 0 0 4 16386 1 0 0 -1 3 0 0 0 0 0 187650450938080 187650450939936 187650450944000 281474288688673 281474288688986 281474288688986 281474288689120 0
PROCESS 158
158 (mosquitto) R 138 138 136 52288 138 4194560 265 0 0 0 1086 2088 0 0 20 0 1 0 342 4313088 592 18446744073709551615 187650512461824 187650512704792 281474304366608 0 0 0 0 4100 18947 0 0 0 17 2 0 0 0 0 0 187650512709888 187650512711848 187650512740352 281474304368394 281474304368478 281474304368478 281474304368612 0
VmHWM:	    2368 kB
VmRSS:	    2368 kB
Threads:	1
THREAD 158 (mosquitto) R 138 138 136 52288 138 4194560 265 0 0 0 1088 2093 0 0 20 0 1 0 342 4313088 592 18446744073709551615 187650512461824 187650512704792 281474304366608 0 0 0 18947 4100 18947 0 0 0 17 2 0 0 0 0 0 187650512709888 187650512711848 187650512740352 281474304368394 281474304368478 281474304368478 281474304368612 0
PROCESS 169
169 (mqmgateway_arm6) R 138 138 136 52288 138 4194304 319 0 2 0 1214 2322 0 0 20 0 2 0 555 85700608 1985 18446744073709551615 187650665742336 187650665778108 281474344742272 0 0 0 0 6 0 0 0 0 17 0 0 0 0 0 0 187650665781712 187650665783328 187650665787392 281474344746576 281474344746833 281474344746833 281474344746967 0
VmHWM:	    7940 kB
VmRSS:	    7940 kB
Threads:	2
THREAD 169 (mqmgateway_arm6) S 138 138 136 52288 138 4194304 317 0 1 0 402 972 0 0 20 0 2 0 555 85700608 1985 18446744073709551615 187650665742336 187650665778108 281474344742272 0 0 0 0 6 0 1 0 0 17 0 0 0 0 0 0 187650665781712 187650665783328 187650665787392 281474344746576 281474344746833 281474344746833 281474344746967 0
THREAD 173 (mosquitto loop) R 138 138 136 52288 138 4194368 2 0 1 0 779 1393 0 0 20 0 2 0 559 85700608 1985 18446744073709551615 187650665742336 187650665778108 281474344742272 0 0 0 0 6 0 0 0 0 -1 3 0 0 0 0 0 187650665781712 187650665783328 187650665787392 281474344746576 281474344746833 281474344746833 281474344746967 0
SYSTEM cpu  4587 0 5533 3176 3 0 1066 0 0 0
MemFree:          973264 kB
MemAvailable:     943444 kB
SwapFree:              0 kB
METRICS {"enqueued":132985,"dequeued":132985,"current_depth":0,"peak_depth":37,"rejected":0,"processing_latency_ms":0.245531,"published":133021,"publish_failures":0,"command_timeouts":0,"can_errors":0,"telemetry_qos":1,"mqtt_max_inflight":20,"pipeline_metrics_enabled":true,"can_pipeline":{"frames_read":132985,"parsed":132985,"rejected_frames":0,"read_errors":0,"parse":{"count":132985,"mean_us":11.291,"max_us":4672.5,"p50_upper_us":8,"p95_upper_us":32,"p99_upper_us":256}},"telemetry_enqueued":132985,"telemetry_dequeued":132985,"telemetry_queue_wait":{"count":132985,"mean_us":242.67,"max_us":6601.52,"p50_upper_us":128,"p95_upper_us":1024,"p99_upper_us":4096},"command_queue_wait":{"count":0,"mean_us":0,"max_us":0,"p50_upper_us":0,"p95_upper_us":0,"p99_upper_us":0},"telemetry_worker_before_publish":{"count":132985,"mean_us":36.7584,"max_us":5657.9,"p50_upper_us":32,"p95_upper_us":128,"p99_upper_us":512},"mqtt_pipeline":{"publish_calls":133021,"publish_accepted":133021,"publish_api_errors":0,"puback_received":116398,"qos0_local_completed":0,"telemetry_accepted":132985,"telemetry_puback_received":116366,"pending_tracked":4090,"pending_peak":4096,"oldest_pending_us":1.33653e+06,"tracking_dropped":12533,"unmatched_callbacks":11274,"tracking_complete":false,"publish_api":{"count":133021,"mean_us":24.6903,"max_us":6220.45,"p50_upper_us":8,"p95_upper_us":128,"p99_upper_us":512},"telemetry_puback":{"count":116366,"mean_us":623923,"max_us":1.79308e+06,"p50_upper_us":524288,"p95_upper_us":1.79308e+06,"p99_upper_us":1.79308e+06}}}
SAMPLE 44.71
PROCESS 160
160 (mqmgateway_iot) S 138 138 136 52288 138 4194304 848 0 15 0 2650 2940 0 0 20 0 6 0 445 383217664 1428 18446744073709551615 187650450833408 187650450932768 281474288686096 0 0 0 0 4 16386 0 0 0 17 1 0 0 0 0 0 187650450938080 187650450939936 187650450944000 281474288688673 281474288688986 281474288688986 281474288689120 0
VmHWM:	    5712 kB
VmRSS:	    5712 kB
Threads:	6
THREAD 160 (mqmgateway_iot) S 138 138 136 52288 138 4194304 165 0 13 0 3 3 0 0 20 0 6 0 445 383217664 1428 18446744073709551615 187650450833408 187650450932768 281474288686096 0 0 0 0 4 16386 1 0 0 17 1 0 0 0 0 0 187650450938080 187650450939936 187650450944000 281474288688673 281474288688986 281474288688986 281474288689120 0
THREAD 162 (mosquitto loop) R 138 138 136 52288 138 4194368 4 0 0 0 833 1440 0 0 20 0 6 0 448 383217664 1428 18446744073709551615 187650450833408 187650450932768 281474288686096 0 0 0 0 4 16386 0 0 0 -1 0 0 0 0 0 0 187650450938080 187650450939936 187650450944000 281474288688673 281474288688986 281474288688986 281474288689120 0
THREAD 163 (mqmgateway_iot) R 138 138 136 52288 138 4194368 61 0 0 0 607 891 0 0 20 0 6 0 449 383217664 1428 18446744073709551615 187650450833408 187650450932768 281474288686096 0 0 0 0 4 16386 0 0 0 -1 3 0 0 0 0 0 187650450938080 187650450939936 187650450944000 281474288688673 281474288688986 281474288688986 281474288689120 0
THREAD 164 (mqmgateway_iot) R 138 138 136 52288 138 4194368 305 0 0 0 632 277 0 0 20 0 6 0 449 383217664 1428 18446744073709551615 187650450833408 187650450932768 281474288686096 0 0 0 0 4 16386 0 0 0 -1 3 0 0 0 0 0 187650450938080 187650450939936 187650450944000 281474288688673 281474288688986 281474288688986 281474288689120 0
THREAD 165 (mqmgateway_iot) R 138 138 136 52288 138 4194368 305 0 0 0 612 288 0 0 20 0 6 0 449 383217664 1428 18446744073709551615 187650450833408 187650450932768 281474288686096 0 0 0 0 4 16386 0 0 0 -1 3 0 0 0 0 0 187650450938080 187650450939936 187650450944000 281474288688673 281474288688986 281474288688986 281474288689120 0
THREAD 166 (mqmgateway_iot) S 138 138 136 52288 138 4194368 8 0 2 0 6 7 0 0 20 0 6 0 449 383217664 1428 18446744073709551615 187650450833408 187650450932768 281474288686096 0 0 0 0 4 16386 1 0 0 -1 3 0 0 0 0 0 187650450938080 187650450939936 187650450944000 281474288688673 281474288688986 281474288688986 281474288689120 0
PROCESS 158
158 (mosquitto) R 138 138 136 52288 138 4194560 265 0 0 0 1263 2435 0 0 20 0 1 0 342 4313088 592 18446744073709551615 187650512461824 187650512704792 281474304366608 0 0 0 0 4100 18947 0 0 0 17 1 0 0 0 0 0 187650512709888 187650512711848 187650512740352 281474304368394 281474304368478 281474304368478 281474304368612 0
VmHWM:	    2368 kB
VmRSS:	    2368 kB
Threads:	1
THREAD 158 (mosquitto) R 138 138 136 52288 138 4194560 265 0 0 0 1264 2440 0 0 20 0 1 0 342 4313088 592 18446744073709551615 187650512461824 187650512704792 281474304366608 0 0 0 0 4100 18947 0 0 0 17 1 0 0 0 0 0 187650512709888 187650512711848 187650512740352 281474304368394 281474304368478 281474304368478 281474304368612 0
PROCESS 169
169 (mqmgateway_arm6) R 138 138 136 52288 138 4194304 319 0 2 0 1409 2711 0 0 20 0 2 0 555 85700608 1985 18446744073709551615 187650665742336 187650665778108 281474344742272 0 0 0 0 6 0 0 0 0 17 2 0 0 0 0 0 187650665781712 187650665783328 187650665787392 281474344746576 281474344746833 281474344746833 281474344746967 0
VmHWM:	    7940 kB
VmRSS:	    7940 kB
Threads:	2
THREAD 169 (mqmgateway_arm6) S 138 138 136 52288 138 4194304 317 0 1 0 471 1133 0 0 20 0 2 0 555 85700608 1985 18446744073709551615 187650665742336 187650665778108 281474344742272 0 0 0 0 6 0 1 0 0 17 2 0 0 0 0 0 187650665781712 187650665783328 187650665787392 281474344746576 281474344746833 281474344746833 281474344746967 0
THREAD 173 (mosquitto loop) R 138 138 136 52288 138 4194368 2 0 1 0 898 1624 0 0 20 0 2 0 559 85700608 1985 18446744073709551615 187650665742336 187650665778108 281474344742272 0 0 0 0 6 0 0 0 0 -1 2 0 0 0 0 0 187650665781712 187650665783328 187650665787392 281474344746576 281474344746833 281474344746833 281474344746967 0
SYSTEM cpu  5293 0 6442 3396 3 0 1240 0 0 0
MemFree:          973264 kB
MemAvailable:     943448 kB
SwapFree:              0 kB
METRICS {"enqueued":157234,"dequeued":157234,"current_depth":0,"peak_depth":39,"rejected":0,"processing_latency_ms":0.246532,"published":157276,"publish_failures":0,"command_timeouts":0,"can_errors":0,"telemetry_qos":1,"mqtt_max_inflight":20,"pipeline_metrics_enabled":true,"can_pipeline":{"frames_read":157234,"parsed":157234,"rejected_frames":0,"read_errors":0,"parse":{"count":157234,"mean_us":11.1954,"max_us":4672.5,"p50_upper_us":8,"p95_upper_us":32,"p99_upper_us":256}},"telemetry_enqueued":157234,"telemetry_dequeued":157234,"telemetry_queue_wait":{"count":157234,"mean_us":243.702,"max_us":6601.52,"p50_upper_us":128,"p95_upper_us":1024,"p99_upper_us":4096},"command_queue_wait":{"count":0,"mean_us":0,"max_us":0,"p50_upper_us":0,"p95_upper_us":0,"p99_upper_us":0},"telemetry_worker_before_publish":{"count":157234,"mean_us":36.3453,"max_us":5657.9,"p50_upper_us":32,"p95_upper_us":128,"p99_upper_us":512},"mqtt_pipeline":{"publish_calls":157276,"publish_accepted":157276,"publish_api_errors":0,"puback_received":132745,"qos0_local_completed":0,"telemetry_accepted":157234,"telemetry_puback_received":132707,"pending_tracked":4096,"pending_peak":4096,"oldest_pending_us":1.61813e+06,"tracking_dropped":20435,"unmatched_callbacks":18064,"tracking_complete":false,"publish_api":{"count":157276,"mean_us":24.3252,"max_us":6220.45,"p50_upper_us":8,"p95_upper_us":128,"p99_upper_us":512},"telemetry_puback":{"count":132707,"mean_us":732044,"max_us":1.79308e+06,"p50_upper_us":1.04858e+06,"p95_upper_us":1.79308e+06,"p99_upper_us":1.79308e+06}}}
SAMPLE 50.31
PROCESS 160
160 (mqmgateway_iot) S 138 138 136 52288 138 4194304 877 0 15 0 3029 3348 0 0 20 0 6 0 445 383217664 1492 18446744073709551615 187650450833408 187650450932768 281474288686096 0 0 0 0 4 16386 0 0 0 17 3 0 0 0 0 0 187650450938080 187650450939936 187650450944000 281474288688673 281474288688986 281474288688986 281474288689120 0
VmHWM:	    5968 kB
VmRSS:	    5968 kB
Threads:	6
THREAD 160 (mqmgateway_iot) S 138 138 136 52288 138 4194304 165 0 13 0 4 3 0 0 20 0 6 0 445 383217664 1492 18446744073709551615 187650450833408 187650450932768 281474288686096 0 0 0 0 4 16386 1 0 0 17 3 0 0 0 0 0 187650450938080 187650450939936 187650450944000 281474288688673 281474288688986 281474288688986 281474288689120 0
THREAD 162 (mosquitto loop) R 138 138 136 52288 138 4194368 4 0 0 0 958 1642 0 0 20 0 6 0 448 383217664 1492 18446744073709551615 187650450833408 187650450932768 281474288686096 0 0 0 0 4 16386 0 0 0 -1 2 0 0 0 0 0 187650450938080 187650450939936 187650450944000 281474288688673 281474288688986 281474288688986 281474288689120 0
THREAD 163 (mqmgateway_iot) R 138 138 136 52288 138 4194368 64 0 0 0 689 1012 0 0 20 0 6 0 449 383217664 1492 18446744073709551615 187650450833408 187650450932768 281474288686096 0 0 0 0 4 16386 0 0 0 -1 3 0 0 0 0 0 187650450938080 187650450939936 187650450944000 281474288688673 281474288688986 281474288688986 281474288689120 0
THREAD 164 (mqmgateway_iot) R 138 138 136 52288 138 4194368 336 0 0 0 721 314 0 0 20 0 6 0 449 383217664 1492 18446744073709551615 187650450833408 187650450932768 281474288686096 0 0 0 0 4 16386 0 0 0 -1 0 0 0 0 0 0 187650450938080 187650450939936 187650450944000 281474288688673 281474288688986 281474288688986 281474288689120 0
THREAD 165 (mqmgateway_iot) R 138 138 136 52288 138 4194368 305 0 0 0 701 324 0 0 20 0 6 0 449 383217664 1492 18446744073709551615 187650450833408 187650450932768 281474288686096 0 0 0 0 4 16386 0 0 0 -1 3 0 0 0 0 0 187650450938080 187650450939936 187650450944000 281474288688673 281474288688986 281474288688986 281474288689120 0
THREAD 166 (mqmgateway_iot) S 138 138 136 52288 138 4194368 8 0 2 0 6 9 0 0 20 0 6 0 449 383217664 1492 18446744073709551615 187650450833408 187650450932768 281474288686096 0 0 0 0 4 16386 1 0 0 -1 3 0 0 0 0 0 187650450938080 187650450939936 187650450944000 281474288688673 281474288688986 281474288688986 281474288689120 0
PROCESS 158
158 (mosquitto) R 138 138 136 52288 138 4194560 265 0 0 0 1455 2780 0 0 20 0 1 0 342 4313088 592 18446744073709551615 187650512461824 187650512704792 281474304366608 0 0 0 0 4100 18947 0 0 0 17 1 0 0 0 0 0 187650512709888 187650512711848 187650512740352 281474304368394 281474304368478 281474304368478 281474304368612 0
VmHWM:	    2368 kB
VmRSS:	    2368 kB
Threads:	1
THREAD 158 (mosquitto) R 138 138 136 52288 138 4194560 265 0 0 0 1455 2786 0 0 20 0 1 0 342 4313088 592 18446744073709551615 187650512461824 187650512704792 281474304366608 0 0 0 0 4100 18947 0 0 0 17 1 0 0 0 0 0 187650512709888 187650512711848 187650512740352 281474304368394 281474304368478 281474304368478 281474304368612 0
PROCESS 169
169 (mqmgateway_arm6) S 138 138 136 52288 138 4194304 319 0 2 0 1606 3093 0 0 20 0 2 0 555 85700608 1985 18446744073709551615 187650665742336 187650665778108 281474344742272 0 0 0 0 6 0 0 0 0 17 0 0 0 0 0 0 187650665781712 187650665783328 187650665787392 281474344746576 281474344746833 281474344746833 281474344746967 0
VmHWM:	    7940 kB
VmRSS:	    7940 kB
Threads:	2
THREAD 169 (mqmgateway_arm6) R 138 138 136 52288 138 4194304 317 0 1 0 534 1292 0 0 20 0 2 0 555 85700608 1985 18446744073709551615 187650665742336 187650665778108 281474344742272 0 0 0 0 6 0 0 0 0 17 0 0 0 0 0 0 187650665781712 187650665783328 187650665787392 281474344746576 281474344746833 281474344746833 281474344746967 0
THREAD 173 (mosquitto loop) R 138 138 136 52288 138 4194368 2 0 1 0 1026 1854 0 0 20 0 2 0 559 85700608 1985 18446744073709551615 187650665742336 187650665778108 281474344742272 0 0 0 0 6 0 0 0 0 -1 2 0 0 0 0 0 187650665781712 187650665783328 187650665787392 281474344746576 281474344746833 281474344746833 281474344746967 0
SYSTEM cpu  6030 0 7334 3606 3 0 1409 0 0 0
MemFree:          973012 kB
MemAvailable:     943204 kB
SwapFree:              0 kB
METRICS {"enqueued":177425,"dequeued":177423,"current_depth":2,"peak_depth":39,"rejected":0,"processing_latency_ms":0.245885,"published":177474,"publish_failures":0,"command_timeouts":0,"can_errors":0,"telemetry_qos":1,"mqtt_max_inflight":20,"pipeline_metrics_enabled":true,"can_pipeline":{"frames_read":177428,"parsed":177428,"rejected_frames":0,"read_errors":0,"parse":{"count":177428,"mean_us":11.0608,"max_us":4672.5,"p50_upper_us":8,"p95_upper_us":32,"p99_upper_us":256}},"telemetry_enqueued":177428,"telemetry_dequeued":177427,"telemetry_queue_wait":{"count":177427,"mean_us":243.055,"max_us":6601.52,"p50_upper_us":128,"p95_upper_us":1024,"p99_upper_us":4096},"command_queue_wait":{"count":0,"mean_us":0,"max_us":0,"p50_upper_us":0,"p95_upper_us":0,"p99_upper_us":0},"telemetry_worker_before_publish":{"count":177427,"mean_us":36.2935,"max_us":5657.9,"p50_upper_us":32,"p95_upper_us":128,"p99_upper_us":512},"mqtt_pipeline":{"publish_calls":177474,"publish_accepted":177474,"publish_api_errors":0,"puback_received":144977,"qos0_local_completed":0,"telemetry_accepted":177427,"telemetry_puback_received":144936,"pending_tracked":4096,"pending_peak":4096,"oldest_pending_us":1.77758e+06,"tracking_dropped":28401,"unmatched_callbacks":25284,"tracking_complete":false,"publish_api":{"count":177474,"mean_us":24.1612,"max_us":6220.45,"p50_upper_us":8,"p95_upper_us":128,"p99_upper_us":512},"telemetry_puback":{"count":144936,"mean_us":817865,"max_us":1.86176e+06,"p50_upper_us":1.04858e+06,"p95_upper_us":1.86176e+06,"p99_upper_us":1.86176e+06}}}
SAMPLE 55.93
PROCESS 160
160 (mqmgateway_iot) S 138 138 136 52288 138 4194304 917 0 15 0 3423 3772 0 0 20 0 6 0 445 383217664 1524 18446744073709551615 187650450833408 187650450932768 281474288686096 0 0 0 0 4 16386 0 0 0 17 3 0 0 0 0 0 187650450938080 187650450939936 187650450944000 281474288688673 281474288688986 281474288688986 281474288689120 0
VmHWM:	    6096 kB
VmRSS:	    6096 kB
Threads:	6
THREAD 160 (mqmgateway_iot) S 138 138 136 52288 138 4194304 165 0 13 0 4 3 0 0 20 0 6 0 445 383217664 1524 18446744073709551615 187650450833408 187650450932768 281474288686096 0 0 0 0 4 16386 1 0 0 17 3 0 0 0 0 0 187650450938080 187650450939936 187650450944000 281474288688673 281474288688986 281474288688986 281474288689120 0
THREAD 162 (mosquitto loop) R 138 138 136 52288 138 4194368 4 0 0 0 1086 1854 0 0 20 0 6 0 448 383217664 1524 18446744073709551615 187650450833408 187650450932768 281474288686096 0 0 0 0 4 16386 1 0 0 -1 1 0 0 0 0 0 187650450938080 187650450939936 187650450944000 281474288688673 281474288688986 281474288688986 281474288689120 0
THREAD 163 (mqmgateway_iot) S 138 138 136 52288 138 4194368 67 0 0 0 789 1139 0 0 20 0 6 0 449 383217664 1524 18446744073709551615 187650450833408 187650450932768 281474288686096 0 0 0 0 4 16386 1 0 0 -1 2 0 0 0 0 0 187650450938080 187650450939936 187650450944000 281474288688673 281474288688986 281474288688986 281474288689120 0
THREAD 164 (mqmgateway_iot) S 138 138 136 52288 138 4194368 363 0 0 0 805 355 0 0 20 0 6 0 449 383217664 1524 18446744073709551615 187650450833408 187650450932768 281474288686096 0 0 0 0 4 16386 1 0 0 -1 1 0 0 0 0 0 187650450938080 187650450939936 187650450944000 281474288688673 281474288688986 281474288688986 281474288689120 0
THREAD 165 (mqmgateway_iot) R 138 138 136 52288 138 4194368 310 0 0 0 794 362 0 0 20 0 6 0 449 383217664 1524 18446744073709551615 187650450833408 187650450932768 281474288686096 0 0 0 0 4 16386 0 0 0 -1 1 0 0 0 0 0 187650450938080 187650450939936 187650450944000 281474288688673 281474288688986 281474288688986 281474288689120 0
THREAD 166 (mqmgateway_iot) S 138 138 136 52288 138 4194368 8 0 2 0 8 10 0 0 20 0 6 0 449 383217664 1524 18446744073709551615 187650450833408 187650450932768 281474288686096 0 0 0 0 4 16386 1 0 0 -1 2 0 0 0 0 0 187650450938080 187650450939936 187650450944000 281474288688673 281474288688986 281474288688986 281474288689120 0
PROCESS 158
158 (mosquitto) R 138 138 136 52288 138 4194560 265 0 0 0 1626 3144 0 0 20 0 1 0 342 4313088 592 18446744073709551615 187650512461824 187650512704792 281474304366608 0 0 0 0 4100 18947 0 0 0 17 3 0 0 0 0 0 187650512709888 187650512711848 187650512740352 281474304368394 281474304368478 281474304368478 281474304368612 0
VmHWM:	    2368 kB
VmRSS:	    2368 kB
Threads:	1
THREAD 158 (mosquitto) R 138 138 136 52288 138 4194560 265 0 0 0 1628 3151 0 0 20 0 1 0 342 4313088 592 18446744073709551615 187650512461824 187650512704792 281474304366608 0 0 0 0 4100 18947 0 0 0 17 3 0 0 0 0 0 187650512709888 187650512711848 187650512740352 281474304368394 281474304368478 281474304368478 281474304368612 0
PROCESS 169
169 (mqmgateway_arm6) S 138 138 136 52288 138 4194304 319 0 2 0 1805 3490 0 0 20 0 2 0 555 85700608 1985 18446744073709551615 187650665742336 187650665778108 281474344742272 0 0 0 0 6 0 0 0 0 17 0 0 0 0 0 0 187650665781712 187650665783328 187650665787392 281474344746576 281474344746833 281474344746833 281474344746967 0
VmHWM:	    7940 kB
VmRSS:	    7940 kB
Threads:	2
THREAD 169 (mqmgateway_arm6) S 138 138 136 52288 138 4194304 317 0 1 0 605 1450 0 0 20 0 2 0 555 85700608 1985 18446744073709551615 187650665742336 187650665778108 281474344742272 0 0 0 0 6 0 1 0 0 17 3 0 0 0 0 0 187650665781712 187650665783328 187650665787392 281474344746576 281474344746833 281474344746833 281474344746967 0
THREAD 173 (mosquitto loop) R 138 138 136 52288 138 4194368 2 0 1 0 1154 2096 0 0 20 0 2 0 559 85700608 1985 18446744073709551615 187650665742336 187650665778108 281474344742272 0 0 0 0 6 0 0 0 0 -1 2 0 0 0 0 0 187650665781712 187650665783328 187650665787392 281474344746576 281474344746833 281474344746833 281474344746967 0
SYSTEM cpu  6779 0 8285 3795 3 0 1580 0 0 0
MemFree:          972812 kB
MemAvailable:     943004 kB
SwapFree:              0 kB
METRICS {"enqueued":201690,"dequeued":201689,"current_depth":1,"peak_depth":39,"rejected":0,"processing_latency_ms":0.245881,"published":201742,"publish_failures":0,"command_timeouts":0,"can_errors":0,"telemetry_qos":1,"mqtt_max_inflight":20,"pipeline_metrics_enabled":true,"can_pipeline":{"frames_read":201694,"parsed":201694,"rejected_frames":0,"read_errors":0,"parse":{"count":201694,"mean_us":11.1593,"max_us":4672.5,"p50_upper_us":8,"p95_upper_us":32,"p99_upper_us":256}},"telemetry_enqueued":201694,"telemetry_dequeued":201689,"telemetry_queue_wait":{"count":201689,"mean_us":243.053,"max_us":6601.52,"p50_upper_us":128,"p95_upper_us":1024,"p99_upper_us":4096},"command_queue_wait":{"count":0,"mean_us":0,"max_us":0,"p50_upper_us":0,"p95_upper_us":0,"p99_upper_us":0},"telemetry_worker_before_publish":{"count":201689,"mean_us":36.3022,"max_us":5749.73,"p50_upper_us":32,"p95_upper_us":128,"p99_upper_us":512},"mqtt_pipeline":{"publish_calls":201742,"publish_accepted":201742,"publish_api_errors":0,"puback_received":157464,"qos0_local_completed":0,"telemetry_accepted":201689,"telemetry_puback_received":157421,"pending_tracked":4096,"pending_peak":4096,"oldest_pending_us":1.74826e+06,"tracking_dropped":40182,"unmatched_callbacks":37281,"tracking_complete":false,"publish_api":{"count":201742,"mean_us":23.9621,"max_us":6220.45,"p50_upper_us":8,"p95_upper_us":128,"p99_upper_us":512},"telemetry_puback":{"count":157421,"mean_us":901126,"max_us":1.95827e+06,"p50_upper_us":1.04858e+06,"p95_upper_us":1.95827e+06,"p99_upper_us":1.95827e+06}}}
SAMPLE 61.59
PROCESS 160
160 (mqmgateway_iot) S 138 138 136 52288 138 4194304 958 0 15 0 3795 4201 0 0 20 0 6 0 445 383217664 1620 18446744073709551615 187650450833408 187650450932768 281474288686096 0 0 0 0 4 16386 0 0 0 17 3 0 0 0 0 0 187650450938080 187650450939936 187650450944000 281474288688673 281474288688986 281474288688986 281474288689120 0
VmHWM:	    6480 kB
VmRSS:	    6480 kB
Threads:	6
THREAD 160 (mqmgateway_iot) S 138 138 136 52288 138 4194304 165 0 13 0 4 4 0 0 20 0 6 0 445 383217664 1620 18446744073709551615 187650450833408 187650450932768 281474288686096 0 0 0 0 4 16386 1 0 0 17 3 0 0 0 0 0 187650450938080 187650450939936 187650450944000 281474288688673 281474288688986 281474288688986 281474288689120 0
THREAD 162 (mosquitto loop) R 138 138 136 52288 138 4194368 4 0 0 0 1213 2068 0 0 20 0 6 0 448 383217664 1620 18446744073709551615 187650450833408 187650450932768 281474288686096 0 0 0 0 4 16386 0 0 0 -1 2 0 0 0 0 0 187650450938080 187650450939936 187650450944000 281474288688673 281474288688986 281474288688986 281474288689120 0
THREAD 163 (mqmgateway_iot) R 138 138 136 52288 138 4194368 70 0 0 0 876 1264 0 0 20 0 6 0 449 383217664 1620 18446744073709551615 187650450833408 187650450932768 281474288686096 0 0 0 0 4 16386 1 0 0 -1 2 0 0 0 0 0 187650450938080 187650450939936 187650450944000 281474288688673 281474288688986 281474288688986 281474288689120 0
THREAD 164 (mqmgateway_iot) S 138 138 136 52288 138 4194368 363 0 0 0 888 396 0 0 20 0 6 0 449 383217664 1620 18446744073709551615 187650450833408 187650450932768 281474288686096 0 0 0 0 4 16386 1 0 0 -1 3 0 0 0 0 0 187650450938080 187650450939936 187650450944000 281474288688673 281474288688986 281474288688986 281474288689120 0
THREAD 165 (mqmgateway_iot) R 138 138 136 52288 138 4194368 348 0 0 0 874 402 0 0 20 0 6 0 449 383217664 1620 18446744073709551615 187650450833408 187650450932768 281474288686096 0 0 0 0 4 16386 0 0 0 -1 3 0 0 0 0 0 187650450938080 187650450939936 187650450944000 281474288688673 281474288688986 281474288688986 281474288689120 0
THREAD 166 (mqmgateway_iot) S 138 138 136 52288 138 4194368 8 0 2 0 8 11 0 0 20 0 6 0 449 383217664 1620 18446744073709551615 187650450833408 187650450932768 281474288686096 0 0 0 0 4 16386 1 0 0 -1 3 0 0 0 0 0 187650450938080 187650450939936 187650450944000 281474288688673 281474288688986 281474288688986 281474288689120 0
PROCESS 158
158 (mosquitto) R 138 138 136 52288 138 4194560 265 0 0 0 1810 3500 0 0 20 0 1 0 342 4313088 592 18446744073709551615 187650512461824 187650512704792 281474304366608 0 0 0 0 4100 18947 0 0 0 17 0 0 0 0 0 0 187650512709888 187650512711848 187650512740352 281474304368394 281474304368478 281474304368478 281474304368612 0
VmHWM:	    2368 kB
VmRSS:	    2368 kB
Threads:	1
THREAD 158 (mosquitto) R 138 138 136 52288 138 4194560 265 0 0 0 1811 3505 0 0 20 0 1 0 342 4313088 592 18446744073709551615 187650512461824 187650512704792 281474304366608 0 0 0 0 4100 18947 0 0 0 17 0 0 0 0 0 0 187650512709888 187650512711848 187650512740352 281474304368394 281474304368478 281474304368478 281474304368612 0
PROCESS 169
169 (mqmgateway_arm6) R 138 138 136 52288 138 4194304 319 0 2 0 2006 3867 0 0 20 0 2 0 555 85700608 1985 18446744073709551615 187650665742336 187650665778108 281474344742272 0 0 0 0 6 0 0 0 0 17 2 0 0 0 0 0 187650665781712 187650665783328 187650665787392 281474344746576 281474344746833 281474344746833 281474344746967 0
VmHWM:	    7940 kB
VmRSS:	    7940 kB
Threads:	2
THREAD 169 (mqmgateway_arm6) S 138 138 136 52288 138 4194304 317 0 1 0 666 1612 0 0 20 0 2 0 555 85700608 1985 18446744073709551615 187650665742336 187650665778108 281474344742272 0 0 0 0 6 0 1 0 0 17 2 0 0 0 0 0 187650665781712 187650665783328 187650665787392 281474344746576 281474344746833 281474344746833 281474344746967 0
THREAD 173 (mosquitto loop) R 138 138 136 52288 138 4194368 2 0 1 0 1281 2321 0 0 20 0 2 0 559 85700608 1985 18446744073709551615 187650665742336 187650665778108 281474344742272 0 0 0 0 6 0 0 0 0 -1 1 0 0 0 0 0 187650665781712 187650665783328 187650665787392 281474344746576 281474344746833 281474344746833 281474344746967 0
SYSTEM cpu  7508 0 9189 4015 3 0 1751 0 0 0
MemFree:          972324 kB
MemAvailable:     942524 kB
SwapFree:              0 kB
METRICS {"enqueued":225952,"dequeued":225952,"current_depth":0,"peak_depth":39,"rejected":0,"processing_latency_ms":0.246033,"published":226011,"publish_failures":0,"command_timeouts":0,"can_errors":0,"telemetry_qos":1,"mqtt_max_inflight":20,"pipeline_metrics_enabled":true,"can_pipeline":{"frames_read":225952,"parsed":225952,"rejected_frames":0,"read_errors":0,"parse":{"count":225952,"mean_us":11.0471,"max_us":4672.5,"p50_upper_us":8,"p95_upper_us":32,"p99_upper_us":256}},"telemetry_enqueued":225952,"telemetry_dequeued":225952,"telemetry_queue_wait":{"count":225952,"mean_us":243.21,"max_us":6601.52,"p50_upper_us":128,"p95_upper_us":1024,"p99_upper_us":4096},"command_queue_wait":{"count":0,"mean_us":0,"max_us":0,"p50_upper_us":0,"p95_upper_us":0,"p99_upper_us":0},"telemetry_worker_before_publish":{"count":225952,"mean_us":36.1239,"max_us":5749.73,"p50_upper_us":32,"p95_upper_us":128,"p99_upper_us":512},"mqtt_pipeline":{"publish_calls":226011,"publish_accepted":226011,"publish_api_errors":0,"puback_received":169889,"qos0_local_completed":0,"telemetry_accepted":225952,"telemetry_puback_received":169842,"pending_tracked":4094,"pending_peak":4096,"oldest_pending_us":2.0062e+06,"tracking_dropped":52028,"unmatched_callbacks":48094,"tracking_complete":false,"publish_api":{"count":226011,"mean_us":23.806,"max_us":6220.45,"p50_upper_us":8,"p95_upper_us":128,"p99_upper_us":512},"telemetry_puback":{"count":169842,"mean_us":978212,"max_us":2.07281e+06,"p50_upper_us":2.07281e+06,"p95_upper_us":2.07281e+06,"p99_upper_us":2.07281e+06}}}
SAMPLE 67.22
PROCESS 160
160 (mqmgateway_iot) S 138 138 136 52288 138 4194304 969 0 15 0 4094 4559 0 0 20 0 6 0 445 383217664 1620 18446744073709551615 187650450833408 187650450932768 281474288686096 0 0 0 0 4 16386 0 0 0 17 3 0 0 0 0 0 187650450938080 187650450939936 187650450944000 281474288688673 281474288688986 281474288688986 281474288689120 0
VmHWM:	    6480 kB
VmRSS:	    6480 kB
Threads:	6
THREAD 160 (mqmgateway_iot) S 138 138 136 52288 138 4194304 165 0 13 0 4 4 0 0 20 0 6 0 445 383217664 1620 18446744073709551615 187650450833408 187650450932768 281474288686096 0 0 0 0 4 16386 1 0 0 17 3 0 0 0 0 0 187650450938080 187650450939936 187650450944000 281474288688673 281474288688986 281474288688986 281474288689120 0
THREAD 162 (mosquitto loop) R 138 138 136 52288 138 4194368 4 0 0 0 1333 2274 0 0 20 0 6 0 448 383217664 1620 18446744073709551615 187650450833408 187650450932768 281474288686096 0 0 0 0 4 16386 0 0 0 -1 1 0 0 0 0 0 187650450938080 187650450939936 187650450944000 281474288688673 281474288688986 281474288688986 281474288689120 0
THREAD 163 (mqmgateway_iot) S 138 138 136 52288 138 4194368 72 0 0 0 936 1356 0 0 20 0 6 0 449 383217664 1620 18446744073709551615 187650450833408 187650450932768 281474288686096 0 0 0 0 4 16386 1 0 0 -1 3 0 0 0 0 0 187650450938080 187650450939936 187650450944000 281474288688673 281474288688986 281474288688986 281474288689120 0
THREAD 164 (mqmgateway_iot) S 138 138 136 52288 138 4194368 372 0 0 0 951 415 0 0 20 0 6 0 449 383217664 1620 18446744073709551615 187650450833408 187650450932768 281474288686096 0 0 0 0 4 16386 1 0 0 -1 2 0 0 0 0 0 187650450938080 187650450939936 187650450944000 281474288688673 281474288688986 281474288688986 281474288689120 0
THREAD 165 (mqmgateway_iot) S 138 138 136 52288 138 4194368 348 0 0 0 930 428 0 0 20 0 6 0 449 383217664 1620 18446744073709551615 187650450833408 187650450932768 281474288686096 0 0 0 0 4 16386 1 0 0 -1 1 0 0 0 0 0 187650450938080 187650450939936 187650450944000 281474288688673 281474288688986 281474288688986 281474288689120 0
THREAD 166 (mqmgateway_iot) S 138 138 136 52288 138 4194368 8 0 2 0 8 13 0 0 20 0 6 0 449 383217664 1620 18446744073709551615 187650450833408 187650450932768 281474288686096 0 0 0 0 4 16386 1 0 0 -1 2 0 0 0 0 0 187650450938080 187650450939936 187650450944000 281474288688673 281474288688986 281474288688986 281474288689120 0
PROCESS 158
158 (mosquitto) R 138 138 136 52288 138 4194560 265 0 0 0 1986 3856 0 0 20 0 1 0 342 4313088 592 18446744073709551615 187650512461824 187650512704792 281474304366608 0 0 0 0 4100 18947 0 0 0 17 0 0 0 0 0 0 187650512709888 187650512711848 187650512740352 281474304368394 281474304368478 281474304368478 281474304368612 0
VmHWM:	    2368 kB
VmRSS:	    2368 kB
Threads:	1
THREAD 158 (mosquitto) R 138 138 136 52288 138 4194560 265 0 0 0 1987 3859 0 0 20 0 1 0 342 4313088 592 18446744073709551615 187650512461824 187650512704792 281474304366608 0 0 0 0 4100 18947 0 0 0 17 0 0 0 0 0 0 187650512709888 187650512711848 187650512740352 281474304368394 281474304368478 281474304368478 281474304368612 0
PROCESS 169
169 (mqmgateway_arm6) S 138 138 136 52288 138 4194304 319 0 2 0 2180 4170 0 0 20 0 2 0 555 85700608 1985 18446744073709551615 187650665742336 187650665778108 281474344742272 0 0 0 0 6 0 0 0 0 17 3 0 0 0 0 0 187650665781712 187650665783328 187650665787392 281474344746576 281474344746833 281474344746833 281474344746967 0
VmHWM:	    7940 kB
VmRSS:	    7940 kB
Threads:	2
THREAD 169 (mqmgateway_arm6) S 138 138 136 52288 138 4194304 317 0 1 0 710 1718 0 0 20 0 2 0 555 85700608 1985 18446744073709551615 187650665742336 187650665778108 281474344742272 0 0 0 0 6 0 1 0 0 17 3 0 0 0 0 0 187650665781712 187650665783328 187650665787392 281474344746576 281474344746833 281474344746833 281474344746967 0
THREAD 173 (mosquitto loop) R 138 138 136 52288 138 4194368 2 0 1 0 1404 2520 0 0 20 0 2 0 559 85700608 1985 18446744073709551615 187650665742336 187650665778108 281474344742272 0 0 0 0 6 0 0 0 0 -1 3 0 0 0 0 0 187650665781712 187650665783328 187650665787392 281474344746576 281474344746833 281474344746833 281474344746967 0
SYSTEM cpu  8089 0 9940 4441 3 0 1905 0 0 0
MemFree:          972100 kB
MemAvailable:     942304 kB
SwapFree:              0 kB
METRICS {"enqueued":240000,"dequeued":240000,"current_depth":0,"peak_depth":39,"rejected":0,"processing_latency_ms":0.244278,"published":240064,"publish_failures":0,"command_timeouts":0,"can_errors":0,"telemetry_qos":1,"mqtt_max_inflight":20,"pipeline_metrics_enabled":true,"can_pipeline":{"frames_read":240000,"parsed":240000,"rejected_frames":0,"read_errors":0,"parse":{"count":240000,"mean_us":11.1393,"max_us":4672.5,"p50_upper_us":8,"p95_upper_us":32,"p99_upper_us":256}},"telemetry_enqueued":240000,"telemetry_dequeued":240000,"telemetry_queue_wait":{"count":240000,"mean_us":241.472,"max_us":6601.52,"p50_upper_us":128,"p95_upper_us":1024,"p99_upper_us":4096},"command_queue_wait":{"count":0,"mean_us":0,"max_us":0,"p50_upper_us":0,"p95_upper_us":0,"p99_upper_us":0},"telemetry_worker_before_publish":{"count":240000,"mean_us":35.9649,"max_us":5749.73,"p50_upper_us":32,"p95_upper_us":128,"p99_upper_us":512},"mqtt_pipeline":{"publish_calls":240064,"publish_accepted":240064,"publish_api_errors":0,"puback_received":179299,"qos0_local_completed":0,"telemetry_accepted":240000,"telemetry_puback_received":179248,"pending_tracked":2407,"pending_peak":4096,"oldest_pending_us":2.18911e+06,"tracking_dropped":58358,"unmatched_callbacks":58157,"tracking_complete":false,"publish_api":{"count":240064,"mean_us":23.5972,"max_us":6220.45,"p50_upper_us":8,"p95_upper_us":128,"p99_upper_us":512},"telemetry_puback":{"count":179248,"mean_us":1.0333e+06,"max_us":2.18954e+06,"p50_upper_us":2.09715e+06,"p95_upper_us":2.09715e+06,"p99_upper_us":2.09715e+06}}}
